"Peptide","-10LgP","Mass","Tag Length","CAA (%)","Length","ppm","m/z","z","RT","Delta RT","MS2 Correlation","Scan","Source File","Area GEL_CRC_324","Intensity GEL_CRC_324","#Spec","#Spec GEL_CRC_324","#Feature","#Feature GEL_CRC_324","PTM","AScore","Positional Confidence","tag(>=0.0%)","Accession","Found By"
A(+42.01)AAARAAVATT,44.99,1014.5458,11,54.5,11,1.8,508.28107,2,31.2317,-9.7683,0.71,11835,HFX193_IPP292_GEL_CRC_324_Odd.raw,2.6E6,1.96E7,1,1,1,1,"Acetylation (N-term)",,0 0 23 0 0 0 15 92 60 26 5,A(+42.01)AAARAAVATT,sp|P15880|RS2_HUMAN:sp|A7KAX9|RHG32_HUMAN:sp|P63151|2ABA_HUMAN:sp|Q9UQ35|SRRM2_HUMAN:sp|Q9UKM7|MA1B1_HUMAN:sp|Q86TW2|ADCK1_HUMAN:sp|Q9Y3T9|NOC2L_HUMAN:sp|Q14160|SCRIB_HUMAN:sp|Q9NZM4|BICRA_HUMAN:sp|P55197|AF10_HUMAN,DeepNovo
A(+42.01)ADALG,11.07,558.2649,6,0.0,6,0.6,559.27252,1,99.8874,37.7874,0.29,36640,HFX193_IPP292_GEL_CRC_324_Even.raw,3.28E4,3.66E4,2,2,1,1,"Acetylation (N-term)",,0 0 0 0 0 0,A(+42.01)ADALG,sp|Q92616|GCN1_HUMAN:sp|P51826|AFF3_HUMAN:sp|P62753|RS6_HUMAN,DB Search
A(+42.01)ADDKPVHL,42.39,1006.5083,9,33.3,9,1.6,504.26227,2,36.8946,-3.1054,0.59,14103,HFX193_IPP292_GEL_CRC_324_Even.raw,1.13E7,6.41E7,2,2,2,2,"Acetylation (N-term)",,0 0 0 0 8 1 1 5 5,A(+42.01)ADDKPVHL,sp|Q9BYH8|IKBZ_HUMAN:sp|O00212|RHOD_HUMAN:sp|Q8NI38|IKBD_HUMAN:sp|Q96RW7|HMCN1_HUMAN:sp|P39023|RL3_HUMAN:sp|Q9NYN1|RASLC_HUMAN:sp|Q6IF63|O52W1_HUMAN:sp|Q96J88|ESIP1_HUMAN:sp|Q6ZVD8|PHLP2_HUMAN:sp|Q92901|RL3L_HUMAN:sp|P16615|AT2A2_HUMAN:sp|O60673|REV3L_HUMAN:sp|Q8N807|PDILT_HUMAN:sp|Q14432|PDE3A_HUMAN:sp|Q2M3T9|HYAL4_HUMAN:sp|Q13322|GRB10_HUMAN:sp|Q8NH94|OR1L1_HUMAN:sp|Q96MT3|PRIC1_HUMAN:sp|Q6URK8|TEPP_HUMAN:sp|P04180|LCAT_HUMAN:sp|P15822|ZEP1_HUMAN:sp|Q15910|EZH2_HUMAN:sp|Q13588|GRAP_HUMAN:sp|Q15005|SPCS2_HUMAN:sp|Q03001|DYST_HUMAN:sp|O15021|MAST4_HUMAN:sp|Q9UPN3|MACF1_HUMAN:sp|Q8IZT6|ASPM_HUMAN:sp|Q9UPX8|SHAN2_HUMAN,DeepNovo
A(+42.01)AGVEAAAEVAATEIK,91.12,1541.7937,16,87.5,16,-1.5,771.90295,2,78.8916,-58.2084,0.74,30884,HFX193_IPP292_GEL_CRC_324_Even.raw,2.5E5,5.71E6,1,1,1,1,"Acetylation (N-term)",,0 0 19 44 32 32 36 19 16 16 16 15 5 5 8 5,A(+42.01)AGVEAAAEVAATEIK,sp|P52272|HNRPM_HUMAN,DB Search
A(+42.01)AKGLPGA,26.62,725.4072,8,50.0,8,0.5,363.71103,2,29.1199,-11.3801,0.06,10991,HFX193_IPP292_GEL_CRC_324_Odd.raw,5.46E5,3.09E6,1,1,1,1,"Acetylation (N-term)",,0 0 5 3 2 6 0 0,A(+42.01)AKGLPGA,sp|Q9BTW9|TBCD_HUMAN:sp|Q8IVL1|NAV2_HUMAN:sp|A6NHY2|AKD1B_HUMAN:sp|P10746|HEM4_HUMAN:sp|Q92616|GCN1_HUMAN:sp|B2RXF5|ZBT42_HUMAN:sp|A6NM10|AQ12B_HUMAN:sp|Q9NX02|NALP2_HUMAN:sp|P15428|PGDH_HUMAN:sp|P23786|CPT2_HUMAN:sp|Q86XP3|DDX42_HUMAN:sp|P58499|FAM3B_HUMAN:sp|O00330|ODPX_HUMAN:sp|Q9BTT6|LRRC1_HUMAN:sp|Q8WX94|NALP7_HUMAN:sp|Q8N5G2|MACOI_HUMAN:sp|P12259|FA5_HUMAN:sp|Q9Y2E6|DTX4_HUMAN:sp|Q5SXM2|SNPC4_HUMAN:sp|O43676|NDUB3_HUMAN:sp|Q96GY0|ZC21A_HUMAN:sp|Q9NRZ7|PLCC_HUMAN:sp|Q9Y3M8|STA13_HUMAN:sp|Q8N7X0|ADGB_HUMAN:sp|P40306|PSB10_HUMAN:sp|Q9HC10|OTOF_HUMAN:sp|Q96SI1|KCD15_HUMAN:sp|Q9NYQ8|FAT2_HUMAN:sp|Q99697|PITX2_HUMAN:sp|Q6NW34|NEPRO_HUMAN:sp|Q86W24|NAL14_HUMAN:sp|Q8N9M1|CS047_HUMAN:sp|Q6V0I7|FAT4_HUMAN:sp|Q13472|TOP3A_HUMAN:sp|Q8N8M0|NAT16_HUMAN:sp|Q8N2R0|OSR2_HUMAN:sp|Q8N944|AMER3_HUMAN:sp|Q6PCB5|RSBNL_HUMAN:sp|O75594|PGRP1_HUMAN:sp|Q8IXF9|AQ12A_HUMAN:sp|Q9NSD5|S6A13_HUMAN:sp|Q9BUT1|DHRS6_HUMAN:sp|Q9Y6U7|RN215_HUMAN:sp|P78549|NTH_HUMAN:sp|Q9Y5Y9|SCNAA_HUMAN:sp|Q14916|NPT1_HUMAN:sp|Q96AX1|VP33A_HUMAN:sp|Q9Y490|TLN1_HUMAN:sp|Q08174|PCDH1_HUMAN:sp|Q14435|GALT3_HUMAN:sp|Q6ZRN7|YP029_HUMAN:sp|P04626|ERBB2_HUMAN:sp|O15119|TBX3_HUMAN:sp|D6RIA3|CD054_HUMAN:sp|P54886|P5CS_HUMAN:sp|Q8NE18|NSUN7_HUMAN:sp|O00562|PITM1_HUMAN:sp|Q9UPN3|MACF1_HUMAN,DeepNovo
A(+42.01)AKKKFKF,34.12,1008.6120,8,62.5,8,0.9,505.31372,2,26.7449,12.6449,0.25,10022,HFX193_IPP292_GEL_CRC_324_Odd.raw,2.81E5,3.19E6,1,1,1,1,"Acetylation (N-term)",,0 0 11 4 2 1 5 5,A(+42.01)AKKKFKF,sp|Q13772|NCOA4_HUMAN:sp|Q9NPD5|SO1B3_HUMAN:sp|Q8IXK0|PHC2_HUMAN:sp|P03999|OPSB_HUMAN:sp|Q8N5H7|SH2D3_HUMAN:sp|Q14161|GIT2_HUMAN:sp|Q93088|BHMT1_HUMAN:sp|Q9BZK7|TBL1R_HUMAN:sp|Q96G25|MED8_HUMAN:sp|P16401|H15_HUMAN:sp|O94804|STK10_HUMAN:sp|P51828|ADCY7_HUMAN:sp|P54136|SYRC_HUMAN:sp|A2PYH4|HFM1_HUMAN:sp|H0YKK7|GG6LS_HUMAN:sp|P10412|H14_HUMAN:sp|Q96MN2|NALP4_HUMAN:sp|P52926|HMGA2_HUMAN:sp|Q9BQG0|MBB1A_HUMAN:sp|Q641Q2|WAC2A_HUMAN:sp|P15407|FOSL1_HUMAN:sp|Q14D04|MELT_HUMAN:sp|Q6PL18|ATAD2_HUMAN:sp|Q9HAU5|RENT2_HUMAN:sp|Q96QH2|PRAM_HUMAN:sp|Q96ST3|SIN3A_HUMAN:sp|Q15527|SURF2_HUMAN:sp|Q13950|RUNX2_HUMAN:sp|O75419|CDC45_HUMAN:sp|P78312|F193A_HUMAN:sp|Q5VVP1|S31A6_HUMAN:sp|Q76L83|ASXL2_HUMAN:sp|A6NI86|GG6LA_HUMAN:sp|Q96PD7|DGAT2_HUMAN:sp|Q6UX04|CWC27_HUMAN:sp|Q8NC06|ACBD4_HUMAN:sp|A6NCC3|GOG8O_HUMAN:sp|Q13201|MMRN1_HUMAN:sp|Q9NYA3|GOG6A_HUMAN:sp|I6L899|GOG8R_HUMAN:sp|Q9H0G5|NSRP1_HUMAN:sp|Q15154|PCM1_HUMAN:sp|O43525|KCNQ3_HUMAN:sp|Q9UKA4|AKA11_HUMAN:sp|P23497|SP100_HUMAN:sp|Q6NT04|TIGD7_HUMAN:sp|Q01433|AMPD2_HUMAN:sp|Q86U86|PB1_HUMAN:sp|Q9H2P0|ADNP_HUMAN:sp|B2RPK0|HGB1A_HUMAN:sp|Q8TEP8|CE192_HUMAN:sp|Q14257|RCN2_HUMAN:sp|Q8N9W4|GG6L2_HUMAN:sp|Q99958|FOXC2_HUMAN:sp|O75949|NALF2_HUMAN:sp|Q9BY07|S4A5_HUMAN:sp|Q9BSV6|SEN34_HUMAN:sp|Q9Y4E1|WAC2C_HUMAN:sp|Q9C091|GRB1L_HUMAN:sp|Q14028|CNGB1_HUMAN:sp|D6RF30|GOG8K_HUMAN:sp|Q96JE9|MAP6_HUMAN:sp|Q5T5S1|CC183_HUMAN:sp|P20700|LMNB1_HUMAN:sp|A6NMD2|GOG8J_HUMAN:sp|Q5VTL8|PR38B_HUMAN:sp|O43395|PRPF3_HUMAN:sp|Q08379|GOGA2_HUMAN:sp|Q6V1P9|PCD23_HUMAN:sp|Q8NDV7|TNR6A_HUMAN:sp|Q5T5P2|SKT_HUMAN:sp|O15371|EIF3D_HUMAN:sp|Q15431|SYCP1_HUMAN:sp|P07196|NFL_HUMAN:sp|Q9NP64|ZCC17_HUMAN:sp|Q9Y2X7|GIT1_HUMAN:sp|P35243|RECO_HUMAN:sp|O00116|ADAS_HUMAN:sp|P82914|RT15_HUMAN:sp|Q5T8I3|EEIG2_HUMAN:sp|Q9H3J6|MTRFR_HUMAN:sp|Q9Y6Y1|CMTA1_HUMAN:sp|O14775|GNB5_HUMAN:sp|P35580|MYH10_HUMAN:sp|Q14692|BMS1_HUMAN:sp|P51787|KCNQ1_HUMAN:sp|O95625|ZBT11_HUMAN:sp|P46199|IF2M_HUMAN:sp|P09327|VILI_HUMAN:sp|Q9H0M4|ZCPW1_HUMAN:sp|Q13435|SF3B2_HUMAN:sp|A6NC78|GOG8I_HUMAN:sp|Q86WJ1|CHD1L_HUMAN:sp|P55197|AF10_HUMAN:sp|Q9BRZ2|TRI56_HUMAN:sp|Q9P031|TAP26_HUMAN:sp|Q7Z3U7|MON2_HUMAN:sp|Q8TET4|GANC_HUMAN:sp|Q92585|MAML1_HUMAN:sp|Q13133|NR1H3_HUMAN:sp|Q86X02|CDR2L_HUMAN:sp|Q9NQW8|CNGB3_HUMAN:sp|O60282|KIF5C_HUMAN:sp|Q8TEC5|SH3R2_HUMAN:sp|Q8TB72|PUM2_HUMAN:sp|Q9BQ87|TBL1Y_HUMAN:sp|P35749|MYH11_HUMAN:sp|P52746|ZN142_HUMAN:sp|Q9NR48|ASH1L_HUMAN:sp|O15117|FYB1_HUMAN:sp|Q9H9Y2|RPF1_HUMAN:sp|Q9UHD1|CHRD1_HUMAN:sp|O95619|YETS4_HUMAN:sp|Q9BYK8|HELZ2_HUMAN:sp|Q6T423|S22AP_HUMAN:sp|Q96IK1|BOD1_HUMAN:sp|Q96M89|CC138_HUMAN:sp|Q7Z628|ARHG8_HUMAN:sp|Q14831|GRM7_HUMAN:sp|Q8IZT6|ASPM_HUMAN,DeepNovo
A(+42.01)AKKSTVL,32.95,858.5175,8,50.0,8,0.9,430.26639,2,27.0543,10.1543,0.51,10125,HFX193_IPP292_GEL_CRC_324_Odd.raw,1.52E6,1.17E7,1,1,1,1,"Acetylation (N-term)",,0 0 3 0 0 2 7 5,A(+42.01)AKKSTVL,,DeepNovo
A(+42.01)AKM(+15.99)ASDPSKPVHL,69.83,1508.7656,14,35.7,14,1.2,503.92978,3,36.9142,7.6142,0.17,14143,HFX193_IPP292_GEL_CRC_324_Even.raw,,,1,1,0,0,"Acetylation (N-term);Oxidation (M)",,0 0 4 0 0 0 9 14 5 5 0 0 1 1,A(+42.01)AKM(+15.99)ASDPSKPVHL,sp|Q9BYH8|IKBZ_HUMAN:sp|Q9Y6N7|ROBO1_HUMAN:sp|Q7Z304|MAMC2_HUMAN:sp|Q6IF63|O52W1_HUMAN:sp|Q9UQR1|ZN148_HUMAN:sp|Q96EU7|C1GLC_HUMAN:sp|Q6J9G0|STYK1_HUMAN:sp|Q92901|RL3L_HUMAN:sp|Q0JRZ9|FCHO2_HUMAN:sp|Q9Y657|SPIN1_HUMAN:sp|Q96JN0|LCOR_HUMAN:sp|Q9Y6J0|CABIN_HUMAN:sp|O43432|IF4G3_HUMAN:sp|Q16394|EXT1_HUMAN:sp|P02730|B3AT_HUMAN:sp|Q14119|VEZF1_HUMAN:sp|P22897|MRC1_HUMAN:sp|Q9H4I2|ZHX3_HUMAN:sp|Q13322|GRB10_HUMAN:sp|Q8WYA1|BMAL2_HUMAN:sp|Q8NI35|INADL_HUMAN:sp|Q86WP2|GPBP1_HUMAN:sp|Q8WTR8|NET5_HUMAN:sp|Q92754|AP2C_HUMAN:sp|O14526|FCHO1_HUMAN:sp|O15021|MAST4_HUMAN:sp|Q8WWM7|ATX2L_HUMAN:sp|P39023|RL3_HUMAN:sp|Q9NYN1|RASLC_HUMAN:sp|O75175|CNOT3_HUMAN:sp|Q8N1W1|ARG28_HUMAN:sp|Q8IVL0|NAV3_HUMAN:sp|Q9P1Y6|PHRF1_HUMAN:sp|Q2VYF4|LETM2_HUMAN:sp|Q9NXR8|ING3_HUMAN:sp|Q8N7Z5|ANR31_HUMAN:sp|Q8N807|PDILT_HUMAN:sp|P16278|BGAL_HUMAN:sp|Q92793|CBP_HUMAN:sp|Q96QZ7|MAGI1_HUMAN:sp|Q9UJ99|CAD22_HUMAN:sp|Q8NHS4|CLHC1_HUMAN:sp|Q96FZ2|HMCES_HUMAN:sp|Q9Y4K1|CRBG1_HUMAN:sp|Q9P015|RM15_HUMAN:sp|O60927|PP1RB_HUMAN:sp|Q5VST9|OBSCN_HUMAN:sp|Q07157|ZO1_HUMAN:sp|O60477|BRNP1_HUMAN:sp|Q8N9T8|KRI1_HUMAN:sp|Q15910|EZH2_HUMAN:sp|Q9HC84|MUC5B_HUMAN:sp|P13942|COBA2_HUMAN:sp|Q9NZM3|ITSN2_HUMAN:sp|Q9H853|TBA4B_HUMAN:sp|O00212|RHOD_HUMAN:sp|Q8NI38|IKBD_HUMAN:sp|Q96KQ4|ASPP1_HUMAN:sp|Q8IZX4|TAF1L_HUMAN:sp|Q96J88|ESIP1_HUMAN:sp|Q02817|MUC2_HUMAN:sp|Q96SW2|CRBN_HUMAN:sp|Q8WZ42|TITIN_HUMAN:sp|Q2M3T9|HYAL4_HUMAN:sp|Q5BVD1|TTMP_HUMAN:sp|O14686|KMT2D_HUMAN:sp|Q15459|SF3A1_HUMAN:sp|P08493|MGP_HUMAN:sp|Q6Q759|SPG17_HUMAN:sp|Q14686|NCOA6_HUMAN:sp|Q8TDZ2|MICA1_HUMAN:sp|Q6URK8|TEPP_HUMAN:sp|P04180|LCAT_HUMAN:sp|O15027|SC16A_HUMAN:sp|Q9Y5X4|NR2E3_HUMAN:sp|P15822|ZEP1_HUMAN:sp|Q9BY32|ITPA_HUMAN:sp|B3KS81|SRRM5_HUMAN:sp|Q13588|GRAP_HUMAN:sp|Q53RE8|ANR39_HUMAN:sp|Q86VE3|SATL1_HUMAN:sp|Q9UPX8|SHAN2_HUMAN:sp|O95450|ATS2_HUMAN:sp|Q6NW34|NEPRO_HUMAN:sp|Q9NZP8|C1RL_HUMAN:sp|P16452|EPB42_HUMAN:sp|Q15113|PCOC1_HUMAN:sp|Q92889|XPF_HUMAN:sp|Q9NZU5|LMCD1_HUMAN:sp|Q9H7T0|CTSRB_HUMAN:sp|Q13501|SQSTM_HUMAN:sp|Q9UGI6|KCNN3_HUMAN:sp|P14061|DHB1_HUMAN:sp|Q9H270|VPS11_HUMAN:sp|Q9P267|MBD5_HUMAN:sp|Q9C0J9|BHE41_HUMAN:sp|Q96MS0|ROBO3_HUMAN:sp|Q14696|MESD_HUMAN:sp|Q15569|TESK1_HUMAN:sp|Q96EP5|DAZP1_HUMAN:sp|Q96MT3|PRIC1_HUMAN:sp|Q9NP85|PODO_HUMAN:sp|Q9NYV4|CDK12_HUMAN:sp|Q9UK59|DBR1_HUMAN:sp|Q96NU1|SAM11_HUMAN:sp|Q9UQM7|KCC2A_HUMAN:sp|Q09472|EP300_HUMAN:sp|Q9H6I2|SOX17_HUMAN:sp|Q5SNT2|TM201_HUMAN:sp|Q96PZ7|CSMD1_HUMAN:sp|Q8TDW7|FAT3_HUMAN:sp|Q7Z2Z1|TICRR_HUMAN:sp|Q9HAQ2|KIF9_HUMAN:sp|Q8WUF5|IASPP_HUMAN:sp|Q8IZT6|ASPM_HUMAN:sp|P0DPA2|VSIG8_HUMAN,DeepNovo
A(+42.01)AKPVHL,45.79,776.4545,7,42.9,7,0.3,389.23462,2,29.2233,-5.0767,0.56,11023,HFX193_IPP292_GEL_CRC_324_Odd.raw,3.3E6,2.08E7,2,2,2,2,"Acetylation (N-term)",,0 0 5 1 1 6 5,A(+42.01)AKPVHL,sp|Q8IVL1|NAV2_HUMAN:sp|Q15784|NDF2_HUMAN:sp|Q9BYH8|IKBZ_HUMAN:sp|O00212|RHOD_HUMAN:sp|Q8NI38|IKBD_HUMAN:sp|Q6IF63|O52W1_HUMAN:sp|Q9UQR1|ZN148_HUMAN:sp|Q6P1J9|CDC73_HUMAN:sp|Q9BZR9|TRIM8_HUMAN:sp|Q96J88|ESIP1_HUMAN:sp|Q7Z601|GP142_HUMAN:sp|Q92901|RL3L_HUMAN:sp|E7ERA6|RN223_HUMAN:sp|Q8N4N3|KLH36_HUMAN:sp|Q2M3T9|HYAL4_HUMAN:sp|Q13322|GRB10_HUMAN:sp|Q9UPZ9|CILK1_HUMAN:sp|Q969N2|PIGT_HUMAN:sp|Q6URK8|TEPP_HUMAN:sp|Q96L91|EP400_HUMAN:sp|Q3MIW9|MUCL3_HUMAN:sp|P04180|LCAT_HUMAN:sp|Q9UIH9|KLF15_HUMAN:sp|P15822|ZEP1_HUMAN:sp|Q13588|GRAP_HUMAN:sp|P49790|NU153_HUMAN:sp|O15021|MAST4_HUMAN:sp|Q9UPX8|SHAN2_HUMAN:sp|P05412|JUN_HUMAN:sp|P39023|RL3_HUMAN:sp|Q9NYN1|RASLC_HUMAN:sp|Q9NY61|AATF_HUMAN:sp|Q15811|ITSN1_HUMAN:sp|O43699|SIGL6_HUMAN:sp|P51610|HCFC1_HUMAN:sp|P30530|UFO_HUMAN:sp|Q8N5J2|MINY1_HUMAN:sp|P22607|FGFR3_HUMAN:sp|Q53T59|H1BP3_HUMAN:sp|Q8N807|PDILT_HUMAN:sp|Q10571|MN1_HUMAN:sp|Q96MT3|PRIC1_HUMAN:sp|Q86SM8|MRGRE_HUMAN:sp|P12111|CO6A3_HUMAN:sp|Q3B7T1|EDRF1_HUMAN:PHF2_DEL_A-p.K492Rfs*6_::chr9:93659830-93660830_frame=-3:tr|A0A8I5KW96|A0A8I5KW96_HUMAN:sp|Q15910|EZH2_HUMAN:sp|Q8IZT6|ASPM_HUMAN,DeepNovo
A(+42.01)AKRVYPSKPVHL,57.21,1506.8671,13,30.8,13,0.7,503.29666,3,36.8427,3.8427,0.29,14143,HFX193_IPP292_GEL_CRC_324_Even.raw,1.21E5,1.43E6,1,1,1,1,"Acetylation (N-term)",,0 0 4 0 0 0 14 5 5 0 0 1 1,A(+42.01)AKRVYPSKPVHL,sp|Q9BYH8|IKBZ_HUMAN:sp|O00212|RHOD_HUMAN:sp|Q8NI38|IKBD_HUMAN:sp|Q6IF63|O52W1_HUMAN:sp|Q9UQR1|ZN148_HUMAN:sp|Q8IZX4|TAF1L_HUMAN:sp|Q96J88|ESIP1_HUMAN:sp|Q92901|RL3L_HUMAN:sp|Q9Y657|SPIN1_HUMAN:sp|Q96SW2|CRBN_HUMAN:sp|Q8WZ42|TITIN_HUMAN:sp|O43432|IF4G3_HUMAN:sp|Q2M3T9|HYAL4_HUMAN:sp|Q14119|VEZF1_HUMAN:sp|Q5BVD1|TTMP_HUMAN:sp|Q9H4I2|ZHX3_HUMAN:sp|Q13322|GRB10_HUMAN:sp|Q15459|SF3A1_HUMAN:sp|P08493|MGP_HUMAN:sp|Q86WP2|GPBP1_HUMAN:sp|Q14686|NCOA6_HUMAN:sp|Q6URK8|TEPP_HUMAN:sp|P04180|LCAT_HUMAN:sp|O15027|SC16A_HUMAN:sp|Q9Y5X4|NR2E3_HUMAN:sp|Q92754|AP2C_HUMAN:sp|P15822|ZEP1_HUMAN:sp|Q9BY32|ITPA_HUMAN:sp|Q13588|GRAP_HUMAN:sp|O15021|MAST4_HUMAN:sp|Q9UPX8|SHAN2_HUMAN:sp|Q6NW34|NEPRO_HUMAN:sp|P16452|EPB42_HUMAN:sp|Q15113|PCOC1_HUMAN:sp|Q8WWM7|ATX2L_HUMAN:sp|P39023|RL3_HUMAN:sp|Q9NYN1|RASLC_HUMAN:sp|O75175|CNOT3_HUMAN:sp|Q9UGI6|KCNN3_HUMAN:sp|Q8IVL0|NAV3_HUMAN:sp|Q9NXR8|ING3_HUMAN:sp|Q9P267|MBD5_HUMAN:sp|Q8N7Z5|ANR31_HUMAN:sp|Q8N807|PDILT_HUMAN:sp|Q96MS0|ROBO3_HUMAN:sp|Q15569|TESK1_HUMAN:sp|P16278|BGAL_HUMAN:sp|Q96QZ7|MAGI1_HUMAN:sp|Q9UJ99|CAD22_HUMAN:sp|Q9Y4K1|CRBG1_HUMAN:sp|Q96MT3|PRIC1_HUMAN:sp|Q9NP85|PODO_HUMAN:sp|Q9NYV4|CDK12_HUMAN:sp|Q9UQM7|KCC2A_HUMAN:sp|Q07157|ZO1_HUMAN:sp|Q15910|EZH2_HUMAN:sp|Q96PZ7|CSMD1_HUMAN:sp|Q8TDW7|FAT3_HUMAN:sp|Q7Z2Z1|TICRR_HUMAN:sp|Q9HAQ2|KIF9_HUMAN:sp|P13942|COBA2_HUMAN:sp|Q8IZT6|ASPM_HUMAN,DeepNovo
A(+42.01)AKVRTVL,46.06,898.5600,8,50.0,8,0.3,450.28741,2,40.8719,-8.9281,0.70,15772,HFX193_IPP292_GEL_CRC_324_Even.raw,2.12E5,1.67E6,1,1,1,1,"Acetylation (N-term)",,0 0 23 6 0 0 3 5,A(+42.01)AKVRTVL,,DeepNovo
A(+42.01)ALRPLVKPKIVKKRTK,70.55,1987.3146,17,64.7,17,0.3,497.83606,4,32.6106,12.2106,0.19,12410,HFX193_IPP292_GEL_CRC_324_Even.raw,2.23E5,2.45E6,1,1,1,1,"Acetylation (N-term)",,5 29 0 0 0 0 8 8 2 2 8 8 6 3 0 0 3,A(+42.01)ALRPLVKPKIVKKRTK,sp|P62910|RL32_HUMAN,DB Search
A(+42.01)APHYPAGGGKF,67.01,1213.5880,12,41.7,12,2.1,607.80255,2,46.2933,-2.0067,0.39,17933,HFX193_IPP292_GEL_CRC_324_Odd.raw,2.64E7,1.29E8,3,3,3,3,"Acetylation (N-term)",,0 0 0 0 0 9 9 0 0 18 5 5,A(+42.01)APHYPAGGGKF,DOCK3_DEL_C-p.P1852Qfs*45_::chr3:51379673-51380673_frame=2:sp|Q96A09|TET5B_HUMAN:sp|Q9UF56|FXL17_HUMAN:sp|Q8NBP0|TTC13_HUMAN:sp|P40145|ADCY8_HUMAN:sp|P98169|ZXDB_HUMAN:sp|P07492|GRP_HUMAN:sp|C9JLR9|ZFTA_HUMAN:sp|Q96SZ5|AEDO_HUMAN:sp|Q08AE8|SPIR1_HUMAN:sp|Q6ZSJ8|CA122_HUMAN:sp|Q6ZSY5|PPR3F_HUMAN:sp|Q96A49|SYAP1_HUMAN:sp|P17509|HXB6_HUMAN:sp|Q96P47|AGAP3_HUMAN:sp|Q5BKY6|YV018_HUMAN:sp|Q9NRG9|AAAS_HUMAN:sp|Q5VV63|ATRN1_HUMAN:sp|Q8NCQ5|FBX15_HUMAN:sp|Q6P1L5|F117B_HUMAN:sp|Q17RM4|CC142_HUMAN:sp|Q9H091|ZMY15_HUMAN:sp|Q8IY67|RAVR1_HUMAN:sp|Q10587|TEF_HUMAN:sp|Q14004|CDK13_HUMAN:sp|Q09019|DMWD_HUMAN:sp|Q9Y4B5|MTCL1_HUMAN:sp|A6NGB9|WIPF3_HUMAN:sp|Q92928|RAB1C_HUMAN:sp|Q9UPA5|BSN_HUMAN:sp|P08151|GLI1_HUMAN:sp|Q96BD0|SO4A1_HUMAN:sp|Q3MII6|TBC25_HUMAN:sp|Q6V0I7|FAT4_HUMAN:sp|Q9H444|CHM4B_HUMAN:sp|Q02410|APBA1_HUMAN:sp|O94941|RNF37_HUMAN:sp|Q08397|LOXL1_HUMAN:sp|Q9BZE9|ASPC1_HUMAN:sp|Q5JY77|GASP1_HUMAN:sp|P55808|XG_HUMAN:sp|Q2TAK8|PWP3A_HUMAN:sp|A0JLT2|MED19_HUMAN:sp|Q7Z736|PKHH3_HUMAN:sp|Q96SL8|FIZ1_HUMAN:sp|Q9H1R3|MYLK2_HUMAN:sp|Q9BT81|SOX7_HUMAN:sp|Q99490|AGAP2_HUMAN:sp|P12882|MYH1_HUMAN:sp|Q96QI5|HS3S6_HUMAN:sp|Q9H0U4|RAB1B_HUMAN:sp|Q99728|BARD1_HUMAN:sp|Q8IUG5|MY18B_HUMAN:sp|Q5C9Z4|NOM1_HUMAN:sp|Q02809|PLOD1_HUMAN:sp|Q15124|PGM5_HUMAN:sp|P23582|ANFC_HUMAN:sp|Q15742|NAB2_HUMAN:sp|Q6UXK2|ISLR2_HUMAN:sp|Q9HBX8|LGR6_HUMAN:sp|O95622|ADCY5_HUMAN:sp|Q96FS4|SIPA1_HUMAN:sp|O60755|GALR3_HUMAN:sp|Q8TAU0|NKX23_HUMAN:sp|Q9H7J1|PPR3E_HUMAN:sp|Q9Y5R5|DMRT2_HUMAN:sp|P31314|TLX1_HUMAN:sp|Q2M3M2|SC5A9_HUMAN:sp|Q92945|FUBP2_HUMAN:sp|Q9H4M7|PKHA4_HUMAN:sp|P28360|MSX1_HUMAN:sp|Q01167|FOXK2_HUMAN:sp|Q9BQ61|TRIR_HUMAN:sp|Q9NQV8|PRDM8_HUMAN:sp|Q9UNA0|ATS5_HUMAN:sp|O43541|SMAD6_HUMAN:sp|O95948|ONEC2_HUMAN:sp|P43351|RAD52_HUMAN:sp|Q13263|TIF1B_HUMAN:sp|Q9BXM0|PRAX_HUMAN:sp|Q76N89|HECW1_HUMAN:sp|Q07352|TISB_HUMAN:sp|Q9BY49|PECR_HUMAN:sp|Q02641|CACB1_HUMAN:sp|Q9H329|E41LB_HUMAN:sp|Q9NR64|KLHL1_HUMAN:sp|Q969V3|NCLN_HUMAN:sp|P98168|ZXDA_HUMAN:sp|P00395|COX1_HUMAN:sp|Q04721|NOTC2_HUMAN:sp|P22105|TENX_HUMAN:sp|Q9UBV8|PEF1_HUMAN:sp|Q07687|DLX2_HUMAN:sp|O15079|SNPH_HUMAN:sp|Q8N695|SC5A8_HUMAN:sp|Q13635|PTC1_HUMAN:sp|Q9P1T7|MDFIC_HUMAN:sp|Q96HN2|SAHH3_HUMAN:sp|O43448|KCAB3_HUMAN:sp|Q9NYF0|DACT1_HUMAN:sp|Q96JE7|SC16B_HUMAN:sp|P17542|TAL1_HUMAN,DeepNovo
A(+42.01)APSPRPHRLPSGFRK,88.15,1815.0016,16,56.2,16,-3.0,454.75629,4,26.9000,6.8000,0.25,10060,HFX193_IPP292_GEL_CRC_324_Odd.raw,2.14E6,1.85E7,2,2,2,2,"Acetylation (N-term)",,0 0 0 0 2 0 6 0 0 17 40 29 7 2 2 2,A(+42.01)APSPRPHRLPSGFRK,sp|O94769|ECM2_HUMAN:sp|Q6JQN1|ACD10_HUMAN:sp|Q86UQ4|ABCAD_HUMAN:sp|Q8WWB7|GLMP_HUMAN:sp|P43121|MUC18_HUMAN:sp|Q8WXI7|MUC16_HUMAN:sp|Q9GZL8|BPEC1_HUMAN:sp|P51884|LUM_HUMAN:sp|P28906|CD34_HUMAN:sp|Q2M385|MPEG1_HUMAN:sp|Q2TBE0|C19L2_HUMAN:sp|Q9Y4D8|HECD4_HUMAN:sp|Q6ZRS2|SRCAP_HUMAN:sp|Q13796|SHRM2_HUMAN:sp|Q9NWM0|SMOX_HUMAN:sp|Q92626|PXDN_HUMAN:sp|Q5T2T1|MPP7_HUMAN:sp|Q13332|PTPRS_HUMAN:sp|Q9HBT6|CAD20_HUMAN:sp|Q96JM7|LMBL3_HUMAN:sp|Q09666|AHNK_HUMAN:sp|P10586|PTPRF_HUMAN:sp|Q5TGS1|HES3_HUMAN:sp|Q02779|M3K10_HUMAN:sp|Q9BT04|FUZZY_HUMAN:sp|O14513|NCKP5_HUMAN:sp|Q8WUA8|TSK_HUMAN:sp|P13591|NCAM1_HUMAN:sp|P21145|MAL_HUMAN:sp|Q9NQF3|SERHL_HUMAN:sp|O75417|DPOLQ_HUMAN:sp|O60462|NRP2_HUMAN:sp|P33260|CP2CI_HUMAN:sp|Q8IY47|KBTB2_HUMAN:sp|Q5VWN6|TASO2_HUMAN:sp|Q96L91|EP400_HUMAN:sp|P22735|TGM1_HUMAN:sp|O95155|UBE4B_HUMAN:sp|Q8NG06|TRI58_HUMAN:sp|O75962|TRIO_HUMAN:sp|Q9H0D2|ZN541_HUMAN:sp|Q9P2S6|ANKY1_HUMAN:sp|Q8IXR9|CL056_HUMAN:sp|P80370|DLK1_HUMAN:sp|Q8N814|YG045_HUMAN:sp|Q9NTM9|CUTC_HUMAN:sp|Q53EP0|FND3B_HUMAN:sp|P56199|ITA1_HUMAN:sp|Q5T7M9|DIK1A_HUMAN:sp|Q86TB3|ALPK2_HUMAN:sp|O43677|NDUC1_HUMAN:sp|Q9Y285|SYFA_HUMAN:sp|A6ND48|O14I1_HUMAN:sp|Q9BZC7|ABCA2_HUMAN:sp|Q8N143|BCL6B_HUMAN:sp|Q6QHK4|FIGLA_HUMAN:sp|O00534|VMA5A_HUMAN:sp|Q92538|GBF1_HUMAN:sp|P16112|PGCA_HUMAN:sp|O95359|TACC2_HUMAN:sp|O00151|PDLI1_HUMAN:sp|Q16581|C3AR_HUMAN:sp|Q96AY4|TTC28_HUMAN:sp|P11166|GTR1_HUMAN:sp|A8MT69|CENPX_HUMAN:sp|Q6ZRR7|LRRC9_HUMAN:sp|Q9Y6S9|RPKL1_HUMAN:sp|Q15031|SYLM_HUMAN:sp|P22234|PUR6_HUMAN:sp|Q8NBM4|UBAC2_HUMAN:sp|Q8TBC4|UBA3_HUMAN:sp|Q5VVW2|GARL3_HUMAN:sp|Q6NXR0|IIGP5_HUMAN:sp|Q9NR97|TLR8_HUMAN:sp|P62910|RL32_HUMAN,DeepNovo
A(+42.01)ARFKTSV,36.78,920.5079,8,50.0,8,0.8,461.26160,2,32.2490,-4.3510,0.64,12240,HFX193_IPP292_GEL_CRC_324_Even.raw,3.98E5,4.67E6,1,1,1,1,"Acetylation (N-term)",,0 0 1 0 2 22 15 5,A(+42.01)ARFKTSV,sp|Q96FN4|CPNE2_HUMAN:sp|Q9Y2B1|RXLT1_HUMAN:sp|Q9NXG0|CNTLN_HUMAN:sp|Q96JN2|CC136_HUMAN:sp|Q6ZRV2|FA83H_HUMAN:sp|O94973|AP2A2_HUMAN:sp|O95264|5HT3B_HUMAN:sp|P05496|AT5G1_HUMAN:sp|Q9Y6Q5|AP1M2_HUMAN:sp|Q96MW7|TIGD1_HUMAN:sp|Q9H0B3|IQCN_HUMAN:sp|Q9Y4B4|ARIP4_HUMAN:sp|A8K855|EFCB7_HUMAN:sp|Q9BXT5|TEX15_HUMAN:sp|Q5T5M9|CCNJ_HUMAN,DeepNovo
A(+42.01)ASSHPAL,30.17,794.3923,8,75.0,8,0.8,398.20374,2,32.2498,-2.6502,0.78,12228,HFX193_IPP292_GEL_CRC_324_Even.raw,1.27E6,9.9E6,1,1,1,1,"Acetylation (N-term)",,0 0 4 2 2 6 6 5,A(+42.01)ASSHPAL,sp|O00587|MFNG_HUMAN:sp|Q8IVL1|NAV2_HUMAN:sp|Q9UL01|DSE_HUMAN:sp|P25391|LAMA1_HUMAN:sp|Q86XJ1|GA2L3_HUMAN:sp|Q9UH92|MLX_HUMAN:sp|Q9H7Z3|NRDE2_HUMAN:sp|Q8N2K0|ABD12_HUMAN:sp|Q9NUP7|TRM13_HUMAN:sp|Q8N531|FBXL6_HUMAN:sp|P0C880|YT014_HUMAN:sp|Q14999|CUL7_HUMAN:sp|P20930|FILA_HUMAN:sp|Q5T5Y3|CAMP1_HUMAN:sp|Q96DX4|RSPRY_HUMAN:sp|A0AVK6|E2F8_HUMAN:sp|Q149M9|NWD1_HUMAN:sp|Q9BU19|ZN692_HUMAN:sp|P80404|GABT_HUMAN:sp|Q3YBR2|TBRG1_HUMAN:sp|O00237|RN103_HUMAN:sp|Q96TA1|NIBA2_HUMAN:sp|Q96MR6|CFA57_HUMAN:sp|Q8IUD6|RN135_HUMAN:sp|Q12857|NFIA_HUMAN:sp|Q8WU20|FRS2_HUMAN:sp|P15144|AMPN_HUMAN:sp|O75578|ITA10_HUMAN:sp|Q8NFD5|ARI1B_HUMAN:sp|Q9P2D3|HTR5B_HUMAN:sp|Q96NA8|TSNA1_HUMAN:sp|Q9H1I8|ASCC2_HUMAN:sp|Q6ZU65|UBN2_HUMAN:sp|Q9C0K0|BC11B_HUMAN:sp|Q8IWD5|MFS6L_HUMAN:sp|Q9H0E3|SP130_HUMAN:sp|Q99742|NPAS1_HUMAN:sp|Q13620|CUL4B_HUMAN:sp|O95487|SC24B_HUMAN:sp|O14594|NCAN_HUMAN:sp|Q9UKU6|TRHDE_HUMAN:sp|Q96JA1|LRIG1_HUMAN,DeepNovo
A(+42.01)ASSHRAGAVRF,65.86,1270.6531,12,58.3,12,1.2,424.55878,3,35.2520,6.8520,0.02,13461,HFX193_IPP292_GEL_CRC_324_Odd.raw,5.4E6,3.67E7,3,3,3,3,"Acetylation (N-term)",,0 0 0 11 11 31 19 0 0 3 2 5,A(+42.01)ASSHRAGAVRF,sp|Q9BXA6|TSSK6_HUMAN:sp|Q96A84|EMID1_HUMAN:sp|O60294|TYW4_HUMAN:sp|Q32P41|TRM5_HUMAN:sp|P42772|CDN2B_HUMAN:sp|P42771|CDN2A_HUMAN:sp|Q9HCE6|ARGAL_HUMAN:sp|A0A0U1RRI6|CENL3_HUMAN:sp|A6NHQ2|FBLL1_HUMAN:sp|Q96EY9|ADAT3_HUMAN:sp|Q8N9P6|CI163_HUMAN:sp|Q9BXP5|SRRT_HUMAN:sp|Q13952|NFYC_HUMAN:sp|O14578|CTRO_HUMAN:sp|Q9BYL1|SAM10_HUMAN:sp|Q9BZE3|BARH1_HUMAN:sp|Q8N2W9|PIAS4_HUMAN:sp|Q8IUL8|CILP2_HUMAN:sp|Q96MV8|ZDH15_HUMAN:sp|Q86UD7|TBC26_HUMAN:sp|O75147|OBSL1_HUMAN:sp|Q96MM6|HS12B_HUMAN:sp|O75056|SDC3_HUMAN:sp|P19235|EPOR_HUMAN:sp|Q66K41|Z385C_HUMAN:sp|Q9BU23|LMF2_HUMAN:sp|Q9UBL6|CPNE7_HUMAN:sp|Q9Y678|COPG1_HUMAN:sp|Q9UPX8|SHAN2_HUMAN:sp|Q96MK2|RIPR3_HUMAN:sp|Q13613|MTMR1_HUMAN:sp|P0DPI3|CENL2_HUMAN:sp|Q9NYQ6|CELR1_HUMAN:sp|Q8IZR5|CKLF4_HUMAN:sp|P08240|SRPRA_HUMAN:sp|Q9H469|FXL15_HUMAN:sp|Q86U90|YRDC_HUMAN:sp|A9Z1Z3|FR1L4_HUMAN:sp|P00533|EGFR_HUMAN:sp|Q9NRI5|DISC1_HUMAN:sp|Q8TF17|S3TC2_HUMAN:sp|Q8NBF4|YG006_HUMAN:sp|Q2M2D7|TBC28_HUMAN:sp|P41594|GRM5_HUMAN:sp|Q69YZ2|T200B_HUMAN:sp|Q9BZV3|IMPG2_HUMAN:sp|Q9BY50|SC11C_HUMAN:sp|Q6UXV1|IZUM2_HUMAN:sp|Q7Z7K6|CENPV_HUMAN:sp|Q96S55|WRIP1_HUMAN:sp|Q9NVI7|ATD3A_HUMAN:sp|Q9NZE8|RM35_HUMAN:sp|Q5JVS0|HABP4_HUMAN:sp|P06865|HEXA_HUMAN:sp|Q9NQX0|PRDM6_HUMAN:sp|Q969F8|KISSR_HUMAN:sp|Q9BZ72|PITM2_HUMAN:sp|Q9ULT6|ZNRF3_HUMAN:sp|Q4G0I0|UQCC4_HUMAN:sp|A0A0U1RR11|CENL1_HUMAN:sp|Q9BX40|LS14B_HUMAN:sp|O15195|VILL_HUMAN:sp|O00562|PITM1_HUMAN:sp|Q8N819|PPM1N_HUMAN,DeepNovo
A(+42.01)AVDLEKLRASGAGKAIGVLT,62.94,2081.1843,21,42.9,21,-0.6,694.73499,3,67.3361,-58.7639,0.56,26287,HFX193_IPP292_GEL_CRC_324_Even.raw,3.34E5,2.57E6,1,1,1,1,"Acetylation (N-term)",,5 12 19 19 11 8 0 0 0 0 0 0 0 0 0 16 0 0 0 6 5,A(+42.01)AVDLEKLRASGAGKAIGVLT,sp|P17858|PFKAL_HUMAN,DB Search
A(+42.01)AVGAHHVL,38.79,915.4926,9,55.6,9,0.9,458.75400,2,30.1837,-12.5163,0.48,11406,HFX193_IPP292_GEL_CRC_324_Even.raw,2.63E5,3.33E6,1,1,1,1,"Acetylation (N-term)",,0 0 4 0 0 4 4 5 5,A(+42.01)AVGAHHVL,,DeepNovo
A(+42.01)AVLLRPKPK,23.68,1133.7284,10,20.0,10,1.3,378.91724,3,42.4543,-8.4457,0.29,16407,HFX193_IPP292_GEL_CRC_324_Odd.raw,2.03E5,2.22E6,1,1,1,1,"Acetylation (N-term)",,5 2 0 0 0 0 0 0 0 0,A(+42.01)AVLLRPKPK,,DeepNovo
A(+42.01)AYAGRKAGL,41.66,1018.5560,10,50.0,10,2.8,510.28665,2,29.9804,-7.2196,0.49,11334,HFX193_IPP292_GEL_CRC_324_Even.raw,5.65E5,6.02E6,2,2,2,2,"Acetylation (N-term)",,0 0 16 0 0 1 2 5 4 4,A(+42.01)AYAGRKAGL,sp|Q96JQ0|PCD16_HUMAN:sp|Q6ZMY9|ZN517_HUMAN:sp|P52701|MSH6_HUMAN:sp|Q5JZY3|EPHAA_HUMAN:sp|P47870|GBRB2_HUMAN:sp|P82933|RT09_HUMAN:sp|Q96MY7|F161B_HUMAN:sp|O60312|AT10A_HUMAN:sp|Q5VUA4|ZN318_HUMAN:sp|Q5T8A7|PPR26_HUMAN:sp|P09467|F16P1_HUMAN:sp|O14525|ASTN1_HUMAN:sp|Q13315|ATM_HUMAN:sp|P24158|PRTN3_HUMAN:sp|P21281|VATB2_HUMAN:sp|Q9UPW8|UN13A_HUMAN:sp|P05089|ARGI1_HUMAN:sp|Q9Y689|ARL5A_HUMAN:sp|Q8IZA3|H18_HUMAN:sp|Q8N2A8|PLD6_HUMAN:sp|Q96L91|EP400_HUMAN:sp|O95155|UBE4B_HUMAN:sp|Q6Y1H2|HACD2_HUMAN:sp|Q9BRJ2|RM45_HUMAN:sp|Q643R3|LPCT4_HUMAN:sp|O75064|DEN4B_HUMAN:sp|Q96JY6|PDLI2_HUMAN:sp|A8MQ03|CRTP1_HUMAN:sp|Q5H9S7|DCA17_HUMAN:sp|P56381|ATP5E_HUMAN:sp|Q96A73|P33MX_HUMAN:sp|P16615|AT2A2_HUMAN:sp|Q15582|BGH3_HUMAN:sp|A6NFA1|TIKI2_HUMAN:sp|P09669|COX6C_HUMAN:sp|Q86YN6|PRGC2_HUMAN:sp|O14795|UN13B_HUMAN:sp|Q6UB99|ANR11_HUMAN:sp|Q8TAT5|NEIL3_HUMAN:sp|Q8IYK4|GT252_HUMAN:sp|P15313|VATB1_HUMAN:sp|Q5VTU8|AT5EL_HUMAN:sp|Q6ZRI0|OTOG_HUMAN:sp|Q8TEX9|IPO4_HUMAN:sp|Q9H4S2|GSX1_HUMAN:sp|A1IGU5|ARH37_HUMAN:sp|Q9Y296|TPPC4_HUMAN:sp|O00757|F16P2_HUMAN,DeepNovo
A(+42.01)AYKDRGGTF,52.42,1126.5406,10,40.0,10,1.1,564.27826,2,31.4727,-5.0273,0.58,11934,HFX193_IPP292_GEL_CRC_324_Even.raw,7.07E5,7.09E6,3,3,2,2,"Acetylation (N-term)",,0 0 21 7 0 0 0 0 6 5,A(+42.01)AYKDRGGTF,,DeepNovo
A(+42.01)C(+119.00)ARPL,21.88,790.3466,6,100.0,6,2.2,396.18143,2,40.5615,12.0615,0.84,15597,HFX193_IPP292_GEL_CRC_324_Even.raw,1.64E6,9.56E6,2,2,2,2,"Acetylation (N-term);Cysteinylation",,5 8 10 9 2 2,A(+42.01)C(+119.00)ARPL,sp|P36578|RL4_HUMAN,DB Search
A(+42.01)C(+119.00)ARPLISVY,52.44,1252.5944,10,80.0,10,-1.9,627.30328,2,67.3885,-43.1115,0.84,26280,HFX193_IPP292_GEL_CRC_324_Even.raw,1.42E8,7.08E8,3,3,1,1,"Acetylation (N-term);Cysteinylation",,5 1 2 1 2 2 29 40 23 5,A(+42.01)C(+119.00)ARPLISVY,sp|P36578|RL4_HUMAN,DB Search
A(+42.01)DPPPKTGGGGL,65.84,1107.5560,12,50.0,12,1.3,554.78601,2,39.9148,-2.2852,0.05,15349,HFX193_IPP292_GEL_CRC_324_Odd.raw,1.86E7,1.09E8,2,2,2,2,"Acetylation (N-term)",,2 2 3 1 1 3 13 0 0 0 0 5,A(+42.01)DPPPKTGGGGL,sp|Q9UI36|DACH1_HUMAN:sp|Q96C34|RUND1_HUMAN:sp|Q9ULM3|YETS2_HUMAN:sp|Q3B7J2|GFOD2_HUMAN:sp|P11802|CDK4_HUMAN:sp|P98169|ZXDB_HUMAN:sp|P50552|VASP_HUMAN:sp|A6NDB9|PALM3_HUMAN:sp|Q96DT7|ZBT10_HUMAN:sp|Q86XP3|DDX42_HUMAN:sp|Q13428|TCOF_HUMAN:sp|Q9Y5B6|PAXB1_HUMAN:sp|P0C0L5|CO4B_HUMAN:sp|Q8IWZ3|ANKH1_HUMAN:sp|P80404|GABT_HUMAN:sp|Q8NI08|NCOA7_HUMAN:sp|Q562E7|WDR81_HUMAN:sp|Q86SX6|GLRX5_HUMAN:sp|Q15843|NEDD8_HUMAN:sp|Q92621|NU205_HUMAN:sp|Q8WVR3|TPC14_HUMAN:sp|P23470|PTPRG_HUMAN:sp|Q9NXC2|GFOD1_HUMAN:sp|Q9UI08|EVL_HUMAN:sp|Q9UL54|TAOK2_HUMAN:sp|Q2VWA4|SKOR2_HUMAN:sp|Q8N2W9|PIAS4_HUMAN:sp|P41162|ETV3_HUMAN:sp|Q8NFD5|ARI1B_HUMAN:sp|Q9UMD9|COHA1_HUMAN:sp|Q9UPE1|SRPK3_HUMAN:sp|Q14004|CDK13_HUMAN:TCF7L2_DEL_A-p.K485Sfs*23_::chr10:113165058-113166058_frame=-1:sp|Q9BRQ0|PYGO2_HUMAN:sp|P29322|EPHA8_HUMAN:sp|Q9UPA5|BSN_HUMAN:sp|Q02127|PYRD_HUMAN:sp|Q5R3F8|PPR29_HUMAN:sp|P31260|HXA10_HUMAN:sp|Q9UIW2|PLXA1_HUMAN:sp|Q7Z5R6|AB1IP_HUMAN:sp|P59827|BPIB4_HUMAN:sp|A6NKP2|D42E2_HUMAN:sp|Q92841|DDX17_HUMAN:sp|A1L4L8|PL8L1_HUMAN:sp|O43189|PHF1_HUMAN:sp|O14627|CDX4_HUMAN:sp|O95976|IGSF6_HUMAN:sp|Q9UK61|TASOR_HUMAN:sp|Q02962|PAX2_HUMAN:sp|Q9UKL4|CXD2_HUMAN:sp|Q6IQ22|RAB12_HUMAN:sp|Q96PV0|SYGP1_HUMAN:sp|O14917|PCD17_HUMAN:sp|P04264|K2C1_HUMAN:sp|Q86UU5|GGN_HUMAN:sp|P59826|BPIB3_HUMAN:sp|A7E2V4|ZSWM8_HUMAN:sp|Q03395|ROM1_HUMAN:sp|Q9BX84|TRPM6_HUMAN:sp|Q6ZN18|AEBP2_HUMAN:sp|Q9P2V4|LRIT1_HUMAN:sp|Q12830|BPTF_HUMAN:sp|Q04637|IF4G1_HUMAN:sp|Q4G148|GXLT1_HUMAN:sp|A1L020|MEX3A_HUMAN:MARCKS_DEL_A-p.K155Rfs*12_::chr6:113859534-113860534_frame=-1:sp|O75949|NALF2_HUMAN:sp|P22670|RFX1_HUMAN:sp|P23246|SFPQ_HUMAN:sp|Q6ZN04|MEX3B_HUMAN:sp|Q02086|SP2_HUMAN:sp|P35527|K1C9_HUMAN:sp|Q5H9R4|ARMX4_HUMAN:sp|P04632|CPNS1_HUMAN:sp|Q9BYP7|WNK3_HUMAN:sp|Q8WZA9|IRGQ_HUMAN:sp|P31275|HXC12_HUMAN:sp|O14641|DVL2_HUMAN:sp|Q8NB14|UBP38_HUMAN:sp|P18054|LOX12_HUMAN:sp|Q6NUN9|ZN746_HUMAN:sp|P09917|LOX5_HUMAN:sp|Q9H2D6|TARA_HUMAN:sp|O75445|USH2A_HUMAN:sp|Q9UPU5|UBP24_HUMAN:sp|Q05925|HME1_HUMAN:sp|Q13127|REST_HUMAN:sp|A6NL88|SHSA7_HUMAN:sp|Q6P4H8|ACKMT_HUMAN:sp|Q96GA7|SDSL_HUMAN:sp|P36551|HEM6_HUMAN:sp|Q9Y4X0|AMMR1_HUMAN:sp|Q9Y6Y1|CMTA1_HUMAN:sp|P0C0L4|CO4A_HUMAN:sp|Q06587|RING1_HUMAN:sp|Q6ZT07|TBCD9_HUMAN:SETD1B_DEL_C-p.H8Tfs*27_::chr12:121804252-121805252_frame=3:sp|P08047|SP1_HUMAN:sp|Q99543|DNJC2_HUMAN:sp|Q14003|KCNC3_HUMAN:sp|Q04741|EMX1_HUMAN:sp|Q9UGK8|SRGEF_HUMAN:sp|Q8N2F6|ARM10_HUMAN:sp|P16050|LOX15_HUMAN:sp|Q9UH99|SUN2_HUMAN:sp|Q15911|ZFHX3_HUMAN:sp|P12035|K2C3_HUMAN:sp|Q96AX1|VP33A_HUMAN:sp|Q6Y288|B3GLT_HUMAN:sp|Q9H6A9|PCX3_HUMAN:sp|Q15270|NKX11_HUMAN:sp|Q9Y6V0|PCLO_HUMAN:sp|Q03164|KMT2A_HUMAN:sp|P20132|SDHL_HUMAN:sp|Q86UU0|BCL9L_HUMAN:sp|Q8TDW7|FAT3_HUMAN:sp|Q9Y4X5|ARI1_HUMAN:sp|Q9H4Q3|PRD13_HUMAN:sp|P78316|NOP14_HUMAN,DeepNovo
A(+42.01)EM(+15.99)LAVKEK,49.60,1075.5583,9,66.7,9,0.3,538.78662,2,43.3052,4.6052,0.51,16701,HFX193_IPP292_GEL_CRC_324_Even.raw,3.33E6,2.04E7,2,2,1,1,"Acetylation (N-term);Oxidation (M)",,0 0 0 18 23 21 12 8 5,A(+42.01)EM(+15.99)LAVKEK,sp|A6NCL7|AN33B_HUMAN:sp|Q9NRG4|SMYD2_HUMAN:sp|Q8IZS6|DYLT2_HUMAN:sp|O00291|HIP1_HUMAN:sp|Q92624|APBP2_HUMAN:sp|Q9Y6Q1|CAN6_HUMAN:sp|Q66GS9|CP135_HUMAN:sp|Q9NX04|CA109_HUMAN:sp|Q9NRF8|PYRG2_HUMAN:sp|Q96MY7|F161B_HUMAN:sp|Q06323|PSME1_HUMAN:sp|O75955|FLOT1_HUMAN:sp|Q9BV73|CP250_HUMAN:sp|Q9NXN4|GDAP2_HUMAN:sp|Q562E7|WDR81_HUMAN:sp|P49748|ACADV_HUMAN:sp|Q13315|ATM_HUMAN:sp|Q8WZ42|TITIN_HUMAN:sp|Q68DU8|KCD16_HUMAN:sp|Q9ULF5|S39AA_HUMAN:sp|Q9Y2I7|FYV1_HUMAN:sp|Q86Y26|NUTM1_HUMAN:sp|Q96JB1|DYH8_HUMAN:sp|O14578|CTRO_HUMAN:sp|Q9P225|DYH2_HUMAN:sp|Q8IYG6|LRC56_HUMAN:sp|Q6XZF7|DNMBP_HUMAN:sp|Q9ULE0|WWC3_HUMAN:sp|Q8NEN9|PDZD8_HUMAN:sp|Q7L9B9|EEPD1_HUMAN:sp|Q9H347|UBQL3_HUMAN:sp|Q9Y5B9|SP16H_HUMAN:sp|P46821|MAP1B_HUMAN:sp|Q9H446|RWDD1_HUMAN:sp|Q9P2D3|HTR5B_HUMAN:sp|Q9BRT3|MIEN1_HUMAN:sp|Q9UIA9|XPO7_HUMAN:sp|O60437|PEPL_HUMAN:sp|Q8TDX5|ACMSD_HUMAN:sp|Q9NXJ5|PGPI_HUMAN:sp|Q9HCI7|MSL2_HUMAN:sp|Q9Y2W1|TR150_HUMAN:sp|Q9UBZ9|REV1_HUMAN:sp|Q86XI6|PPR3B_HUMAN:sp|A0AVT1|UBA6_HUMAN:sp|Q8IWE2|NXP20_HUMAN:sp|Q8IYJ3|SYTL1_HUMAN:sp|P07814|SYEP_HUMAN:sp|Q9NZJ4|SACS_HUMAN:sp|P15924|DESP_HUMAN:sp|Q02833|RASF7_HUMAN:sp|P63173|RL38_HUMAN:sp|Q5BJE1|CC178_HUMAN:sp|Q8NF91|SYNE1_HUMAN:sp|O95757|HS74L_HUMAN:sp|P46782|RS5_HUMAN:sp|P34932|HSP74_HUMAN:sp|O00555|CAC1A_HUMAN:sp|O15146|MUSK_HUMAN:sp|Q96BF6|NACC2_HUMAN:sp|Q6ZP01|RBM44_HUMAN:sp|Q13621|S12A1_HUMAN:sp|O43586|PPIP1_HUMAN:sp|O43147|SGSM2_HUMAN:sp|Q15022|SUZ12_HUMAN:sp|O76021|RL1D1_HUMAN:sp|P16455|MGMT_HUMAN:sp|Q96EK7|F120B_HUMAN:sp|Q9NXG0|CNTLN_HUMAN:sp|Q9NQT8|KI13B_HUMAN:sp|Q96E52|OMA1_HUMAN:sp|P55273|CDN2D_HUMAN:sp|Q9BSH4|TACO1_HUMAN:sp|A2RUR9|C144A_HUMAN:sp|O00767|SCD_HUMAN:sp|P55345|ANM2_HUMAN:sp|Q03701|CEBPZ_HUMAN:sp|Q5JU67|CF157_HUMAN:sp|P22792|CPN2_HUMAN:sp|Q9Y485|DMXL1_HUMAN:sp|P09093|CEL3A_HUMAN:sp|Q16671|AMHR2_HUMAN:sp|Q86WG5|MTMRD_HUMAN:sp|Q33E94|RFX4_HUMAN:sp|O15037|KHNYN_HUMAN:sp|Q7Z2W7|TRPM8_HUMAN:sp|Q8WYP5|ELYS_HUMAN:sp|Q9NRR8|C42S1_HUMAN:sp|O15230|LAMA5_HUMAN:sp|Q9NW68|BSDC1_HUMAN:sp|Q8NHV4|NEDD1_HUMAN,DeepNovo
A(+42.01)ESSDKLYRV,50.71,1208.6036,10,90.0,10,2.0,605.31030,2,47.1249,-3.0751,0.77,18301,HFX193_IPP292_GEL_CRC_324_Odd.raw,1.34E5,1.8E6,1,1,1,1,"Acetylation (N-term)",,5 5 6 3 3 5 3 2 0 3,A(+42.01)ESSDKLYRV,sp|P09874|PARP1_HUMAN,DB Search
A(+42.01)FAHC(+119.00)ALHSKVVR,84.88,1598.7810,13,69.2,13,0.8,400.70285,4,36.7911,1.4911,0.30,14083,HFX193_IPP292_GEL_CRC_324_Even.raw,1.75E6,1.05E7,2,2,2,2,"Acetylation (N-term);Cysteinylation",,0 0 0 0 2 24 24 62 13 13 10 10 5,A(+42.01)FAHC(+119.00)ALHSKVVR,sp|Q8IX04|UEVLD_HUMAN:sp|P0C854|CECR9_HUMAN:sp|Q9Y620|RA54B_HUMAN:sp|Q14512|FGFP1_HUMAN:sp|P62854|RS26_HUMAN:sp|Q9UPT5|EXOC7_HUMAN:sp|Q6ZRH7|CTSRG_HUMAN:sp|A6NGH8|ANR61_HUMAN:sp|Q9BRQ8|FSP1_HUMAN:sp|Q9H4B0|OSGL1_HUMAN:sp|O60241|AGRB2_HUMAN:sp|Q8IWU4|ZNT8_HUMAN:sp|O95613|PCNT_HUMAN:sp|P61550|ENVT1_HUMAN:sp|Q49AJ0|F135B_HUMAN:sp|O60925|PFD1_HUMAN:sp|B1ANH7|IBADT_HUMAN:sp|O75122|CLAP2_HUMAN:sp|O00754|MA2B1_HUMAN:sp|Q5T5X7|BEND3_HUMAN:sp|Q9ULM0|PKHH1_HUMAN:sp|Q6UXV0|GFRAL_HUMAN:sp|Q92552|RT27_HUMAN:sp|P52741|ZN134_HUMAN:sp|Q8IZP7|H6ST3_HUMAN:sp|Q15361|TTF1_HUMAN:sp|Q8N612|FHI1B_HUMAN:sp|Q5JNZ5|RS26L_HUMAN:sp|Q8TAX0|OSR1_HUMAN:sp|Q9NQ66|PLCB1_HUMAN:sp|O94868|FCSD2_HUMAN:sp|Q9HAT0|ROP1A_HUMAN:sp|Q5VUJ6|LRCH2_HUMAN:sp|O00444|PLK4_HUMAN:sp|Q9NR96|TLR9_HUMAN:sp|Q96HU1|SGSM3_HUMAN:sp|Q03519|TAP2_HUMAN:sp|Q86UW6|N4BP2_HUMAN:sp|Q8TDX6|CGAT1_HUMAN:sp|P26358|DNMT1_HUMAN:sp|Q8IZ69|TRM2A_HUMAN:sp|Q9NYA4|MTMR4_HUMAN:sp|Q9Y3D7|TIM16_HUMAN:sp|O14939|PLD2_HUMAN:sp|Q8NDA8|MROH1_HUMAN:sp|Q96P31|FCRL3_HUMAN:sp|A6NKG5|RTL1_HUMAN:sp|P48751|B3A3_HUMAN:sp|Q8NF91|SYNE1_HUMAN:sp|Q9Y4G6|TLN2_HUMAN:sp|Q9UJW7|ZN229_HUMAN:sp|Q15223|NECT1_HUMAN:sp|Q96NN9|AIFM3_HUMAN:sp|Q9NQS7|INCE_HUMAN:sp|Q3V5L5|MGT5B_HUMAN:sp|Q5VIR6|VPS53_HUMAN:sp|Q5JWR5|DOP1_HUMAN:sp|Q9Y490|TLN1_HUMAN:sp|Q9BZX4|ROP1B_HUMAN:sp|Q5T200|ZC3HD_HUMAN:sp|Q5CZC0|FSIP2_HUMAN:sp|Q6P3X8|PGBD2_HUMAN:sp|Q8TEX9|IPO4_HUMAN:sp|Q7Z3Q1|S46A3_HUMAN:sp|Q96M83|CCDC7_HUMAN:sp|Q7Z460|CLAP1_HUMAN:sp|Q9NPG1|FZD3_HUMAN:sp|Q14766|LTBP1_HUMAN:sp|Q9UM82|SPAT2_HUMAN:sp|Q6P474|PDXD2_HUMAN:sp|P51504|ZNF80_HUMAN:sp|Q9UPN3|MACF1_HUMAN:sp|P27540|ARNT_HUMAN,DeepNovo
A(+42.01)FHPSGFRK,51.23,1087.5563,9,66.7,9,3.8,363.52740,3,30.0980,-2.7020,0.43,11344,HFX193_IPP292_GEL_CRC_324_Odd.raw,1.53E6,6.95E6,1,1,1,1,"Acetylation (N-term)",,0 0 0 57 61 15 5 5 5,A(+42.01)FHPSGFRK,sp|Q86UQ4|ABCAD_HUMAN:sp|Q8WXI7|MUC16_HUMAN:sp|Q53EP0|FND3B_HUMAN:sp|Q5T7M9|DIK1A_HUMAN:sp|Q2M385|MPEG1_HUMAN:sp|Q2TBE0|C19L2_HUMAN:sp|Q9Y4D8|HECD4_HUMAN:sp|Q13796|SHRM2_HUMAN:sp|Q5T2T1|MPP7_HUMAN:sp|Q9HBT6|CAD20_HUMAN:sp|O00534|VMA5A_HUMAN:sp|Q96JM7|LMBL3_HUMAN:sp|Q92538|GBF1_HUMAN:sp|O00151|PDLI1_HUMAN:sp|Q5TGS1|HES3_HUMAN:sp|Q8WUA8|TSK_HUMAN:sp|P11166|GTR1_HUMAN:sp|A8MT69|CENPX_HUMAN:sp|Q8TBC4|UBA3_HUMAN:sp|Q6NXR0|IIGP5_HUMAN:sp|Q8NG06|TRI58_HUMAN:sp|O75962|TRIO_HUMAN:sp|P62910|RL32_HUMAN:sp|Q9H0D2|ZN541_HUMAN,DeepNovo
A(+42.01)FKDTGKTPVEPEVAIHRIRITL,73.75,2632.4700,23,39.1,23,1.1,527.50183,5,59.6168,-49.1832,0.03,23255,HFX193_IPP292_GEL_CRC_324_Even.raw,2.69E6,1.28E7,1,1,1,1,"Acetylation (N-term)",,0 0 0 0 1 0 0 5 5 5 3 28 28 30 4 3 0 0 0 0 0 0 0,A(+42.01)FKDTGKTPVEPEVAIHRIRITL,sp|P60866|RS20_HUMAN,DB Search
A(+42.01)FRDGGLKHL,56.55,1154.6196,10,60.0,10,0.9,385.88083,3,34.7867,-19.4133,0.50,13271,HFX193_IPP292_GEL_CRC_324_Odd.raw,4.94E6,3.38E7,2,2,2,2,"Acetylation (N-term)",,0 0 2 4 0 0 19 19 22 5,A(+42.01)FRDGGLKHL,sp|Q6IV72|ZN425_HUMAN:sp|Q96A84|EMID1_HUMAN:sp|Q00577|PURA_HUMAN:sp|Q8WU10|PYRD1_HUMAN:sp|Q6ZMW3|EMAL6_HUMAN:sp|Q6ZVK8|NUD18_HUMAN:sp|O14924|RGS12_HUMAN:sp|Q8NFU5|IPMK_HUMAN:sp|Q9Y2H2|SAC2_HUMAN:sp|Q13574|DGKZ_HUMAN:sp|P36952|SPB5_HUMAN:sp|Q4VX62|CF099_HUMAN:sp|Q6UVM3|KCNT2_HUMAN:sp|P45983|MK08_HUMAN:sp|O75564|JERKY_HUMAN:sp|P23468|PTPRD_HUMAN:sp|Q5JTY5|ZNG1C_HUMAN:sp|P21810|PGS1_HUMAN:sp|Q32NB8|PGPS1_HUMAN:sp|Q5EBM0|CMPK2_HUMAN:sp|P10586|PTPRF_HUMAN:sp|Q9HBI1|PARVB_HUMAN:sp|Q9H2X9|S12A5_HUMAN:sp|O14513|NCKP5_HUMAN:sp|Q8TBF8|FA81A_HUMAN:sp|Q8IUF1|ZNG1B_HUMAN:sp|Q9UDW3|ZMAT5_HUMAN:sp|P84085|ARF5_HUMAN:sp|P59510|ATS20_HUMAN:sp|Q07092|COGA1_HUMAN:sp|Q9HAU5|RENT2_HUMAN:sp|Q96KV6|BT2A3_HUMAN:sp|O75069|TMCC2_HUMAN:sp|Q9H871|RMD5A_HUMAN:sp|Q9UBN4|TRPC4_HUMAN:sp|Q9NW08|RPC2_HUMAN:sp|Q8N4T8|CBR4_HUMAN:sp|P48444|COPD_HUMAN:sp|A0A1B0GUA9|CM046_HUMAN:sp|Q5TCS8|KAD9_HUMAN:sp|A6NHQ4|EPOP_HUMAN:sp|Q86XK2|FBX11_HUMAN:sp|P35523|CLCN1_HUMAN:sp|Q9BRT8|ZNG1A_HUMAN:sp|Q6UXN7|TO20L_HUMAN:sp|Q8N309|LRC43_HUMAN:sp|P53355|DAPK1_HUMAN:sp|Q9NSD5|S6A13_HUMAN:sp|P05408|7B2_HUMAN:sp|O75970|MPDZ_HUMAN:sp|Q96P20|NLRP3_HUMAN:sp|Q5VZK9|CARL1_HUMAN:sp|Q5T8D3|ACBD5_HUMAN:sp|P53779|MK10_HUMAN:sp|Q7Z713|ANR37_HUMAN:sp|Q8N461|FXL16_HUMAN:sp|Q9H158|PCDC1_HUMAN:sp|Q9P232|CNTN3_HUMAN:sp|Q8TDN1|KCNG4_HUMAN:sp|P52306|GDS1_HUMAN:sp|Q9Y493|ZAN_HUMAN:sp|Q99569|PKP4_HUMAN:ZBTB20_DEL_G-p.P692Lfs*43_::chr3:114338656-114339656_frame=-3:sp|Q9P2P6|STAR9_HUMAN:sp|Q8WXR4|MYO3B_HUMAN:sp|Q8NEV4|MYO3A_HUMAN:sp|Q49AM3|TTC31_HUMAN:sp|O60678|ANM3_HUMAN:sp|Q9BTE7|DCNL5_HUMAN:sp|Q5H8C1|FREM1_HUMAN:tr|A0A8I5KW96|A0A8I5KW96_HUMAN:sp|Q9BV90|SNR25_HUMAN:sp|P61371|ISL1_HUMAN:sp|Q9BYG4|PAR6G_HUMAN:sp|P27144|KAD4_HUMAN:tr|A0A8Q3SIG1|A0A8Q3SIG1_HUMAN:sp|Q5VZ18|SHE_HUMAN:sp|Q8NC67|NETO2_HUMAN:sp|Q5JUK3|KCNT1_HUMAN:sp|Q4V339|ZNG1F_HUMAN:sp|Q9Y4B6|DCAF1_HUMAN:sp|Q7L591|DOK3_HUMAN:sp|Q92832|NELL1_HUMAN:sp|Q9BSJ6|PIMRE_HUMAN:sp|P30876|RPB2_HUMAN:sp|P24298|ALAT1_HUMAN:sp|P23945|FSHR_HUMAN:sp|Q8IUR5|TMTC1_HUMAN:sp|O75912|DGKI_HUMAN:sp|P12268|IMDH2_HUMAN:sp|Q6P3R8|NEK5_HUMAN:sp|P04180|LCAT_HUMAN:sp|O94876|TMCC1_HUMAN:sp|Q8WZ73|RFFL_HUMAN:sp|O75420|GGYF1_HUMAN:sp|Q58EX2|SDK2_HUMAN:sp|Q9NZU1|FLRT1_HUMAN:sp|P0DKB5|TPBGL_HUMAN:sp|Q9BRA2|TXD17_HUMAN:sp|Q53EU6|GPAT3_HUMAN:sp|P52907|CAZA1_HUMAN:sp|Q5RIA9|ZNG1E_HUMAN:sp|Q8NHJ6|LIRB4_HUMAN:sp|Q9Y2L1|RRP44_HUMAN:sp|Q8NBF6|AVL9_HUMAN:sp|P45984|MK09_HUMAN:sp|Q86UL3|GPAT4_HUMAN:sp|Q15911|ZFHX3_HUMAN:sp|Q14761|PTCA_HUMAN:sp|Q9Y666|S12A7_HUMAN:sp|Q6Y7W6|GGYF2_HUMAN:sp|P20839|IMDH1_HUMAN:sp|Q6UXE8|BTNL3_HUMAN:sp|O76054|S14L2_HUMAN:sp|P48634|PRC2A_HUMAN:sp|Q8IV35|WDR49_HUMAN:sp|Q9HBL6|LRTM1_HUMAN:sp|A2VEC9|SSPO_HUMAN:sp|P20823|HNF1A_HUMAN:sp|Q71RS6|NCKX5_HUMAN,DeepNovo
A(+42.01)FRGKFVYR,46.53,1184.6454,9,33.3,9,0.0,395.88907,3,34.6240,-14.8760,0.41,13224,HFX193_IPP292_GEL_CRC_324_Even.raw,8.16E5,3.87E6,1,1,1,1,"Acetylation (N-term)",,0 0 0 1 4 8 3 1 1,A(+42.01)FRGKFVYR,sp|Q15303|ERBB4_HUMAN:sp|Q15349|KS6A2_HUMAN:sp|P62917|RL8_HUMAN:sp|Q9Y2E4|DIP2C_HUMAN:sp|Q14689|DIP2A_HUMAN:sp|Q8WYA1|BMAL2_HUMAN:sp|O60281|ZN292_HUMAN,DeepNovo
A(+42.01)FSKKHTL,35.33,972.5392,8,75.0,8,4.6,487.27914,2,24.0857,4.1857,0.62,8852,HFX193_IPP292_GEL_CRC_324_Even.raw,1.43E6,6.02E6,2,2,2,2,"Acetylation (N-term)",,0 0 5 4 4 10 4 5,A(+42.01)FSKKHTL,,DeepNovo
A(+42.01)GASLRRL,18.93,884.5192,8,37.5,8,0.4,443.26703,2,42.6096,-6.9904,0.07,16460,HFX193_IPP292_GEL_CRC_324_Odd.raw,2.74E5,1.93E6,1,1,1,1,"Acetylation (N-term)",,1 0 0 4 2 1 1 5,A(+42.01)GASLRRL,sp|Q6ZVC0|NYAP1_HUMAN:sp|O15439|MRP4_HUMAN:sp|Q6ZNA4|RN111_HUMAN:sp|Q12772|SRBP2_HUMAN:sp|P0C6S8|LIGO3_HUMAN:sp|Q9H156|SLIK2_HUMAN:sp|Q9GZU5|NYX_HUMAN:sp|Q8IXZ3|SP8_HUMAN:sp|O95396|MOCS3_HUMAN:sp|Q9H254|SPTN4_HUMAN:sp|Q5SYE7|NHSL1_HUMAN:sp|Q7RTR2|NLRC3_HUMAN:sp|Q9H2X9|S12A5_HUMAN:sp|Q8TCU5|NMD3A_HUMAN:sp|Q96D71|REPS1_HUMAN:sp|A4UGR9|XIRP2_HUMAN:sp|Q9C0G6|DYH6_HUMAN:sp|Q6NUI6|CHADL_HUMAN:sp|P20290|BTF3_HUMAN:sp|Q96T76|MMS19_HUMAN:sp|Q6ZVL6|K154L_HUMAN:sp|Q8NB16|MLKL_HUMAN:sp|Q8WTR4|GDPD5_HUMAN:sp|Q8IXR9|CL056_HUMAN:sp|O75027|ABCB7_HUMAN:sp|Q96NY8|NECT4_HUMAN:sp|Q8N456|LRC18_HUMAN:sp|Q9C0D6|FHDC1_HUMAN:sp|O75096|LRP4_HUMAN:sp|P05813|CRBA1_HUMAN:sp|Q6IS24|GLT17_HUMAN:sp|P53674|CRBB1_HUMAN:sp|Q14392|LRC32_HUMAN:sp|Q14833|GRM4_HUMAN:sp|Q04912|RON_HUMAN:sp|Q8IXS8|HYCC2_HUMAN:sp|P03971|MIS_HUMAN:sp|Q8WVC0|LEO1_HUMAN:sp|A8MUU9|YV023_HUMAN:sp|Q8IYB8|SUV3_HUMAN:sp|P41143|OPRD_HUMAN:sp|O00168|PLM_HUMAN:sp|Q8IUG5|MY18B_HUMAN:sp|Q92496|FHR4_HUMAN:sp|Q14525|KT33B_HUMAN:sp|O15230|LAMA5_HUMAN:sp|Q17RG1|KCD19_HUMAN:sp|P36956|SRBP1_HUMAN:sp|O15440|MRP5_HUMAN:sp|Q14142|TRI14_HUMAN:sp|Q8TDB4|HUMMR_HUMAN:sp|Q8N8L2|ZN491_HUMAN:sp|Q7Z2Q7|LRR70_HUMAN:sp|Q9H8P0|PORED_HUMAN:sp|Q01970|PLCB3_HUMAN:tr|A0A140TA62|A0A140TA62_HUMAN:sp|Q9BYB0|SHAN3_HUMAN:sp|P53673|CRBA4_HUMAN:sp|P09131|P3_HUMAN:sp|P28340|DPOD1_HUMAN:sp|Q5XKR4|OTP_HUMAN:sp|P78527|PRKDC_HUMAN:sp|P28329|CLAT_HUMAN:sp|Q9UK80|UBP21_HUMAN:sp|Q9HCJ2|LRC4C_HUMAN:sp|Q9NQV8|PRDM8_HUMAN:sp|Q9H1K0|RBNS5_HUMAN:sp|Q8IYM0|F186B_HUMAN:sp|Q9H0W7|THAP2_HUMAN:sp|Q70EL4|UBP43_HUMAN:sp|Q13045|FLII_HUMAN:sp|Q9NP84|TNR12_HUMAN:sp|Q8TC59|PIWL2_HUMAN:sp|Q16629|SRSF7_HUMAN:sp|P06028|GLPB_HUMAN:sp|Q9BRJ2|RM45_HUMAN:sp|Q08AI8|MB214_HUMAN:sp|Q9UHD8|SEPT9_HUMAN:sp|Q9NZU1|FLRT1_HUMAN:sp|P0CG40|SP9_HUMAN:sp|Q69YH5|CDCA2_HUMAN:sp|P81408|EREP3_HUMAN:sp|Q15652|JHD2C_HUMAN:sp|Q14728|MFS10_HUMAN:sp|Q15772|SPEG_HUMAN:sp|Q8NH18|OR5J2_HUMAN:sp|Q9NT99|LRC4B_HUMAN:sp|Q49A88|CCD14_HUMAN:sp|P33076|C2TA_HUMAN:sp|Q13158|FADD_HUMAN:sp|Q9Y2H5|PKHA6_HUMAN:sp|Q13439|GOGA4_HUMAN:sp|O15079|SNPH_HUMAN:sp|Q9BYT8|NEUL_HUMAN:sp|P55265|DSRAD_HUMAN:sp|O76011|KRT34_HUMAN:sp|Q9BX97|PLVAP_HUMAN:sp|Q9NQX0|PRDM6_HUMAN:sp|Q9GZY8|MFF_HUMAN:sp|O60701|UGDH_HUMAN:sp|Q86SF2|GALT7_HUMAN:sp|Q9Y263|PLAP_HUMAN:sp|Q14147|DHX34_HUMAN:sp|P11274|BCR_HUMAN,DeepNovo
A(+42.01)GEKVEKPDTKEKKPEAK,45.67,2053.1055,18,27.8,18,0.3,514.28381,4,25.9338,37.7338,0.54,9684,HFX193_IPP292_GEL_CRC_324_Even.raw,1.41E6,6.76E6,1,1,1,1,"Acetylation (N-term)",,5 1 1 0 0 3 0 0 0 0 0 1 1 2 1 1 8 5,A(+42.01)GEKVEKPDTKEKKPEAK,sp|Q02878|RL6_HUMAN,DB Search
A(+42.01)GVSFSGHRLELL,56.97,1426.7568,13,61.5,13,-0.7,714.38519,2,69.7419,-57.7581,0.78,27278,HFX193_IPP292_GEL_CRC_324_Even.raw,,,1,1,0,0,"Acetylation (N-term)",,0 0 10 39 39 32 10 10 0 0 0 15 5,A(+42.01)GVSFSGHRLELL,sp|Q16643|DREB_HUMAN,DB Search
A(+42.01)HALLKRPVSSTY,60.00,1483.8147,13,53.8,13,1.8,495.61307,3,34.6328,-13.3672,0.45,13208,HFX193_IPP292_GEL_CRC_324_Odd.raw,7.4E6,4.74E7,2,2,2,2,"Acetylation (N-term)",,0 0 0 35 19 5 1 0 0 2 2 8 5,A(+42.01)HALLKRPVSSTY,sp|Q9C0B6|BRNP2_HUMAN:sp|P33897|ABCD1_HUMAN:sp|Q5T0U0|CC122_HUMAN:sp|Q8N8A6|DDX51_HUMAN:sp|Q9P2R3|ANFY1_HUMAN:sp|Q9ULB1|NRX1A_HUMAN:sp|Q9HCQ5|GALT9_HUMAN:sp|Q96KJ4|MSLNL_HUMAN:sp|P37198|NUP62_HUMAN:sp|A7E2F4|GOG8A_HUMAN:sp|Q6VVX0|CP2R1_HUMAN:sp|Q8TEB7|RN128_HUMAN:sp|Q6VY07|PACS1_HUMAN:sp|A4D0S4|LAMB4_HUMAN:sp|Q13315|ATM_HUMAN:sp|A6NHR9|SMHD1_HUMAN:sp|Q8NAN2|MIGA1_HUMAN:sp|Q5VU65|P210L_HUMAN:sp|Q9HC62|SENP2_HUMAN:sp|Q5TIA1|MEI1_HUMAN:sp|Q5VUD6|DIK1B_HUMAN:sp|O60296|TRAK2_HUMAN:sp|O75385|ULK1_HUMAN:sp|Q8TBB1|LNX1_HUMAN:sp|P47972|NPTX2_HUMAN:sp|Q9Y6M7|S4A7_HUMAN:sp|P42704|LPPRC_HUMAN:sp|Q96C86|DCPS_HUMAN:sp|O94826|TOM70_HUMAN:sp|P08582|TRFM_HUMAN:sp|F5H4B4|F227A_HUMAN:sp|Q96G46|DUS3L_HUMAN:sp|Q9UK39|NOCT_HUMAN:sp|Q9ULL8|SHRM4_HUMAN:sp|P35523|CLCN1_HUMAN:sp|P07988|PSPB_HUMAN:sp|Q9NPP4|NLRC4_HUMAN:sp|Q8WXI9|P66B_HUMAN:sp|A6NNM8|TTL13_HUMAN:sp|Q92508|PIEZ1_HUMAN:sp|Q9P2E9|RRBP1_HUMAN:sp|Q12809|KCNH2_HUMAN:sp|Q9P0R6|GSKIP_HUMAN:sp|O75970|MPDZ_HUMAN:sp|Q8IZ52|CHSS2_HUMAN:sp|Q5THJ4|VP13D_HUMAN:sp|A8MQT2|GOG8B_HUMAN:sp|Q9NQW1|SC31B_HUMAN:sp|Q8TDY4|ASAP3_HUMAN:sp|Q9NS40|KCNH7_HUMAN:sp|Q6UXX5|ITIH6_HUMAN:sp|Q8N5J4|SPIC_HUMAN:sp|O75469|NR1I2_HUMAN:sp|Q6NUM9|RETST_HUMAN:sp|O75610|LFTY1_HUMAN:sp|Q9NPG3|UBN1_HUMAN:sp|Q9BX46|RBM24_HUMAN:sp|Q6NVH7|SWAP1_HUMAN:sp|Q8TD31|CCHCR_HUMAN:sp|Q9ULD8|KCNH3_HUMAN:sp|Q8NE63|HIPK4_HUMAN:sp|P49842|STK19_HUMAN:sp|O15438|MRP3_HUMAN:sp|Q9H461|FZD8_HUMAN:sp|Q6ZTA4|TRI67_HUMAN:sp|Q2M1V0|ISX_HUMAN:sp|Q96GN5|CDA7L_HUMAN:sp|Q00975|CAC1B_HUMAN:sp|Q9UBI4|STML1_HUMAN:sp|Q9HC52|CBX8_HUMAN:sp|Q99698|LYST_HUMAN:sp|Q9BZQ6|EDEM3_HUMAN:sp|Q9UQ05|KCNH4_HUMAN:sp|Q96KQ7|EHMT2_HUMAN:sp|Q12905|ILF2_HUMAN:sp|P0DMV8|HS71A_HUMAN:sp|Q9BXT2|CCG6_HUMAN:sp|O94906|PRP6_HUMAN:sp|Q92974|ARHG2_HUMAN:sp|Q9H252|KCNH6_HUMAN:sp|P02549|SPTA1_HUMAN:sp|Q9UBQ0|VPS29_HUMAN:sp|P20711|DDC_HUMAN:sp|Q96HP0|DOCK6_HUMAN:sp|P25092|GUC2C_HUMAN:sp|Q9C0I1|MTMRC_HUMAN:sp|Q8NEG7|DEN6B_HUMAN:sp|Q5BJF6|ODFP2_HUMAN:sp|Q9NTI5|PDS5B_HUMAN:sp|Q8TD55|PKHO2_HUMAN:sp|Q8IZY2|ABCA7_HUMAN:sp|Q96L42|KCNH8_HUMAN:sp|O00744|WN10B_HUMAN:sp|Q58EX2|SDK2_HUMAN:sp|Q02224|CENPE_HUMAN:sp|Q9BXM7|PINK1_HUMAN:sp|Q8N2S1|LTBP4_HUMAN:sp|P46199|IF2M_HUMAN:sp|Q9UBC1|IKBL1_HUMAN:sp|Q9Y6U7|RN215_HUMAN:sp|Q9NY46|SCN3A_HUMAN:sp|O14830|PPE2_HUMAN:sp|O75443|TECTA_HUMAN:sp|P32780|TF2H1_HUMAN:sp|P34931|HS71L_HUMAN:sp|Q86XS8|GOLI_HUMAN:sp|Q8IYB7|DI3L2_HUMAN:sp|Q9H1H9|KI13A_HUMAN:sp|Q9P2B7|CFA97_HUMAN:sp|Q9ULE4|F184B_HUMAN:sp|Q96HV5|TM41A_HUMAN:sp|Q9BT30|ALKB7_HUMAN:sp|Q68CQ4|UTP25_HUMAN:sp|Q16671|AMHR2_HUMAN:sp|Q7Z5N4|SDK1_HUMAN:sp|Q9C0H9|SRCN1_HUMAN:sp|P0DMV9|HS71B_HUMAN:sp|P78316|NOP14_HUMAN,DeepNovo
A(+42.01)HDPTKKGGAKLSSL,71.01,1550.8417,15,40.0,15,1.2,517.95508,3,29.0149,10.1149,0.22,10924,HFX193_IPP292_GEL_CRC_324_Even.raw,3.4E6,3.13E7,5,5,2,2,"Acetylation (N-term)",,0 0 0 0 0 0 4 0 0 2 1 5 8 11 5,A(+42.01)HDPTKKGGAKLSSL,sp|Q14684|RRP1B_HUMAN:sp|Q9BZZ2|SN_HUMAN:sp|Q8NEQ5|CA162_HUMAN:sp|Q96DU3|SLAF6_HUMAN:sp|Q15545|TAF7_HUMAN:sp|Q5VT06|CE350_HUMAN:sp|Q5H9B9|BM2KL_HUMAN:sp|Q8TCN5|ZN507_HUMAN:sp|P20929|NEBU_HUMAN:sp|Q7Z6B0|CCD91_HUMAN:sp|Q5MCW4|ZN569_HUMAN:sp|Q13029|PRDM2_HUMAN:sp|Q8IWZ3|ANKH1_HUMAN:sp|O43933|PEX1_HUMAN:sp|Q9NZ71|RTEL1_HUMAN:sp|Q7RTR8|T2R42_HUMAN:sp|Q6P0Q8|MAST2_HUMAN:sp|O94855|SC24D_HUMAN:sp|Q8WZ75|ROBO4_HUMAN:sp|Q58DX5|NADL2_HUMAN:sp|Q96L91|EP400_HUMAN:sp|Q3MIW9|MUCL3_HUMAN:sp|P31949|S10AB_HUMAN:sp|Q9Y2H0|DLGP4_HUMAN:sp|P61970|NTF2_HUMAN:sp|Q9H5V7|IKZF5_HUMAN:sp|Q9NX05|F120C_HUMAN:sp|Q9NYY1|IL20_HUMAN:sp|O75663|TIPRL_HUMAN:sp|Q5HYK9|ZN667_HUMAN:sp|Q8WUY3|PRUN2_HUMAN:sp|O60479|DLX3_HUMAN:sp|Q6P5Z2|PKN3_HUMAN:sp|A4FU49|SH321_HUMAN:sp|Q14980|NUMA1_HUMAN:sp|Q659A1|ICE2_HUMAN:sp|Q0VAM2|RGF1B_HUMAN:sp|Q96LB3|IFT74_HUMAN:RPL22_DEL_T-p.K15Rfs*5_::chr1:6197225-6198225_frame=1:sp|Q9HC16|ABC3G_HUMAN:sp|Q8WW38|FOG2_HUMAN:sp|Q15651|HMGN3_HUMAN:sp|Q15404|RSU1_HUMAN:sp|Q92558|WASF1_HUMAN:sp|Q2QGD7|ZXDC_HUMAN:sp|Q12872|SFSWA_HUMAN:sp|Q99490|AGAP2_HUMAN:sp|P51531|SMCA2_HUMAN:sp|O60303|KATIP_HUMAN:sp|Q86UP8|GTD2A_HUMAN:sp|Q6AI39|BICRL_HUMAN:sp|Q6ZRI0|OTOG_HUMAN:sp|Q8NEV4|MYO3A_HUMAN:sp|Q96FL8|S47A1_HUMAN:sp|Q8TD31|CCHCR_HUMAN:sp|Q9ULV3|CIZ1_HUMAN:sp|Q86XA9|HTR5A_HUMAN:sp|Q86U06|RBM23_HUMAN:sp|Q96FZ7|CHMP6_HUMAN:sp|Q14320|FA50A_HUMAN:sp|Q86UQ4|ABCAD_HUMAN:sp|Q92783|STAM1_HUMAN:sp|Q5JVG2|ZN484_HUMAN:sp|Q03252|LMNB2_HUMAN:sp|Q7LBE3|S26A9_HUMAN:sp|Q8TEQ8|PIGO_HUMAN:sp|P06756|ITAV_HUMAN:sp|Q6ZTU2|E400N_HUMAN:sp|Q9BYB0|SHAN3_HUMAN:sp|Q9NSY1|BMP2K_HUMAN:sp|Q9NQR4|NIT2_HUMAN:sp|Q8N5G2|MACOI_HUMAN:sp|P62805|H4_HUMAN:sp|P04406|G3P_HUMAN:sp|Q9ULJ3|ZBT21_HUMAN:sp|O95180|CAC1H_HUMAN:sp|Q9Y4D1|DAAM1_HUMAN:sp|Q7RTU9|STRC_HUMAN:sp|Q5TB80|CE162_HUMAN:sp|P52757|CHIO_HUMAN:sp|Q8IZA3|H18_HUMAN:sp|Q8NH92|OR1S1_HUMAN:sp|Q7Z5L7|PODN_HUMAN:sp|Q9NQS3|NECT3_HUMAN:sp|Q86US8|EST1A_HUMAN:sp|Q9Y3P9|RBGP1_HUMAN:sp|Q9NYQ8|FAT2_HUMAN:sp|Q9BPX7|CG025_HUMAN:sp|P23515|OMGP_HUMAN:sp|Q14114|LRP8_HUMAN:sp|Q9UQ16|DYN3_HUMAN:sp|A6NCN8|TEX52_HUMAN:sp|Q9H4Q4|PRD12_HUMAN:sp|P08047|SP1_HUMAN:sp|P02458|CO2A1_HUMAN:sp|Q15759|MK11_HUMAN:sp|O43808|PM34_HUMAN:sp|O96028|NSD2_HUMAN:sp|Q9NRJ4|TULP4_HUMAN:sp|Q96A11|G3ST3_HUMAN:sp|Q9H707|ZN552_HUMAN:sp|P05997|CO5A2_HUMAN:sp|P35790|CHKA_HUMAN:sp|Q9Y592|CEP83_HUMAN:sp|P08603|CFAH_HUMAN:sp|Q8IYW2|CFA46_HUMAN:sp|Q9UPY6|WASF3_HUMAN:sp|P07307|ASGR2_HUMAN:sp|Q5SR56|MF14B_HUMAN:sp|Q92613|JADE3_HUMAN:sp|Q17RW2|COOA1_HUMAN:sp|Q6NUP7|PP4R4_HUMAN:sp|Q7L2K0|TEDC2_HUMAN:sp|Q03164|KMT2A_HUMAN:sp|P31629|ZEP2_HUMAN:sp|Q13202|DUS8_HUMAN:sp|Q8TF21|ANR24_HUMAN:sp|Q9Y3C0|WASC3_HUMAN:sp|P15086|CBPB1_HUMAN:sp|P13611|CSPG2_HUMAN,DeepNovo
A(+42.01)HTSGPGSGVL,55.44,1023.4985,11,45.5,11,1.8,512.75745,2,37.0596,-16.2404,0.07,14195,HFX193_IPP292_GEL_CRC_324_Odd.raw,1.56E7,7.96E7,2,2,2,2,"Acetylation (N-term)",,0 0 28 34 30 3 1 1 0 0 4,A(+42.01)HTSGPGSGVL,sp|O14978|ZN263_HUMAN:sp|Q9BXQ6|T121B_HUMAN:sp|Q8IVE3|PKHH2_HUMAN:sp|Q6ZN04|MEX3B_HUMAN:sp|Q96J92|WNK4_HUMAN:sp|Q96S06|LMF1_HUMAN:sp|P45974|UBP5_HUMAN:sp|Q8WYL5|SSH1_HUMAN:sp|Q6ZN01|MASTR_HUMAN:sp|Q9H972|CN093_HUMAN:sp|A6NJG2|SWAHD_HUMAN:sp|Q9UIJ5|ZDHC2_HUMAN:sp|Q9Y3R4|NEUR2_HUMAN:sp|Q99932|SPAG8_HUMAN:sp|O94905|ERLN2_HUMAN:sp|Q7Z4P5|GDF7_HUMAN:sp|Q86YJ7|AN13B_HUMAN:sp|Q9BWT7|CAR10_HUMAN:sp|Q9BWX5|GATA5_HUMAN:sp|Q96JN8|NEUL4_HUMAN:sp|Q9H2C1|LHX5_HUMAN:sp|Q6P0Q8|MAST2_HUMAN:sp|P39059|COFA1_HUMAN:sp|Q8N7U7|TPRX1_HUMAN:sp|Q8NFD5|ARI1B_HUMAN:sp|Q9UKZ1|CNO11_HUMAN:sp|Q9BY11|PACN1_HUMAN:sp|Q99717|SMAD5_HUMAN:sp|Q5T5P2|SKT_HUMAN:sp|A6QL63|ABTB3_HUMAN:sp|Q9P2D1|CHD7_HUMAN:sp|Q70CQ2|UBP34_HUMAN:sp|P02671|FIBA_HUMAN:sp|Q9Y6X8|ZHX2_HUMAN:sp|Q8NDG6|TDRD9_HUMAN:sp|P53539|FOSB_HUMAN:sp|Q9H1A3|METL9_HUMAN:sp|Q9C0C2|TB182_HUMAN:sp|P98161|PKD1_HUMAN:sp|P51617|IRAK1_HUMAN:sp|Q9NWS9|ZN446_HUMAN:sp|Q9UGI6|KCNN3_HUMAN:sp|Q86TM6|SYVN1_HUMAN:sp|Q15811|ITSN1_HUMAN:sp|Q9BSG5|RTBDN_HUMAN:sp|O00268|TAF4_HUMAN:sp|Q8N6N2|TTC9B_HUMAN:sp|P49848|TAF6_HUMAN:sp|P05787|K2C8_HUMAN:sp|Q9UKN1|MUC12_HUMAN:sp|Q93086|P2RX5_HUMAN:sp|Q96J01|THOC3_HUMAN:sp|Q15648|MED1_HUMAN:sp|P98088|MUC5A_HUMAN:sp|P54845|NRL_HUMAN:sp|Q8NBR9|CK072_HUMAN:sp|Q8WUM0|NU133_HUMAN:sp|Q8WYR1|PI3R5_HUMAN:sp|Q2LD37|BLTP1_HUMAN:sp|Q9NQX0|PRDM6_HUMAN:sp|Q17RW2|COOA1_HUMAN:sp|Q9HCE0|EPG5_HUMAN:sp|Q8IZD0|SAM14_HUMAN:sp|Q9H2P0|ADNP_HUMAN:sp|Q96LD4|TRI47_HUMAN:sp|P35609|ACTN2_HUMAN,DeepNovo
A(+42.01)HVTM(+15.99)HLLR,29.17,1134.5968,9,0.0,9,0.9,568.30615,2,36.2344,1.6344,0.69,13867,HFX193_IPP292_GEL_CRC_324_Odd.raw,1.57E6,1.13E7,1,1,1,1,"Acetylation (N-term);Oxidation (M)",,0 0 1 1 0 0 0 0 0,A(+42.01)HVTM(+15.99)HLLR,,DeepNovo
A(+42.01)HVTRPLHY,42.14,1134.5934,9,55.6,9,2.9,379.20618,3,36.2344,8.3344,0.28,13885,HFX193_IPP292_GEL_CRC_324_Odd.raw,5.64E5,3.93E6,1,1,1,1,"Acetylation (N-term)",,0 0 5 3 0 0 2 3 4,A(+42.01)HVTRPLHY,,DeepNovo
A(+42.01)KAGLGKLA,35.64,869.5334,9,44.4,9,-1.2,435.77347,2,42.3738,-2.8262,0.41,16377,HFX193_IPP292_GEL_CRC_324_Even.raw,3.04E5,2.79E6,2,2,2,2,"Acetylation (N-term)",,0 0 1 1 1 2 2 2 2,A(+42.01)KAGLGKLA,sp|P58107|EPIPL_HUMAN:sp|Q13395|TARB1_HUMAN:sp|P05387|RLA2_HUMAN:sp|P59046|NAL12_HUMAN:sp|P42858|HD_HUMAN:sp|A1L4H1|SRCRL_HUMAN:sp|Q5VTT5|MYOM3_HUMAN:sp|Q6ZRS2|SRCAP_HUMAN:sp|Q9UL36|ZN236_HUMAN:sp|Q13535|ATR_HUMAN:sp|A6NFT4|CFA73_HUMAN:sp|P50402|EMD_HUMAN:sp|Q8IWZ3|ANKH1_HUMAN:sp|Q9BTT6|LRRC1_HUMAN:sp|Q5JTY5|ZNG1C_HUMAN:sp|A6NHR9|SMHD1_HUMAN:sp|P81605|DCD_HUMAN:sp|Q9BZG2|PPAT_HUMAN:sp|O60292|SI1L3_HUMAN:sp|Q9UIQ6|LCAP_HUMAN:sp|P24928|RPB1_HUMAN:sp|Q8IUF1|ZNG1B_HUMAN:sp|Q99558|M3K14_HUMAN:sp|Q96L91|EP400_HUMAN:sp|Q6K0P9|IFIX_HUMAN:sp|Q96ME1|FXL18_HUMAN:sp|O95843|GUC1C_HUMAN:sp|Q86Y79|PTH_HUMAN:sp|Q08211|DHX9_HUMAN:sp|Q68CZ1|FTM_HUMAN:sp|O95292|VAPB_HUMAN:sp|Q9BYG8|GSDMC_HUMAN:sp|P59044|NLRP6_HUMAN:PHF2_DEL_A-p.K492Rfs*6_::chr9:93659830-93660830_frame=-1:sp|Q08345|DDR1_HUMAN:sp|Q6PIU1|KCNV1_HUMAN:sp|Q14549|GBX1_HUMAN:sp|Q9UL68|MYT1L_HUMAN:sp|Q96I15|SCLY_HUMAN:sp|Q5JYT7|K1755_HUMAN:sp|Q9BRN9|TM2D3_HUMAN:sp|Q14160|SCRIB_HUMAN:sp|Q9BRT8|ZNG1A_HUMAN:sp|Q92508|PIEZ1_HUMAN:sp|O00533|NCHL1_HUMAN:sp|Q96P20|NLRP3_HUMAN:sp|Q13017|RHG05_HUMAN:sp|Q9NZT1|CALL5_HUMAN:sp|P04629|NTRK1_HUMAN:sp|B3EWG6|FM25G_HUMAN:sp|P40967|PMEL_HUMAN:sp|O75578|ITA10_HUMAN:sp|Q9BYV6|TRI55_HUMAN:sp|Q86XR2|NIBA3_HUMAN:sp|Q3B7T1|EDRF1_HUMAN:sp|C9JJ37|BTBDJ_HUMAN:sp|Q86WG5|MTMRD_HUMAN:sp|Q16832|DDR2_HUMAN:sp|O15230|LAMA5_HUMAN:sp|O75334|LIPA2_HUMAN:sp|A2RU49|HYKK_HUMAN:sp|P25067|CO8A2_HUMAN:sp|O95968|SG1D1_HUMAN:sp|Q6IC98|GRAM4_HUMAN:sp|P40197|GPV_HUMAN:sp|Q9NX02|NALP2_HUMAN:sp|Q6P2Q9|PRP8_HUMAN:sp|Q6ZSB9|ZBT49_HUMAN:sp|Q9UNK9|ANGE1_HUMAN:sp|Q8IWE5|PKHM2_HUMAN:sp|Q86VN1|VPS36_HUMAN:sp|Q8WZ42|TITIN_HUMAN:sp|Q7Z449|CP2U1_HUMAN:sp|P11586|C1TC_HUMAN:sp|Q4V339|ZNG1F_HUMAN:MNS1_DEL_TT-p.K202Afs*5_::chr15:56444025-56445026_frame=-3:sp|Q5TGS1|HES3_HUMAN:sp|Q7Z3K3|POGZ_HUMAN:sp|Q96IR2|ZN845_HUMAN:sp|Q9ULW0|TPX2_HUMAN:sp|Q8WTV0|SCRB1_HUMAN:sp|O15016|TRI66_HUMAN:DDX27_DEL_A-p.K660Rfs*4_::chr20:49241467-49242467_frame=-3:sp|Q13523|PRP4B_HUMAN:sp|Q15269|PWP2_HUMAN:sp|Q13045|FLII_HUMAN:sp|A6NES4|MRO2A_HUMAN:sp|Q8N1I8|CAAS1_HUMAN:sp|Q6P1Q0|LTMD1_HUMAN:sp|Q14596|NBR1_HUMAN:sp|Q5UIP0|RIF1_HUMAN:sp|Q9C0D5|TANC1_HUMAN:sp|P0C7U0|ELFN1_HUMAN:MXRA8_DEL_G-p.R301Gfs*107_::chr1:1354230-1355230_frame=3:sp|Q6ZN32|ETV3L_HUMAN:sp|P56945|BCAR1_HUMAN:sp|Q05086|UBE3A_HUMAN:sp|Q68CP4|HGNAT_HUMAN:sp|Q5RIA9|ZNG1E_HUMAN:sp|A0A0K0K1B3|TVB30_HUMAN:sp|Q9Y2U2|KCNK7_HUMAN:sp|O15061|SYNEM_HUMAN:sp|Q9GZZ9|UBA5_HUMAN:sp|Q9Y238|DLEC1_HUMAN:sp|C9JSJ3|MEIOS_HUMAN:sp|Q5VTJ3|KLD7A_HUMAN:sp|Q9H5L6|THAP9_HUMAN:sp|Q7RTR0|NLRP9_HUMAN:sp|Q10571|MN1_HUMAN:sp|Q4G0P3|HYDIN_HUMAN:sp|Q8WVH0|CPLX3_HUMAN:sp|Q5JTW2|CEP78_HUMAN:sp|Q6ZUX3|TGRM2_HUMAN:sp|Q9NYU1|UGGG2_HUMAN:sp|O75179|ANR17_HUMAN:sp|P20849|CO9A1_HUMAN:sp|B3EWG5|FM25C_HUMAN:sp|P52564|MP2K6_HUMAN:sp|Q96CG8|CTHR1_HUMAN:sp|Q9Y3Q8|T22D4_HUMAN,DeepNovo
A(+42.01)KATLDL,24.91,772.4330,7,71.4,7,-0.4,773.44000,1,67.1786,-16.5214,0.72,26244,HFX193_IPP292_GEL_CRC_324_Even.raw,2.64E5,1.31E6,1,1,1,1,"Acetylation (N-term)",,0 0 26 46 87 35 5,A(+42.01)KATLDL,sp|P05093|CP17A_HUMAN:sp|Q5T7N2|LITD1_HUMAN:sp|Q9Y3X0|CCDC9_HUMAN:sp|Q8N5C6|SRBD1_HUMAN:sp|P40145|ADCY8_HUMAN:sp|Q8WZ64|ARAP2_HUMAN:sp|O94952|FBX21_HUMAN:sp|Q2KHR3|QSER1_HUMAN:sp|Q9Y471|CMAH_HUMAN:sp|Q8NE09|RGS22_HUMAN:sp|Q6ZSS7|MFSD6_HUMAN:sp|Q96DR7|ARHGQ_HUMAN:sp|Q9UBF1|MAGC2_HUMAN:sp|O43683|BUB1_HUMAN:sp|Q9NXV6|CARF_HUMAN:sp|Q6F5E8|CARL2_HUMAN:sp|Q6V1X1|DPP8_HUMAN:sp|Q9UQP3|TENN_HUMAN:sp|P57055|DSCR6_HUMAN:sp|Q9NZM1|MYOF_HUMAN:sp|Q16762|THTR_HUMAN:sp|Q13972|RGRF1_HUMAN:sp|O95273|CCDB1_HUMAN:sp|Q9NQX3|GEPH_HUMAN:sp|Q8IVF5|TIAM2_HUMAN:sp|Q8NGK4|O52K1_HUMAN:sp|O00231|PSD11_HUMAN:sp|Q6UXB8|PI16_HUMAN:sp|Q9NTI5|PDS5B_HUMAN:sp|Q9UQL6|HDAC5_HUMAN:sp|A2RUH7|MBPHL_HUMAN:sp|Q8NDZ2|SIMC1_HUMAN:sp|O60244|MED14_HUMAN:sp|Q96A58|RERG_HUMAN:sp|P29622|KAIN_HUMAN:sp|Q9H7E9|CH033_HUMAN:sp|Q3V6T2|GRDN_HUMAN:sp|Q9BW66|CINP_HUMAN:sp|Q8NF91|SYNE1_HUMAN:sp|P0C221|CC175_HUMAN:sp|P16278|BGAL_HUMAN:sp|P49005|DPOD2_HUMAN:sp|P15918|RAG1_HUMAN:sp|Q13601|KRR1_HUMAN:sp|Q9Y490|TLN1_HUMAN:sp|Q6IA69|NADE_HUMAN:sp|Q8NEA6|GLIS3_HUMAN:sp|Q2LD37|BLTP1_HUMAN:sp|Q9NYL5|CP39A_HUMAN:sp|Q9H0M0|WWP1_HUMAN:sp|Q8NBM4|UBAC2_HUMAN:sp|Q8N4P6|LRC71_HUMAN:sp|Q8NDV3|SMC1B_HUMAN,DeepNovo
A(+42.01)KAVRAGAL,31.19,897.5396,9,66.7,9,0.1,449.77710,2,39.8345,9.4345,0.52,15321,HFX193_IPP292_GEL_CRC_324_Even.raw,3.92E5,4.47E6,1,1,1,1,"Acetylation (N-term)",,5 6 6 4 0 0 0 9 5,A(+42.01)KAVRAGAL,,DeepNovo
A(+42.01)KKRGLPQ(+0.98)L,21.20,1052.6342,9,33.3,9,-1.6,527.32355,2,41.7491,6.0491,0.56,16111,HFX193_IPP292_GEL_CRC_324_Even.raw,2.3E5,1.75E6,1,1,1,1,"Acetylation (N-term);Deamidation (NQ)",,5 0 0 0 0 3 0 0 5,A(+42.01)KKRGLPQ(+0.98)L,sp|Q9Y3I0|RTCB_HUMAN,DB Search
A(+42.01)KLAHHLSL,29.76,1030.5923,9,55.6,9,-0.4,344.53793,3,41.1605,-6.1395,0.23,15836,HFX193_IPP292_GEL_CRC_324_Odd.raw,7.32E6,4.45E7,1,1,1,1,"Acetylation (N-term)",,0 0 0 6 3 2 0 3 5,A(+42.01)KLAHHLSL,,DeepNovo
A(+42.01)KLAHLHSL,35.55,1030.5923,9,77.8,9,0.0,516.30347,2,41.1606,-5.2394,0.56,15844,HFX193_IPP292_GEL_CRC_324_Odd.raw,1.85E7,1.03E8,3,3,3,3,"Acetylation (N-term)",,0 0 5 9 5 5 11 7 5,A(+42.01)KLAHLHSL,sp|Q9BYH8|IKBZ_HUMAN:sp|O95819|M4K4_HUMAN:sp|Q9NU02|ANKE1_HUMAN:sp|Q5T0N1|CFA70_HUMAN:sp|Q9BXR5|TLR10_HUMAN:sp|Q8NH02|O2T29_HUMAN:sp|Q6IEZ7|OR2T5_HUMAN:sp|Q8NGB8|O4F15_HUMAN:sp|Q8N4C8|MINK1_HUMAN:sp|P11309|PIM1_HUMAN:sp|Q99640|PMYT1_HUMAN:tr|A0A286YEU6|A0A286YEU6_HUMAN:sp|Q16613|SNAT_HUMAN:sp|Q5T011|SZT2_HUMAN:sp|Q8WTW3|COG1_HUMAN:sp|Q8NGR2|OR1L6_HUMAN:sp|P36896|ACV1B_HUMAN:sp|Q6ZS11|RINL_HUMAN:sp|Q9NP95|FGF20_HUMAN:sp|Q9C093|SPEF2_HUMAN:sp|Q8IZF6|AGRG4_HUMAN:sp|Q04771|ACVR1_HUMAN:sp|Q96LI9|CX058_HUMAN:sp|O00410|IPO5_HUMAN:sp|O75460|ERN1_HUMAN:sp|P25963|IKBA_HUMAN:sp|Q53GS7|GLE1_HUMAN:sp|Q9C0D9|EPT1_HUMAN:sp|Q9NWH9|SLTM_HUMAN:sp|Q15418|KS6A1_HUMAN:sp|Q8NGR8|OR1L8_HUMAN:sp|P51812|KS6A3_HUMAN:sp|Q12864|CAD17_HUMAN:sp|Q96B21|TM45B_HUMAN:sp|Q76MJ5|ERN2_HUMAN:sp|Q02224|CENPE_HUMAN:sp|Q14865|ARI5B_HUMAN:sp|Q9HCC8|GDPD2_HUMAN:sp|Q96PU4|UHRF2_HUMAN:sp|P36897|TGFR1_HUMAN:sp|Q6ZT07|TBCD9_HUMAN:sp|P35575|G6PC1_HUMAN:sp|A5YKK6|CNOT1_HUMAN:sp|M0R2J8|DCDC1_HUMAN:sp|Q15349|KS6A2_HUMAN:sp|Q8NGR5|OR1L4_HUMAN:sp|Q96BH3|ESPB1_HUMAN:sp|Q96Q04|LMTK3_HUMAN:sp|Q7Z2Y5|NRK_HUMAN:sp|A4D1E1|Z804B_HUMAN:sp|Q04671|P_HUMAN:sp|P37023|ACVL1_HUMAN:sp|O15409|FOXP2_HUMAN:sp|Q13615|MTMR3_HUMAN:sp|Q96JW4|S41A2_HUMAN:sp|Q9Y2C9|TLR6_HUMAN:sp|Q9BYN7|ZN341_HUMAN:sp|P37173|TGFR2_HUMAN:sp|O75165|DJC13_HUMAN:sp|P12821|ACE_HUMAN:sp|P14384|CBPM_HUMAN:sp|Q7Z3C6|ATG9A_HUMAN:sp|Q6ZRR7|LRRC9_HUMAN:sp|P59047|NALP5_HUMAN:sp|Q2M1K9|ZN423_HUMAN:sp|Q8NER5|ACV1C_HUMAN:sp|Q9C0K7|STRAB_HUMAN:sp|Q9UPR0|PLCL2_HUMAN,DeepNovo
A(+42.01)KLERLRGLR,41.68,1252.7727,10,40.0,10,1.8,418.59894,3,40.5093,5.3093,0.49,15591,HFX193_IPP292_GEL_CRC_324_Even.raw,8.22E5,5.23E6,1,1,1,1,"Acetylation (N-term)",,0 0 3 3 2 0 0 0 0 5,A(+42.01)KLERLRGLR,sp|O94769|ECM2_HUMAN:sp|Q96M20|CNBD2_HUMAN:sp|Q9BXU3|TX13A_HUMAN:sp|Q2M3C6|TM266_HUMAN:sp|Q96LW4|PRIPO_HUMAN:sp|O75694|NU155_HUMAN:sp|Q7Z570|Z804A_HUMAN:sp|Q9BUF5|TBB6_HUMAN:sp|B7ZC32|KIF28_HUMAN:sp|Q92626|PXDN_HUMAN:sp|O75955|FLOT1_HUMAN:sp|Q460N5|PAR14_HUMAN:sp|Q9BZD4|NUF2_HUMAN:sp|Q9H0J9|PAR12_HUMAN:sp|P28370|SMCA1_HUMAN:sp|A0A1W2PR95|IGB1C_HUMAN:sp|P17535|JUND_HUMAN:sp|Q9BZE3|BARH1_HUMAN:sp|Q5JXB2|UE2NL_HUMAN:sp|O75678|RFPL2_HUMAN:sp|Q9UNE0|EDAR_HUMAN:sp|P04350|TBB4A_HUMAN:sp|Q9HCN4|GPN1_HUMAN:sp|O94812|BAIP3_HUMAN:sp|Q9NZR2|LRP1B_HUMAN:sp|P0DJD0|RGPD1_HUMAN:sp|O75679|RFPL3_HUMAN:sp|P19087|GNAT2_HUMAN:sp|Q9NUU7|DD19A_HUMAN:sp|O60613|SEP15_HUMAN:sp|Q86UW6|N4BP2_HUMAN:sp|Q6ZW05|PTHD4_HUMAN:sp|O75096|LRP4_HUMAN:sp|Q9BRD0|BUD13_HUMAN:sp|Q9NYH9|UTP6_HUMAN:sp|Q9UFE4|CCD39_HUMAN:sp|Q96JD6|AKCL2_HUMAN:sp|Q8TDR4|TCP1L_HUMAN:sp|Q15811|ITSN1_HUMAN:sp|Q96NW7|LRRC7_HUMAN:sp|Q5T0F9|C2D1B_HUMAN:sp|Q17RQ9|NKPD1_HUMAN:sp|P98164|LRP2_HUMAN:sp|O75937|DNJC8_HUMAN:sp|Q99666|RGPD5_HUMAN:sp|Q9P2P6|STAR9_HUMAN:sp|Q9BYC5|FUT8_HUMAN:sp|Q96DT5|DYH11_HUMAN:sp|Q5T9S5|CCD18_HUMAN:sp|P11532|DMD_HUMAN:sp|Q96KN7|RPGR1_HUMAN:sp|Q460N3|PAR15_HUMAN:sp|Q10713|MPPA_HUMAN:sp|Q1A5X6|IQCJ_HUMAN:sp|Q9H875|PKRI1_HUMAN:sp|P16949|STMN1_HUMAN:sp|Q9P289|STK26_HUMAN:MARCKS_DEL_A-p.K155Rfs*12_::chr6:113859534-113860534_frame=-1:sp|Q86W28|NALP8_HUMAN:sp|Q9BVA1|TBB2B_HUMAN:sp|A6NKT7|RGPD3_HUMAN:sp|Q01064|PDE1B_HUMAN:sp|Q9NUQ3|TXLNG_HUMAN:sp|P40197|GPV_HUMAN:sp|O95622|ADCY5_HUMAN:sp|O60519|CRBL2_HUMAN:sp|Q6PH85|DCNL2_HUMAN:sp|Q9UFH2|DYH17_HUMAN:sp|P14543|NID1_HUMAN:sp|O15213|WDR46_HUMAN:sp|Q96PY5|FMNL2_HUMAN:sp|Q9BV73|CP250_HUMAN:sp|P10071|GLI3_HUMAN:sp|Q9UMR2|DD19B_HUMAN:sp|Q8WZ42|TITIN_HUMAN:sp|P10072|ZN875_HUMAN:sp|O14715|RGPD8_HUMAN:sp|Q9UJP4|KLH21_HUMAN:sp|Q8N2N9|AN36B_HUMAN:sp|Q9NRC6|SPTN5_HUMAN:sp|Q9UP79|ATS8_HUMAN:sp|Q9H4B7|TBB1_HUMAN:sp|Q9UJ98|STAG3_HUMAN:sp|A6NNZ2|TBB8B_HUMAN:sp|Q9Y3P9|RBGP1_HUMAN:sp|P0DJD1|RGPD2_HUMAN:sp|Q86TG7|PEG10_HUMAN:sp|Q9BY49|PECR_HUMAN:sp|P05412|JUN_HUMAN:sp|Q3L8U1|CHD9_HUMAN:sp|P62191|PRS4_HUMAN:sp|P11177|ODPB_HUMAN:sp|Q6P1N0|C2D1A_HUMAN:sp|Q86SQ0|PHLB2_HUMAN:sp|Q9Y3A2|UTP11_HUMAN:sp|Q14204|DYHC1_HUMAN:sp|Q9NPB8|GPCP1_HUMAN:sp|Q15276|RABE1_HUMAN:sp|A6NIK2|LR10B_HUMAN:sp|A6QL64|AN36A_HUMAN:sp|Q9NPF5|DMAP1_HUMAN:sp|Q8IW52|SLIK4_HUMAN:sp|Q63HN8|RN213_HUMAN:sp|O75197|LRP5_HUMAN:sp|Q96N16|JKIP1_HUMAN:sp|Q09161|NCBP1_HUMAN:sp|Q9Y6D9|MD1L1_HUMAN:sp|Q7Z3J3|RGPD4_HUMAN:sp|Q2TAL5|SMTL2_HUMAN:sp|A2VDF0|FUCM_HUMAN:sp|P68371|TBB4B_HUMAN:sp|Q5R372|RBG1L_HUMAN:sp|Q8TBA6|GOGA5_HUMAN:sp|Q9NR09|BIRC6_HUMAN:sp|Q52LJ0|FA98B_HUMAN:sp|Q8NCU4|CC191_HUMAN:sp|Q9NQ38|ISK5_HUMAN:sp|Q8TD10|MIPO1_HUMAN:sp|Q14332|FZD2_HUMAN:sp|P17275|JUNB_HUMAN,DeepNovo
A(+42.01)KLLHKVL,28.69,962.6277,8,75.0,8,0.5,321.88333,3,45.0696,-11.8304,0.43,17440,HFX193_IPP292_GEL_CRC_324_Even.raw,1.23E6,8.87E6,2,2,2,2,"Acetylation (N-term)",,0 0 2 10 5 2 2 5,A(+42.01)KLLHKVL,sp|Q9BZZ2|SN_HUMAN:sp|Q96M20|CNBD2_HUMAN:sp|Q8NGL7|OR4P4_HUMAN:sp|Q5FWF5|ESCO1_HUMAN:sp|Q9NV79|PCMD2_HUMAN:sp|P43403|ZAP70_HUMAN:sp|Q6DN14|MCTP1_HUMAN:sp|Q6ZRS2|SRCAP_HUMAN:sp|Q92529|SHC3_HUMAN:sp|Q8IWU5|SULF2_HUMAN:sp|P51959|CCNG1_HUMAN:sp|Q96DY2|DRC10_HUMAN:sp|P11488|GNAT1_HUMAN:sp|Q12906|ILF3_HUMAN:sp|P33992|MCM5_HUMAN:sp|Q9UJA3|MCM8_HUMAN:sp|Q96ST8|CEP89_HUMAN:sp|O14802|RPC1_HUMAN:sp|P06744|G6PI_HUMAN:sp|O60513|B4GT4_HUMAN:sp|Q13515|BFSP2_HUMAN:sp|Q6P0Q8|MAST2_HUMAN:sp|Q86WZ6|ZN227_HUMAN:sp|Q5TIA1|MEI1_HUMAN:sp|Q6ZP82|CC141_HUMAN:sp|Q8NFQ5|BPIB6_HUMAN:sp|Q8N2A8|PLD6_HUMAN:sp|Q86W74|ANR46_HUMAN:sp|Q8TCG1|CIP2A_HUMAN:sp|Q8TDI0|CHD5_HUMAN:sp|O75146|HIP1R_HUMAN:sp|P19087|GNAT2_HUMAN:sp|Q9UGJ1|GCP4_HUMAN:sp|Q9Y2I9|TBC30_HUMAN:sp|A8MXY4|ZNF99_HUMAN:sp|Q9NTX5|ECHD1_HUMAN:sp|P51685|CCR8_HUMAN:sp|P53582|MAP11_HUMAN:sp|Q86UP2|KTN1_HUMAN:sp|A8MVM7|YD021_HUMAN:sp|Q8WUI4|HDAC7_HUMAN:sp|Q7Z3B4|NUP54_HUMAN:sp|A8MTJ3|GNAT3_HUMAN:ZNF518A_DEL_A-p.T929Lfs*2_::chr10:96158599-96159599_frame=1:sp|Q9NV66|TYW1_HUMAN:sp|P51531|SMCA2_HUMAN:sp|O60610|DIAP1_HUMAN:sp|Q7Z494|NPHP3_HUMAN:sp|Q70J99|UN13D_HUMAN:sp|P55735|SEC13_HUMAN:sp|Q15345|LRC41_HUMAN:sp|Q07912|ACK1_HUMAN:sp|Q04637|IF4G1_HUMAN:sp|Q86U86|PB1_HUMAN:sp|Q9BYX2|TBD2A_HUMAN:sp|O43427|FIBP_HUMAN:sp|O14981|BTAF1_HUMAN:sp|Q14517|FAT1_HUMAN:sp|Q9NRP7|STK36_HUMAN:sp|Q6ZV73|FGD6_HUMAN:sp|A2AJT9|BCLA3_HUMAN:sp|Q9H900|ZWILC_HUMAN:sp|Q9UDT6|CLIP2_HUMAN:sp|Q9BW27|NUP85_HUMAN:ZNF518A_DEL_A-p.T929Lfs*2_::chr10:96158599-96159599_frame=-3:sp|P49754|VPS41_HUMAN:sp|Q8TDJ6|DMXL2_HUMAN:sp|Q86WZ0|HEAT4_HUMAN:sp|P02679|FIBG_HUMAN:sp|O15050|TRNK1_HUMAN:sp|Q8TDL5|BPIB1_HUMAN:sp|Q8WTP8|AEN_HUMAN:sp|P00540|MOS_HUMAN:sp|A1L0T0|HACL2_HUMAN:sp|O95180|CAC1H_HUMAN:sp|P06746|DPOLB_HUMAN:sp|Q86Y25|Z354C_HUMAN:sp|Q9Y6Q6|TNR11_HUMAN:sp|Q6ZTR5|CFA47_HUMAN:sp|P11233|RALA_HUMAN:sp|Q9UPU5|UBP24_HUMAN:sp|Q9NZM1|MYOF_HUMAN:sp|Q9NX08|COMD8_HUMAN:sp|P11234|RALB_HUMAN:sp|O43464|HTRA2_HUMAN:sp|Q9UMQ6|CAN11_HUMAN:sp|Q13630|FCL_HUMAN:sp|P0C7X3|CCYL3_HUMAN:sp|Q7Z3G6|PRIC2_HUMAN:sp|Q9Y5P6|GMPPB_HUMAN:sp|Q3L8U1|CHD9_HUMAN:sp|Q8IWF7|U2D2L_HUMAN:sp|Q3LXA3|TKFC_HUMAN:sp|Q9UG01|IF172_HUMAN:sp|A6NKB5|PCX2_HUMAN:sp|P21399|ACOHC_HUMAN:sp|Q6NUM6|TYW1B_HUMAN:sp|Q8NFZ5|TNIP2_HUMAN:sp|O14647|CHD2_HUMAN:sp|Q92979|NEP1_HUMAN:sp|Q9H270|VPS11_HUMAN:sp|Q9UL51|HCN2_HUMAN:sp|Q15788|NCOA1_HUMAN:sp|Q86UK0|ABCAC_HUMAN:sp|O75182|SIN3B_HUMAN:sp|O43900|PRIC3_HUMAN:sp|Q9Y238|DLEC1_HUMAN:sp|Q92643|GPI8_HUMAN:sp|Q9UHL0|DDX25_HUMAN:sp|Q8TET4|GANC_HUMAN:sp|Q96P63|SPB12_HUMAN:sp|Q32M84|BTBDG_HUMAN:sp|Q96AY4|TTC28_HUMAN:sp|Q9UP52|TFR2_HUMAN:sp|O15553|MEFV_HUMAN:sp|A4D0V7|CPED1_HUMAN:sp|Q8WXD0|RXFP2_HUMAN:sp|A4D2B8|PM2P1_HUMAN:sp|Q13228|SBP1_HUMAN:sp|Q96KR1|ZFR_HUMAN,DeepNovo
A(+42.01)KLLPAG,22.66,710.4326,7,42.9,7,-0.6,711.43951,1,60.9033,-18.1967,0.65,23737,HFX193_IPP292_GEL_CRC_324_Odd.raw,3.63E5,2.32E6,2,2,1,1,"Acetylation (N-term)",,0 0 10 19 6 0 0,A(+42.01)KLLPAG,sp|P09848|LPH_HUMAN,DB Search
A(+42.01)KLVGVGGK,47.10,869.5334,9,55.6,9,1.8,435.77478,2,41.8531,0.7531,0.53,16133,HFX193_IPP292_GEL_CRC_324_Even.raw,7.4E5,4.84E6,1,1,1,1,"Acetylation (N-term)",,0 0 14 33 3 3 0 0 5,A(+42.01)KLVGVGGK,sp|O75309|CAD16_HUMAN:sp|Q8IYJ1|CPNE9_HUMAN:sp|Q9H6X4|TM134_HUMAN:sp|P15502|ELN_HUMAN:sp|A6NGY3|CE052_HUMAN:sp|Q8TE73|DYH5_HUMAN:sp|Q01094|E2F1_HUMAN:sp|A6NHR9|SMHD1_HUMAN:sp|P23470|PTPRG_HUMAN:sp|Q96JB1|DYH8_HUMAN:sp|Q9NX70|MED29_HUMAN:sp|Q09666|AHNK_HUMAN:sp|Q9Y4X4|KLF12_HUMAN:sp|Q9UMZ3|PTPRQ_HUMAN:sp|Q8TBF2|PXL2B_HUMAN:sp|Q13618|CUL3_HUMAN:sp|Q8WXQ3|CN183_HUMAN:sp|Q9NZM5|NOP53_HUMAN:sp|Q5RI15|COX20_HUMAN:sp|Q9C0G6|DYH6_HUMAN:sp|Q9UMX1|SUFU_HUMAN:sp|P08842|STS_HUMAN:sp|Q9NP08|HMX1_HUMAN:sp|Q9NYC9|DYH9_HUMAN:sp|O15056|SYNJ2_HUMAN:sp|O75131|CPNE3_HUMAN:sp|Q7RTV5|PXL2C_HUMAN:sp|Q86WI1|PKHL1_HUMAN:sp|Q9UBL6|CPNE7_HUMAN:sp|Q9Y276|BCS1_HUMAN:sp|Q96FN4|CPNE2_HUMAN:sp|Q9UN86|G3BP2_HUMAN:sp|Q92526|TCPW_HUMAN:sp|Q8IZ69|TRM2A_HUMAN:sp|Q16630|CPSF6_HUMAN:sp|P40227|TCPZ_HUMAN:sp|Q9H4A3|WNK1_HUMAN:sp|Q9NNW5|WDR6_HUMAN:sp|P19971|TYPH_HUMAN:sp|O15197|EPHB6_HUMAN:sp|Q13895|BYST_HUMAN:sp|O95741|CPNE6_HUMAN:sp|Q99797|MIPEP_HUMAN:sp|Q8IVF4|DYH10_HUMAN:sp|P05106|ITB3_HUMAN:sp|Q9H2V7|SPNS1_HUMAN:sp|P51798|CLCN7_HUMAN:sp|Q969P0|IGSF8_HUMAN:sp|Q96G74|OTUD5_HUMAN:sp|P21695|GPDA_HUMAN:sp|Q70J99|UN13D_HUMAN:sp|Q03395|ROM1_HUMAN:sp|Q9UQ26|RIMS2_HUMAN:sp|Q96DT5|DYH11_HUMAN:sp|P12111|CO6A3_HUMAN:sp|Q9HCH3|CPNE5_HUMAN:TCF7L2_DEL_A-p.K485Sfs*23_::chr10:113165058-113166058_frame=-2:sp|O43865|SAHH2_HUMAN:sp|Q8WXX0|DYH7_HUMAN:sp|Q6ZU64|CFA65_HUMAN:sp|Q86UR5|RIMS1_HUMAN:sp|Q6ZMI0|PPR21_HUMAN:sp|O43426|SYNJ1_HUMAN:sp|Q7LC44|ARC_HUMAN:sp|P07357|CO8A_HUMAN:sp|Q9UFH2|DYH17_HUMAN:sp|Q9C0B2|CFA74_HUMAN:sp|A0A2R8Y7D0|TINCR_HUMAN:sp|O60832|DKC1_HUMAN:sp|Q86VN1|VPS36_HUMAN:sp|Q8WZ42|TITIN_HUMAN:sp|Q96J94|PIWL1_HUMAN:sp|Q8WW22|DNJA4_HUMAN:sp|Q13467|FZD5_HUMAN:sp|Q4U2R8|S22A6_HUMAN:TCF7L2_DEL_A-p.K485Sfs*23_::chr10:113165058-113166058_frame=2:sp|Q86YQ8|CPNE8_HUMAN:sp|Q8NCK7|MOT11_HUMAN:sp|Q99829|CPNE1_HUMAN:sp|A2RU67|F234B_HUMAN:sp|Q96A23|CPNE4_HUMAN:sp|Q9UJD0|RIMS3_HUMAN:sp|Q6J4K2|NCLX_HUMAN:sp|O95210|STBD1_HUMAN:sp|Q8WUG5|S22AH_HUMAN:sp|Q63ZY3|KANK2_HUMAN:sp|O75962|TRIO_HUMAN:sp|Q5SZK8|FREM2_HUMAN:sp|O95436|NPT2B_HUMAN:sp|Q12789|TF3C1_HUMAN:sp|P09038|FGF2_HUMAN:sp|O15460|P4HA2_HUMAN:sp|Q8WWM1|XAGE5_HUMAN:sp|Q96MC9|CA147_HUMAN:sp|Q9BX95|SGPP1_HUMAN:sp|A6NKX1|F223B_HUMAN:sp|A8MTJ6|FOXI3_HUMAN:sp|A9Z1Z3|FR1L4_HUMAN:sp|Q7Z2K6|ERMP1_HUMAN:sp|P53990|IST1_HUMAN:sp|Q9GZZ9|UBA5_HUMAN:sp|Q9UGC7|RF1ML_HUMAN:sp|Q92598|HS105_HUMAN:sp|P55064|AQP5_HUMAN:sp|Q8IWN6|F223A_HUMAN:sp|P53621|COPA_HUMAN:sp|Q6PJP8|DCR1A_HUMAN:sp|Q9H720|PG2IP_HUMAN:sp|Q13520|AQP6_HUMAN:sp|Q06418|TYRO3_HUMAN:sp|Q9HA77|SYCM_HUMAN:sp|Q9UFN0|NPS3A_HUMAN:sp|P15291|B4GT1_HUMAN:sp|Q9UM54|MYO6_HUMAN:sp|P14635|CCNB1_HUMAN:sp|Q96HN2|SAHH3_HUMAN:sp|Q9P2G3|KLH14_HUMAN:sp|P13674|P4HA1_HUMAN,DeepNovo
A(+42.01)KVSHGAEF,38.27,986.4821,9,33.3,9,1.1,494.24887,2,41.4660,14.6660,0.51,15981,HFX193_IPP292_GEL_CRC_324_Odd.raw,8.32E5,5.75E6,1,1,1,1,"Acetylation (N-term)",,0 0 5 5 1 0 0 0 5,A(+42.01)KVSHGAEF,sp|O60499|STX10_HUMAN:sp|O43752|STX6_HUMAN:sp|Q5T1M5|FKB15_HUMAN:sp|Q86TY3|ARMD4_HUMAN:sp|Q9H6Q3|SLAP2_HUMAN,DeepNovo
A(+42.01)LM(+15.99)VRKPLGG,56.16,1098.6219,10,40.0,10,-1.0,550.31769,2,44.6491,-10.4509,0.57,17272,HFX193_IPP292_GEL_CRC_324_Even.raw,9.1E5,3.93E6,1,1,1,1,"Acetylation (N-term);Oxidation (M)",,0 0 0 7 1 8 5 5 0 0,A(+42.01)LM(+15.99)VRKPLGG,sp|Q86UP0|CAD24_HUMAN:sp|P0CG21|NHLC4_HUMAN:sp|O95171|SCEL_HUMAN:sp|Q14565|DMC1_HUMAN:sp|Q10570|CPSF1_HUMAN:sp|Q7Z7G8|VP13B_HUMAN:sp|O43566|RGS14_HUMAN:sp|A8K0S8|ME3L2_HUMAN:sp|Q9BXY8|BEX2_HUMAN:sp|Q8TD57|DYH3_HUMAN:sp|O75051|PLXA2_HUMAN:PDS5B_INS_--A_p.N1390Kfs*13::chr13:32770249-32771250_frame=1:sp|O43561|LAT_HUMAN:sp|Q9HBH7|BEX1_HUMAN:sp|Q70EL1|UBP54_HUMAN:sp|Q9H2D6|TARA_HUMAN:sp|A8K8P3|SFI1_HUMAN:sp|Q68CZ2|TENS3_HUMAN:sp|Q8WXQ3|CN183_HUMAN:sp|Q8TEW8|PAR3L_HUMAN:sp|Q13330|MTA1_HUMAN:sp|Q14004|CDK13_HUMAN:sp|O95352|ATG7_HUMAN:sp|Q9BUD6|SPON2_HUMAN:sp|A8MUV8|ZN727_HUMAN:sp|Q9NTI5|PDS5B_HUMAN:sp|P43250|GRK6_HUMAN:sp|Q9NW75|GPTC2_HUMAN:sp|P51805|PLXA3_HUMAN:sp|Q99687|MEIS3_HUMAN:sp|Q9NYA4|MTMR4_HUMAN:sp|Q9UIW2|PLXA1_HUMAN:sp|Q5BKX6|S45A4_HUMAN:sp|Q13642|FHL1_HUMAN:sp|P47902|CDX1_HUMAN:sp|P62753|RS6_HUMAN:sp|Q96FF9|CDCA5_HUMAN:sp|O43151|TET3_HUMAN:sp|Q8N6G6|ATL1_HUMAN:sp|Q9H3C7|GGNB2_HUMAN:sp|O43497|CAC1G_HUMAN:sp|P46108|CRK_HUMAN:sp|Q06609|RAD51_HUMAN:sp|Q8IUC1|KR111_HUMAN:sp|Q9H239|MMP28_HUMAN:sp|A6NDR6|ME3L1_HUMAN:sp|P0DP72|VSXL2_HUMAN:sp|Q9BXJ7|AMNLS_HUMAN:sp|Q5HYC2|K2026_HUMAN:sp|Q9HCD5|NCOA5_HUMAN:sp|Q9H9Y6|RPA2_HUMAN:sp|Q6ZRI6|CO039_HUMAN:sp|Q9NZM4|BICRA_HUMAN:sp|Q9NZT2|OGFR_HUMAN:sp|Q9NVH0|EXD2_HUMAN:sp|Q7Z422|SZRD1_HUMAN:sp|Q9BXS6|NUSAP_HUMAN:sp|Q03001|DYST_HUMAN:sp|Q5TD97|FHL5_HUMAN:sp|Q9BXU2|TX13B_HUMAN,DeepNovo
A(+42.01)LPKEVKKPLKPRKSR,73.66,1916.2047,16,68.8,16,3.6,480.06015,4,27.2090,18.5090,0.02,10179,HFX193_IPP292_GEL_CRC_324_Even.raw,2.13E6,1.07E7,1,1,1,1,"Acetylation (N-term)",,0 0 11 11 5 4 4 4 4 5 5 5 2 0 0 1,A(+42.01)LPKEVKKPLKPRKSR,sp|Q9H492|MLP3A_HUMAN:sp|P05155|IC1_HUMAN:sp|P49418|AMPH_HUMAN:sp|O94901|SUN1_HUMAN:sp|Q16822|PCKGM_HUMAN:sp|Q7L9L4|MOB1B_HUMAN:sp|P15502|ELN_HUMAN:sp|Q96QE4|LR37B_HUMAN:sp|P11498|PYC_HUMAN:sp|O60241|AGRB2_HUMAN:sp|Q9NSE4|SYIM_HUMAN:sp|P49917|DNLI4_HUMAN:sp|Q9BXY5|CAYP2_HUMAN:sp|Q96RK0|CIC_HUMAN:sp|P49736|MCM2_HUMAN:sp|Q8IYV9|IZUM1_HUMAN:sp|Q86VZ5|SMS1_HUMAN:sp|Q6F5E8|CARL2_HUMAN:sp|P09564|CD7_HUMAN:sp|P18627|LAG3_HUMAN:tr|A0A087WYE8|A0A087WYE8_HUMAN:sp|Q15034|HERC3_HUMAN:sp|P46821|MAP1B_HUMAN:sp|Q9BS31|ZN649_HUMAN:sp|Q8N344|MIER2_HUMAN:sp|O60279|SUSD5_HUMAN:sp|Q92541|RTF1_HUMAN:sp|Q6K0P9|IFIX_HUMAN:sp|Q9UI46|DNAI1_HUMAN:sp|A6NCI4|VWA3A_HUMAN:sp|Q9HAI6|TASL_HUMAN:sp|P19878|NCF2_HUMAN:sp|Q9BQW3|COE4_HUMAN:sp|Q96QH2|PRAM_HUMAN:sp|Q9Y6A5|TACC3_HUMAN:sp|A1X283|SPD2B_HUMAN:sp|Q96RW7|HMCN1_HUMAN:sp|Q6ZNQ3|LRC69_HUMAN:sp|Q5HYK9|ZN667_HUMAN:sp|Q9UHB6|LIMA1_HUMAN:sp|P78312|F193A_HUMAN:sp|Q5JPF3|AN36C_HUMAN:sp|Q05823|RN5A_HUMAN:sp|O95741|CPNE6_HUMAN:sp|A5YM69|ARG35_HUMAN:sp|Q659A1|ICE2_HUMAN:sp|Q9HAU8|RNPL1_HUMAN:sp|Q12849|GRSF1_HUMAN:sp|Q2KJY2|KI26B_HUMAN:sp|Q9H4W6|COE3_HUMAN:sp|Q0ZGT2|NEXN_HUMAN:sp|P54253|ATX1_HUMAN:sp|Q32P44|EMAL3_HUMAN:tr|A0A075B7D0|A0A075B7D0_HUMAN:sp|P0DKV0|S31C1_HUMAN:sp|Q9UJ55|MAGL2_HUMAN:sp|Q96BD5|PF21A_HUMAN:sp|Q14863|PO6F1_HUMAN:sp|Q15311|RBP1_HUMAN:sp|Q2TAL8|QRIC1_HUMAN:sp|Q86U06|RBM23_HUMAN:sp|Q9ULD9|ZN608_HUMAN:sp|Q9NVU7|SDA1_HUMAN:sp|P22670|RFX1_HUMAN:sp|P0C854|CECR9_HUMAN:sp|Q14376|GALE_HUMAN:sp|O95427|PIGN_HUMAN:sp|O95221|OR5F1_HUMAN:sp|Q7Z333|SETX_HUMAN:sp|Q8NE09|RGS22_HUMAN:sp|Q6ZTU2|E400N_HUMAN:sp|Q96PY5|FMNL2_HUMAN:sp|Q03167|TGBR3_HUMAN:sp|Q9BYB0|SHAN3_HUMAN:sp|O14841|OPLA_HUMAN:sp|Q6P2S7|TTC41_HUMAN:sp|P17010|ZFX_HUMAN:sp|Q8WUM4|PDC6I_HUMAN:sp|Q96N77|ZN641_HUMAN:sp|Q9Y6D6|BIG1_HUMAN:sp|O43390|HNRPR_HUMAN:sp|O75445|USH2A_HUMAN:sp|Q9BYX4|IFIH1_HUMAN:sp|Q3KQU3|MA7D1_HUMAN:sp|Q96B26|EXOS8_HUMAN:sp|Q5TD94|RSH4A_HUMAN:sp|Q58EX2|SDK2_HUMAN:sp|Q99990|VGLL1_HUMAN:sp|O75976|CBPD_HUMAN:sp|Q53H76|PLA1A_HUMAN:sp|Q8N8N0|RN152_HUMAN:sp|O95466|FMNL1_HUMAN:sp|Q08AG5|ZN844_HUMAN:sp|Q569K4|Z385B_HUMAN:sp|A6QL64|AN36A_HUMAN:sp|Q9H7C4|SYNCI_HUMAN:sp|P35232|PHB1_HUMAN:sp|Q9HCE3|ZN532_HUMAN:sp|Q9NRJ4|TULP4_HUMAN:sp|Q8NGN6|O10G7_HUMAN:sp|Q8NDW8|TT21A_HUMAN:sp|Q9Y238|DLEC1_HUMAN:sp|P00390|GSHR_HUMAN:sp|O94979|SC31A_HUMAN:sp|P45452|MMP13_HUMAN:sp|Q8IV76|PASD1_HUMAN:sp|Q15233|NONO_HUMAN:sp|Q6Y288|B3GLT_HUMAN:sp|Q8TD26|CHD6_HUMAN:sp|Q5SVZ6|ZMYM1_HUMAN:sp|Q9Y6X9|MORC2_HUMAN:sp|Q96D42|HAVR1_HUMAN:sp|O60732|MAGC1_HUMAN:sp|Q9NQX0|PRDM6_HUMAN:sp|P33121|ACSL1_HUMAN:sp|Q03164|KMT2A_HUMAN:sp|Q8NCM8|DYHC2_HUMAN:sp|Q9C0H9|SRCN1_HUMAN:sp|P06400|RB_HUMAN:CCDC178_DEL_TT-p.K291Nfs*11_::chr18:33332679-33333680_frame=3,DeepNovo
A(+42.01)M(+15.99)LHLHKL,24.59,1019.5586,8,75.0,8,1.2,510.78720,2,39.5263,-2.2737,0.50,15192,HFX193_IPP292_GEL_CRC_324_Even.raw,6.78E5,5.49E6,1,1,1,1,"Acetylation (N-term);Oxidation (M)",,0 0 3 11 12 25 11 5,A(+42.01)M(+15.99)LHLHKL,sp|Q6ICG6|K0930_HUMAN:sp|Q6ZRS4|ITPI1_HUMAN:ANO10_DEL_T-p.D45Mfs*12_::chr3:43605221-43606221_frame=-3:sp|Q5JVG2|ZN484_HUMAN:sp|P19526|FUT1_HUMAN:sp|Q9ULB1|NRX1A_HUMAN:sp|Q96N38|ZN714_HUMAN:sp|P08185|CBG_HUMAN:sp|O15050|TRNK1_HUMAN:sp|Q86UP3|ZFHX4_HUMAN:sp|Q9Y4A5|TRRAP_HUMAN:sp|B2RTY4|MYO9A_HUMAN:sp|Q9P2R6|RERE_HUMAN:sp|Q9UK13|ZN221_HUMAN:sp|Q9UL59|ZN214_HUMAN:sp|Q9P1Z9|CC180_HUMAN:sp|Q96JB1|DYH8_HUMAN:sp|O75676|KS6A4_HUMAN:sp|Q9UHE8|STEA1_HUMAN:sp|Q96BJ3|AIDA_HUMAN:sp|Q9UJU3|ZN112_HUMAN:sp|P54259|ATN1_HUMAN:sp|Q12852|M3K12_HUMAN:sp|Q96C45|ULK4_HUMAN:sp|Q5VWN6|TASO2_HUMAN:sp|Q9UK32|KS6A6_HUMAN:sp|Q9UK12|ZN222_HUMAN:sp|O75582|KS6A5_HUMAN:sp|Q14588|ZN234_HUMAN:sp|Q16600|ZN239_HUMAN:sp|Q96KN4|LRAT1_HUMAN:sp|P08F94|PKHD1_HUMAN:sp|Q6GTS8|P20D1_HUMAN:sp|O43283|M3K13_HUMAN:sp|Q92833|JARD2_HUMAN:sp|P78312|F193A_HUMAN:sp|O95202|LETM1_HUMAN:sp|A6NE52|WDR97_HUMAN:sp|Q96NJ3|ZN285_HUMAN:sp|Q8IVS2|FABD_HUMAN:sp|Q9UJW7|ZN229_HUMAN:sp|Q99973|TEP1_HUMAN:sp|Q15911|ZFHX3_HUMAN:sp|Q01959|SC6A3_HUMAN:sp|Q9H999|PANK3_HUMAN:sp|Q32M84|BTBDG_HUMAN:sp|P12821|ACE_HUMAN:sp|Q5JSL3|DOC11_HUMAN:sp|O60303|KATIP_HUMAN:sp|Q13459|MYO9B_HUMAN:sp|Q9P2G9|KLHL8_HUMAN:sp|Q9P260|RELCH_HUMAN:sp|Q96KN7|RPGR1_HUMAN:sp|Q53H54|TYW2_HUMAN:sp|Q9NRM6|I17RB_HUMAN:sp|P84098|RL19_HUMAN:sp|Q7Z4V0|ZN438_HUMAN:sp|Q9UK11|ZN223_HUMAN,DeepNovo
A(+42.01)PAHYGGGGHAF,58.11,1182.5206,12,33.3,12,1.7,592.26862,2,42.5303,-0.1697,0.33,16406,HFX193_IPP292_GEL_CRC_324_Even.raw,8.01E5,6.12E6,1,1,1,1,"Acetylation (N-term)",,0 0 4 1 1 0 0 0 0 48 21 5,A(+42.01)PAHYGGGGHAF,sp|P00748|FA12_HUMAN,DeepNovo
A(+42.01)PC(+119.00)DAKGHVKL,53.95,1298.6111,11,72.7,11,1.4,433.87827,3,27.2090,-4.7910,0.20,10186,HFX193_IPP292_GEL_CRC_324_Odd.raw,5.17E4,6.7E5,1,1,1,1,"Acetylation (N-term);Cysteinylation",,0 0 0 22 15 12 2 2 4 6 5,A(+42.01)PC(+119.00)DAKGHVKL,sp|P10635|CP2D6_HUMAN:sp|Q92499|DDX1_HUMAN:sp|Q6ZRV2|FA83H_HUMAN:sp|Q9Y6D5|BIG2_HUMAN:sp|O43868|S28A2_HUMAN:sp|Q9P0K1|ADA22_HUMAN:sp|Q5MNZ6|WIPI3_HUMAN:sp|Q14703|MBTP1_HUMAN:sp|Q49MI3|CERKL_HUMAN:sp|Q9ULJ7|ANR50_HUMAN:sp|Q8IWZ3|ANKH1_HUMAN:sp|P24347|MMP11_HUMAN:tr|A0A2R9YJI8|A0A2R9YJI8_HUMAN:sp|Q9Y5R5|DMRT2_HUMAN:sp|Q49AJ0|F135B_HUMAN:sp|P12259|FA5_HUMAN:sp|P18054|LOX12_HUMAN:sp|Q8NCQ5|FBX15_HUMAN:sp|P58513|CU042_HUMAN:sp|Q401N2|ZACN_HUMAN:sp|P11215|ITAM_HUMAN:tr|A0A1B0GTQ1|A0A1B0GTQ1_HUMAN:sp|P23443|KS6B1_HUMAN:sp|Q2PPJ7|RGPA2_HUMAN:sp|Q9H6X5|CS044_HUMAN:sp|Q9P0K7|RAI14_HUMAN:sp|Q8N5S9|KKCC1_HUMAN:sp|Q5HYW2|NHSL2_HUMAN:sp|Q7Z4L5|TT21B_HUMAN:sp|Q9Y6Y1|CMTA1_HUMAN:sp|Q9Y5S2|MRCKB_HUMAN:sp|Q9Y2H1|ST38L_HUMAN:sp|Q9Y2K6|UBP20_HUMAN:sp|Q96NT3|GUCD1_HUMAN:sp|P18074|ERCC2_HUMAN:sp|Q8NDA2|HMCN2_HUMAN:sp|P35558|PCKGC_HUMAN:sp|O95409|ZIC2_HUMAN:sp|A0A087X1C5|CP2D7_HUMAN:sp|Q9Y6W3|CAN7_HUMAN:sp|P16050|LOX15_HUMAN:sp|P35869|AHR_HUMAN:sp|O75078|ADA11_HUMAN:sp|Q9UBR5|CKLF_HUMAN:sp|Q8IVP9|ZN547_HUMAN:sp|Q8IVH8|M4K3_HUMAN:sp|Q8NBI6|XXLT1_HUMAN:sp|O75179|ANR17_HUMAN:sp|A2VEC9|SSPO_HUMAN:sp|Q9NQ84|GPC5C_HUMAN:sp|Q9Y694|S22A7_HUMAN:sp|Q9HC84|MUC5B_HUMAN:sp|Q15208|STK38_HUMAN,DeepNovo
A(+42.01)PFRGKKTATAV,47.34,1287.7299,12,50.0,12,1.9,644.87347,2,36.8559,11.1559,0.31,14115,HFX193_IPP292_GEL_CRC_324_Odd.raw,4.4E5,3.91E6,1,1,1,1,"Acetylation (N-term)",,0 0 0 0 0 1 2 2 2 10 13 5,A(+42.01)PFRGKKTATAV,sp|Q03188|CENPC_HUMAN:sp|P19022|CADH2_HUMAN:sp|Q5M775|CYTSB_HUMAN:sp|O75044|SRGP2_HUMAN:sp|O95271|TNKS1_HUMAN:sp|O60266|ADCY3_HUMAN:sp|Q12933|TRAF2_HUMAN:sp|Q6UY01|LRC31_HUMAN:sp|O15492|RGS16_HUMAN:sp|P09884|DPOLA_HUMAN:sp|Q14593|ZN273_HUMAN:sp|Q8IX12|CCAR1_HUMAN:sp|Q8NI36|WDR36_HUMAN:sp|P62249|RS16_HUMAN:sp|Q96TC7|RMD3_HUMAN:sp|P12830|CADH1_HUMAN:sp|Q8TCU4|ALMS1_HUMAN:sp|O00268|TAF4_HUMAN:sp|Q14149|MORC3_HUMAN:sp|Q15287|RNPS1_HUMAN:sp|Q15735|PI5PA_HUMAN:sp|Q7Z353|HDX_HUMAN:sp|Q0VF96|CGNL1_HUMAN:sp|Q9H1R3|MYLK2_HUMAN:sp|Q9BWX5|GATA5_HUMAN:sp|Q9Y6I3|EPN1_HUMAN:sp|Q96GY0|ZC21A_HUMAN:sp|Q9NQ90|ANO2_HUMAN:sp|P46821|MAP1B_HUMAN:sp|A2PYH4|HFM1_HUMAN:sp|Q5XXA6|ANO1_HUMAN:sp|Q8IUQ4|SIAH1_HUMAN:sp|O60229|KALRN_HUMAN:sp|Q14004|CDK13_HUMAN:sp|Q8IY92|SLX4_HUMAN:sp|Q8N0X7|SPART_HUMAN:sp|Q9P2F8|SI1L2_HUMAN:sp|O75179|ANR17_HUMAN:sp|Q9BU23|LMF2_HUMAN:sp|Q3SXY8|AR13B_HUMAN:sp|O75448|MED24_HUMAN:sp|Q2TAL8|QRIC1_HUMAN:sp|Q9NTN9|SEM4G_HUMAN:sp|Q9UM47|NOTC3_HUMAN,DeepNovo
A(+42.01)PGGAAGRLKEY,53.83,1230.6356,12,58.3,12,1.3,616.32593,2,44.0866,-2.5134,0.33,17041,HFX193_IPP292_GEL_CRC_324_Even.raw,6.16E5,3.54E6,1,1,1,1,"Acetylation (N-term)",,5 0 0 0 0 7 7 1 15 19 39 5,A(+42.01)PGGAAGRLKEY,sp|P26599|PTBP1_HUMAN:sp|Q9ULS5|TMCC3_HUMAN:sp|Q8N6I1|EID2_HUMAN:sp|Q9H8M5|CNNM2_HUMAN:sp|O15439|MRP4_HUMAN:sp|P42858|HD_HUMAN:sp|B2RXF5|ZBT42_HUMAN:sp|Q9NT68|TEN2_HUMAN:tr|A0A0A0MTA2|A0A0A0MTA2_HUMAN:sp|Q13370|PDE3B_HUMAN:sp|P26373|RL13_HUMAN:sp|Q9H254|SPTN4_HUMAN:sp|Q6N069|NAA16_HUMAN:sp|Q8N4M1|CTL3_HUMAN:sp|P00966|ASSY_HUMAN:sp|Q3SYG4|PTHB1_HUMAN:sp|P49736|MCM2_HUMAN:sp|P57105|SYJ2B_HUMAN:sp|Q9P225|DYH2_HUMAN:sp|Q5SQ80|A20A2_HUMAN:sp|Q86YL5|TDRP_HUMAN:sp|O60841|IF2P_HUMAN:sp|Q9UNP9|PPIE_HUMAN:sp|Q8NE01|CNNM3_HUMAN:sp|P0CG33|GOG6D_HUMAN:sp|Q8NAC3|I17RC_HUMAN:sp|Q6KB66|K2C80_HUMAN:sp|Q502W6|VWA3B_HUMAN:sp|Q99758|ABCA3_HUMAN:sp|Q86XD8|ZFAN4_HUMAN:sp|Q5CZ79|AN20B_HUMAN:sp|P35498|SCN1A_HUMAN:sp|O94885|SASH1_HUMAN:sp|Q5VVP1|S31A6_HUMAN:sp|Q96AC6|KIFC2_HUMAN:sp|Q9P273|TEN3_HUMAN:sp|Q99797|MIPEP_HUMAN:sp|O75970|MPDZ_HUMAN:sp|A8MQT2|GOG8B_HUMAN:sp|Q9NYA3|GOG6A_HUMAN:sp|Q9NZQ8|TRPM5_HUMAN:sp|O95674|CDS2_HUMAN:sp|O43818|U3IP2_HUMAN:sp|Q8IYR2|SMYD4_HUMAN:sp|Q8WUI4|HDAC7_HUMAN:sp|Q9NRW7|VPS45_HUMAN:sp|Q17RB8|LONF1_HUMAN:sp|Q9NPG3|UBN1_HUMAN:sp|Q8TB96|TIP_HUMAN:sp|P0DKV0|S31C1_HUMAN:sp|O43813|LANC1_HUMAN:sp|Q9H6E5|STPAP_HUMAN:sp|Q04637|IF4G1_HUMAN:sp|Q9BWV3|CDAC1_HUMAN:sp|Q15008|PSMD6_HUMAN:sp|O00358|FOXE1_HUMAN:sp|O95073|FSBP_HUMAN:sp|Q5T6S3|PHF19_HUMAN:sp|P14651|HXB3_HUMAN:sp|Q9ULL5|PRR12_HUMAN:sp|O75891|AL1L1_HUMAN:sp|Q5TYW2|A20A1_HUMAN:sp|Q6ZSI9|CAN12_HUMAN:sp|Q9BSV6|SEN34_HUMAN:sp|Q5H9R4|ARMX4_HUMAN:sp|Q9HBX8|LGR6_HUMAN:sp|Q96JH8|RADIL_HUMAN:sp|O00232|PSD12_HUMAN:sp|Q5VU36|S31A5_HUMAN:sp|Q5TZJ5|S31A1_HUMAN:sp|O94906|PRP6_HUMAN:sp|Q6VEQ5|WASH2_HUMAN:sp|Q6NSJ5|LRC8E_HUMAN:sp|Q5VUR7|A20A3_HUMAN:sp|P62333|PRS10_HUMAN:sp|A8K0Z3|WASH1_HUMAN:sp|Q9NRC6|SPTN5_HUMAN:sp|O75445|USH2A_HUMAN:sp|P61221|ABCE1_HUMAN:sp|Q9UPU5|UBP24_HUMAN:sp|Q9NQA3|WASH6_HUMAN:sp|Q6P996|PDXD1_HUMAN:sp|A8MWX3|WASH4_HUMAN:sp|P33527|MRP1_HUMAN:sp|P13533|MYH6_HUMAN:sp|Q14258|TRI25_HUMAN:sp|Q15075|EEA1_HUMAN:sp|Q14005|IL16_HUMAN:sp|C4AMC7|WASH3_HUMAN:sp|A0A0B4J2F2|SIK1B_HUMAN:sp|Q3SY69|AL1L2_HUMAN:sp|Q9UQL6|HDAC5_HUMAN:sp|Q12770|SCAP_HUMAN:sp|P10767|FGF6_HUMAN:sp|C9J069|AJM1_HUMAN:sp|Q9UG01|IF172_HUMAN:sp|P42345|MTOR_HUMAN:sp|Q9BQ75|CMS1_HUMAN:sp|P40926|MDHM_HUMAN:sp|O75312|ZPR1_HUMAN:sp|Q8N1P7|CRBG2_HUMAN:sp|O00443|P3C2A_HUMAN:sp|Q9H0B3|IQCN_HUMAN:sp|A6NML5|TM212_HUMAN:sp|Q8IWB4|S31A7_HUMAN:sp|O43293|DAPK3_HUMAN:sp|Q9NPJ6|MED4_HUMAN:sp|Q12802|AKP13_HUMAN:sp|O60307|MAST3_HUMAN:sp|Q2LD37|BLTP1_HUMAN:sp|Q8N4S9|MALD2_HUMAN:sp|Q5T5U3|RHG21_HUMAN:sp|O15553|MEFV_HUMAN:sp|P11277|SPTB1_HUMAN:sp|Q9C0B9|ZCHC2_HUMAN:sp|Q8NCM8|DYHC2_HUMAN:sp|Q86XX4|FRAS1_HUMAN:sp|Q8NFA2|NOXO1_HUMAN:sp|Q15012|LAP4A_HUMAN:sp|Q9Y257|KCNK6_HUMAN,DeepNovo
A(+42.01)PGGGATHPFK,37.99,1080.5352,11,9.1,11,3.1,361.18680,3,44.8887,13.9887,0.24,17356,HFX193_IPP292_GEL_CRC_324_Odd.raw,8.85E6,4.83E7,2,2,2,2,"Acetylation (N-term)",,0 0 0 0 0 1 1 1 3 1 1,A(+42.01)PGGGATHPFK,sp|Q4AC99|1A1L2_HUMAN:sp|Q9NQ31|AKIP1_HUMAN:sp|A8CG34|P121C_HUMAN:sp|P55265|DSRAD_HUMAN:sp|Q9HC35|EMAL4_HUMAN:sp|Q8TF50|ZN526_HUMAN:sp|A6NF01|P121B_HUMAN:sp|P04839|CY24B_HUMAN:sp|Q6NUS8|UD3A1_HUMAN:sp|Q3SY77|UD3A2_HUMAN:sp|Q96HA1|P121A_HUMAN:sp|Q8NI08|NCOA7_HUMAN:sp|Q9BSU1|PHAF1_HUMAN,DeepNovo
A(+42.01)PGLTHGRV,54.46,948.5141,9,55.6,9,0.7,475.26465,2,41.3660,4.1660,0.63,15962,HFX193_IPP292_GEL_CRC_324_Odd.raw,1.15E6,8.56E6,2,2,2,2,"Acetylation (N-term)",,0 0 1 18 64 28 2 0 5,A(+42.01)PGLTHGRV,,DeepNovo
A(+42.01)PKGKLLAK,37.59,966.6226,9,77.8,9,0.6,484.31885,2,32.1559,18.3559,0.75,12200,HFX193_IPP292_GEL_CRC_324_Odd.raw,1.95E6,1.52E7,2,2,2,2,"Acetylation (N-term)",,0 0 10 2 3 5 6 12 5,A(+42.01)PKGKLLAK,sp|P58107|EPIPL_HUMAN:sp|Q16822|PCKGM_HUMAN:sp|Q8NBP0|TTC13_HUMAN:sp|Q9P275|UBP36_HUMAN:sp|O14867|BACH1_HUMAN:sp|Q7L2E3|DHX30_HUMAN:sp|Q7Z589|EMSY_HUMAN:sp|Q75QN2|INT8_HUMAN:sp|Q5T2T1|MPP7_HUMAN:sp|Q9UHX3|AGRE2_HUMAN:sp|Q7RTT9|S29A4_HUMAN:sp|Q9Y233|PDE10_HUMAN:sp|Q6N043|Z280D_HUMAN:sp|Q8NAN2|MIGA1_HUMAN:sp|Q6F5E8|CARL2_HUMAN:sp|Q9UI08|EVL_HUMAN:sp|Q6ZNB6|NFXL1_HUMAN:sp|Q5VW36|FOCAD_HUMAN:sp|Q13308|PTK7_HUMAN:sp|P31937|3HIDH_HUMAN:sp|Q9UNA4|POLI_HUMAN:sp|P51809|VAMP7_HUMAN:sp|Q5TZA2|CROCC_HUMAN:sp|Q8WWQ8|STAB2_HUMAN:sp|O95502|NPTXR_HUMAN:sp|Q14126|DSG2_HUMAN:sp|Q8WUY3|PRUN2_HUMAN:sp|Q38SD2|LRRK1_HUMAN:sp|Q9Y561|LRP12_HUMAN:sp|Q16864|VATF_HUMAN:sp|Q02410|APBA1_HUMAN:sp|O95834|EMAL2_HUMAN:sp|Q9NY15|STAB1_HUMAN:sp|Q7Z4F1|LRP10_HUMAN:sp|P13569|CFTR_HUMAN:sp|Q5VZ72|IZUM3_HUMAN:sp|P0CF97|F200B_HUMAN:sp|P0C221|CC175_HUMAN:sp|Q4G0J3|LARP7_HUMAN:sp|Q9NXR8|ING3_HUMAN:sp|Q719I0|AHSA2_HUMAN:sp|P04629|NTRK1_HUMAN:sp|Q9P032|NDUF4_HUMAN:sp|O95302|FKBP9_HUMAN:sp|Q9UBS9|SUCO_HUMAN:sp|Q96P56|CTSR2_HUMAN:sp|Q96M98|PACRG_HUMAN:sp|Q969T7|5NT3B_HUMAN:sp|Q8NBT3|TM145_HUMAN:sp|Q96EY4|TMA16_HUMAN:sp|Q8N3H0|TAFA2_HUMAN:sp|Q8NEV4|MYO3A_HUMAN:sp|Q13131|AAPK1_HUMAN:sp|Q86XH1|DRC11_HUMAN:sp|Q8IZD0|SAM14_HUMAN:sp|Q9UJ55|MAGL2_HUMAN:sp|P08218|CEL2B_HUMAN:sp|Q6DKJ4|NXN_HUMAN:sp|Q86U86|PB1_HUMAN:sp|Q8N323|NXPE1_HUMAN:sp|P43026|GDF5_HUMAN:sp|Q9H875|PKRI1_HUMAN:sp|Q9BYX2|TBD2A_HUMAN:sp|Q13368|MPP3_HUMAN:sp|Q86XA9|HTR5A_HUMAN:sp|Q9NZM3|ITSN2_HUMAN:sp|Q15291|RBBP5_HUMAN:sp|O95433|AHSA1_HUMAN:sp|P0CG21|NHLC4_HUMAN:sp|Q2TBC4|PRIC4_HUMAN:sp|Q9NYP7|ELOV5_HUMAN:sp|Q7Z333|SETX_HUMAN:sp|Q96BT1|CC049_HUMAN:sp|Q13163|MP2K5_HUMAN:sp|Q01970|PLCB3_HUMAN:sp|Q86SQ6|AGRA1_HUMAN:sp|O76024|WFS1_HUMAN:sp|Q03989|ARI5A_HUMAN:sp|Q8N8U9|BMPER_HUMAN:sp|P35240|MERL_HUMAN:sp|Q5K4L6|S27A3_HUMAN:sp|P01031|CO5_HUMAN:sp|Q7L4S7|ARMX6_HUMAN:sp|Q9C0C7|AMRA1_HUMAN:sp|Q9NTI5|PDS5B_HUMAN:sp|Q6ZQQ2|S31D1_HUMAN:sp|O75962|TRIO_HUMAN:sp|O95436|NPT2B_HUMAN:sp|Q9UL01|DSE_HUMAN:sp|Q12899|TRI26_HUMAN:sp|P52732|KIF11_HUMAN:sp|Q9NZU5|LMCD1_HUMAN:sp|Q9NYQ6|CELR1_HUMAN:sp|Q9UQ16|DYN3_HUMAN:sp|O94874|UFL1_HUMAN:sp|P46060|RAGP1_HUMAN:sp|Q6XZB0|LIPI_HUMAN:sp|Q9BRU9|UTP23_HUMAN:sp|Q8IZJ1|UNC5B_HUMAN:sp|P51648|AL3A2_HUMAN:sp|P07814|SYEP_HUMAN:sp|Q8IVS2|FABD_HUMAN:sp|P43003|EAA1_HUMAN:sp|Q05048|CSTF1_HUMAN:sp|Q8N782|ZN525_HUMAN:sp|Q9Y238|DLEC1_HUMAN:sp|P32239|GASR_HUMAN:sp|P51449|RORG_HUMAN:sp|P06396|GELS_HUMAN:sp|Q9NRG7|D39U1_HUMAN:sp|Q96PC5|MIA2_HUMAN:sp|P08237|PFKAM_HUMAN:sp|Q53FP2|NACHO_HUMAN:sp|Q9NZC9|SMAL1_HUMAN:sp|Q9BYK8|HELZ2_HUMAN:sp|Q8TDW7|FAT3_HUMAN:sp|Q9UPR0|PLCL2_HUMAN:sp|Q8NCM8|DYHC2_HUMAN:sp|O95239|KIF4A_HUMAN:sp|Q8TE60|ATS18_HUMAN,DeepNovo
A(+42.01)PKHTVLDKL,44.10,1162.6710,10,50.0,10,3.0,582.34448,2,58.8364,8.5364,0.46,22899,HFX193_IPP292_GEL_CRC_324_Even.raw,2.99E6,2.19E7,1,1,1,1,"Acetylation (N-term)",,0 0 0 0 1 22 57 65 3 3,A(+42.01)PKHTVLDKL,sp|D6RGH6|MCIN_HUMAN:sp|Q9Y2G4|ANKR6_HUMAN:sp|O95397|PKHA9_HUMAN:sp|Q2NKQ1|SGSM1_HUMAN:sp|Q9Y278|HS3S2_HUMAN:sp|Q9H156|SLIK2_HUMAN:sp|Q9Y657|SPIN1_HUMAN:sp|Q96MZ0|GD1L1_HUMAN:sp|O00338|ST1C2_HUMAN:sp|P28370|SMCA1_HUMAN:sp|O75083|WDR1_HUMAN:sp|P28698|MZF1_HUMAN:sp|O95696|BRD1_HUMAN:sp|Q149N8|SHPRH_HUMAN:sp|Q8N3C0|ASCC3_HUMAN:sp|Q5SQI0|ATAT_HUMAN:sp|O94991|SLIK5_HUMAN:sp|Q96QP1|ALPK1_HUMAN:sp|Q14112|NID2_HUMAN:sp|Q8WXG6|MADD_HUMAN:sp|P35579|MYH9_HUMAN:sp|P09914|IFIT1_HUMAN:sp|Q13183|S13A2_HUMAN:sp|Q2PPJ7|RGPA2_HUMAN:sp|Q9Y2P4|S27A6_HUMAN:sp|Q709C8|VP13C_HUMAN:sp|Q96PX8|SLIK1_HUMAN:sp|P48058|GRIA4_HUMAN:sp|Q6ZR37|PKHG7_HUMAN:sp|A6NCI8|CB078_HUMAN:sp|Q502W6|VWA3B_HUMAN:sp|Q9HCE9|ANO8_HUMAN:sp|Q9ULT8|HECD1_HUMAN:sp|P42704|LPPRC_HUMAN:sp|Q6V0I7|FAT4_HUMAN:sp|O15297|PPM1D_HUMAN:sp|P78509|RELN_HUMAN:SLC35F5_DEL_A-p.C248Afs*22_::chr2:113742200-113743200_frame=3:sp|Q9C000|NLRP1_HUMAN:sp|Q9NZN5|ARHGC_HUMAN:sp|P13569|CFTR_HUMAN:sp|Q08462|ADCY2_HUMAN:sp|Q92508|PIEZ1_HUMAN:sp|O75084|FZD7_HUMAN:sp|Q96NW7|LRRC7_HUMAN:sp|Q8NEZ2|VP37A_HUMAN:sp|Q562F6|SGO2_HUMAN:sp|Q15648|MED1_HUMAN:sp|Q12872|SFSWA_HUMAN:sp|Q6DHV7|ADAL_HUMAN:sp|Q8IYM1|SEP12_HUMAN:sp|O75897|ST1C4_HUMAN:sp|Q9NPJ1|MKKS_HUMAN:sp|Q9HCE0|EPG5_HUMAN:sp|Q6ZW76|ANKS3_HUMAN:sp|Q05639|EF1A2_HUMAN:sp|Q9BQ50|TREX2_HUMAN:sp|Q9H1X1|RSPH9_HUMAN:sp|Q9Y6K9|NEMO_HUMAN:sp|P82094|TMF1_HUMAN:sp|P46098|5HT3A_HUMAN:sp|O43679|LDB2_HUMAN:sp|Q14444|CAPR1_HUMAN:sp|Q9UBD5|ORC3_HUMAN:sp|P10827|THA_HUMAN:sp|Q96MI9|CBPC4_HUMAN:sp|Q8N609|TR1L1_HUMAN:sp|Q9UL03|INT6_HUMAN:sp|Q86T65|DAAM2_HUMAN:sp|Q9NX04|CA109_HUMAN:sp|Q07617|SPAG1_HUMAN:sp|Q8NF50|DOCK8_HUMAN:sp|O95198|KLHL2_HUMAN:sp|Q5VTE0|EF1A3_HUMAN:sp|P14735|IDE_HUMAN:sp|Q5BKX8|CAVN4_HUMAN:sp|B2RTY4|MYO9A_HUMAN:sp|Q6P2S7|TTC41_HUMAN:sp|Q8IWE5|PKHM2_HUMAN:sp|Q6PJT7|ZC3HE_HUMAN:sp|Q8WUM4|PDC6I_HUMAN:sp|Q86WT6|TRI69_HUMAN:sp|Q9BZL6|KPCD2_HUMAN:sp|Q9Y4D1|DAAM1_HUMAN:sp|Q5JUX0|SPIN3_HUMAN:sp|P06737|PYGL_HUMAN:sp|Q8N442|GUF1_HUMAN:sp|Q86VS3|IQCH_HUMAN:sp|Q86XI2|CNDG2_HUMAN:sp|P57088|TMM33_HUMAN:sp|Q7Z406|MYH14_HUMAN:sp|Q93075|TATD2_HUMAN:sp|Q6PIJ6|FBX38_HUMAN:sp|Q9Y3R0|GRIP1_HUMAN:sp|P35580|MYH10_HUMAN:sp|P03372|ESR1_HUMAN:sp|Q8N6Y1|PCD20_HUMAN:sp|Q709F0|ACD11_HUMAN:sp|Q16401|PSMD5_HUMAN:sp|P30047|GFRP_HUMAN:sp|O60264|SMCA5_HUMAN:sp|P51970|NDUA8_HUMAN:sp|Q9Y4G6|TLN2_HUMAN:sp|O15078|CE290_HUMAN:sp|Q8IW52|SLIK4_HUMAN:sp|Q9HD42|CHM1A_HUMAN:sp|Q9Y3I0|RTCB_HUMAN:sp|Q9NRR1|CYTL1_HUMAN:sp|Q8N350|CBARP_HUMAN:sp|Q5SZL2|CE85L_HUMAN:sp|Q8NI29|FBX27_HUMAN:sp|P15918|RAG1_HUMAN:sp|Q96M94|KLH15_HUMAN:sp|B5MCY1|TDR15_HUMAN:sp|P18509|PACA_HUMAN:sp|Q9C0F0|ASXL3_HUMAN:sp|P68104|EF1A1_HUMAN:sp|Q8N1T3|MYO1H_HUMAN:sp|Q96A32|MYL11_HUMAN:sp|P78316|NOP14_HUMAN,DeepNovo
A(+42.01)RKLPGL,22.30,795.4966,7,71.4,7,-0.2,398.75552,2,44.7851,-10.8149,0.82,17364,HFX193_IPP292_GEL_CRC_324_Odd.raw,1.74E5,1.5E6,1,1,1,1,"Acetylation (N-term)",,0 0 2 14 5 5 5,A(+42.01)RKLPGL,sp|Q96CN9|GCC1_HUMAN:sp|Q6ICG6|K0930_HUMAN:sp|Q96BY7|ATG2B_HUMAN:sp|Q9NSP4|CENPM_HUMAN:sp|P25391|LAMA1_HUMAN:sp|Q8WXI7|MUC16_HUMAN:sp|Q9Y6C9|MTCH2_HUMAN:sp|P53618|COPB_HUMAN:sp|Q6ZN04|MEX3B_HUMAN:sp|P42858|HD_HUMAN:sp|Q03692|COAA1_HUMAN:sp|Q9Y2I6|NINL_HUMAN:sp|Q9UPT5|EXOC7_HUMAN:sp|Q8TCS8|PNPT1_HUMAN:sp|P01008|ANT3_HUMAN:sp|P51575|P2RX1_HUMAN:sp|P31275|HXC12_HUMAN:sp|Q96L03|SPT17_HUMAN:sp|Q9NQC3|RTN4_HUMAN:sp|A8K7I4|CLCA1_HUMAN:sp|O14497|ARI1A_HUMAN:sp|P33992|MCM5_HUMAN:sp|Q92621|NU205_HUMAN:sp|O00755|WNT7A_HUMAN:sp|Q9UL54|TAOK2_HUMAN:sp|Q9NVA1|UQCC1_HUMAN:sp|Q5TBB1|RNH2B_HUMAN:sp|Q8NEG2|CG057_HUMAN:sp|Q15034|HERC3_HUMAN:sp|Q14185|DOCK1_HUMAN:sp|Q8TAT6|NPL4_HUMAN:sp|Q13510|ASAH1_HUMAN:sp|Q13045|FLII_HUMAN:sp|Q9C0G6|DYH6_HUMAN:sp|P51797|CLCN6_HUMAN:sp|Q9Y6R4|M3K4_HUMAN:sp|A1E959|ODAM_HUMAN:sp|Q99062|CSF3R_HUMAN:sp|Q9P2J2|TUTLA_HUMAN:sp|Q9P2N4|ATS9_HUMAN:sp|O00204|ST2B1_HUMAN:sp|Q96PX8|SLIK1_HUMAN:sp|Q9BU23|LMF2_HUMAN:sp|Q9BXA9|SALL3_HUMAN:sp|Q9UHB9|SRP68_HUMAN:sp|Q495T6|MMEL1_HUMAN:sp|Q8N4C9|CQ078_HUMAN:sp|P50135|HNMT_HUMAN:sp|O95450|ATS2_HUMAN:sp|Q96MT1|RN145_HUMAN:sp|Q6ZNQ3|LRC69_HUMAN:sp|Q9H1J7|WNT5B_HUMAN:sp|Q6H9L7|ISM2_HUMAN:sp|P55060|XPO2_HUMAN:sp|Q9NPB6|PAR6A_HUMAN:sp|P40225|TPO_HUMAN:sp|P56706|WNT7B_HUMAN:sp|Q9NUQ8|ABCF3_HUMAN:sp|P51888|PRELP_HUMAN:sp|P35711|SOX5_HUMAN:sp|Q9Y2L1|RRP44_HUMAN:sp|P49915|GUAA_HUMAN:sp|Q96JP2|MY15B_HUMAN:sp|Q13435|SF3B2_HUMAN:sp|Q9UK61|TASOR_HUMAN:sp|Q15788|NCOA1_HUMAN:sp|P10914|IRF1_HUMAN:sp|P07358|CO8B_HUMAN:sp|Q9Y2K3|MYH15_HUMAN:sp|Q7Z3D6|GLUCM_HUMAN:sp|Q8TDQ0|HAVR2_HUMAN:sp|Q92608|DOCK2_HUMAN:sp|B8ZZ34|SHSA8_HUMAN:sp|P50897|PPT1_HUMAN:sp|P29320|EPHA3_HUMAN:sp|Q96G28|CFA36_HUMAN:sp|Q5JXC2|MIIP_HUMAN:sp|Q6AI39|BICRL_HUMAN:sp|O75161|NPHP4_HUMAN:sp|Q2TAZ0|ATG2A_HUMAN:sp|O95197|RTN3_HUMAN:sp|Q8NEA5|CS018_HUMAN:sp|Q9Y2R9|RT07_HUMAN:sp|O75153|CLU_HUMAN,DeepNovo
A(+42.01)RTLRAM(+15.99)L,28.57,988.5488,8,12.5,8,0.1,495.28171,2,39.8878,-6.9122,0.12,15314,HFX193_IPP292_GEL_CRC_324_Even.raw,1.57E8,8.82E8,2,2,2,2,"Acetylation (N-term);Oxidation (M)",,0 0 0 1 1 1 0 2,A(+42.01)RTLRAM(+15.99)L,sp|Q13233|M3K1_HUMAN:sp|Q9H343|O51I1_HUMAN:sp|Q68E01|INT3_HUMAN:sp|Q9H0Q0|CYRIA_HUMAN:sp|P35590|TIE1_HUMAN:sp|Q9Y2C5|S17A4_HUMAN:sp|A6NJ78|MET15_HUMAN:sp|A6NGW2|STRCL_HUMAN:sp|Q8NDI1|EHBP1_HUMAN:sp|Q00610|CLH1_HUMAN:sp|Q7RTU9|STRC_HUMAN:sp|P24385|CCND1_HUMAN:sp|O15182|CETN3_HUMAN:sp|Q96DX4|RSPRY_HUMAN:sp|Q8N3D4|EH1L1_HUMAN:sp|P29144|TPP2_HUMAN:sp|P82930|RT34_HUMAN:sp|Q7Z5H5|VN1R4_HUMAN:sp|O14976|GAK_HUMAN:sp|Q9UKN7|MYO15_HUMAN:sp|Q8WZ42|TITIN_HUMAN:sp|P0C7V9|ME15P_HUMAN:sp|Q9NQ50|RM40_HUMAN,DeepNovo
A(+42.01)SGVAVSDGVIKV,69.75,1242.6819,13,100.0,13,-1.4,622.34735,2,69.0207,-37.6793,0.64,26978,HFX193_IPP292_GEL_CRC_324_Even.raw,1.06E6,5.43E6,1,1,1,1,"Acetylation (N-term)",,5 3 4 79 54 40 11 11 2 2 18 3 3,A(+42.01)SGVAVSDGVIKV,sp|P23528|COF1_HUMAN,DB Search
A(+42.01)SGVAVSDGVIKVF,74.05,1389.7504,14,92.9,14,-2.1,695.88098,2,78.9024,-64.1976,0.58,30880,HFX193_IPP292_GEL_CRC_324_Even.raw,,,2,2,0,0,"Acetylation (N-term)",,5 2 2 90 96 47 10 5 0 17 11 30 30 5,A(+42.01)SGVAVSDGVIKVF,sp|P23528|COF1_HUMAN,DB Search
A(+42.01)SSGAGDPLDSKRGEAPF,95.50,1802.8435,18,72.2,18,-3.5,902.42584,2,57.2691,-24.6309,0.86,22271,HFX193_IPP292_GEL_CRC_324_Even.raw,1.59E6,1.13E7,1,1,1,1,"Acetylation (N-term)",,3 2 2 4 6 5 5 2 2 10 2 2 0 1 1 5 1 1,A(+42.01)SSGAGDPLDSKRGEAPF,sp|Q9Y2R0|COA3_HUMAN,DB Search
A(+42.01)SVVPVKDKKL,44.64,1224.7441,11,45.5,11,-0.1,409.25528,3,41.1079,-5.2921,0.34,15866,HFX193_IPP292_GEL_CRC_324_Odd.raw,2.79E5,2.77E6,1,1,1,1,"Acetylation (N-term)",,5 1 0 12 1 1 1 1 3 3 3,A(+42.01)SVVPVKDKKL,sp|Q9Y6N1|COX11_HUMAN:sp|Q8NHP6|MSPD2_HUMAN:sp|Q68EM7|RHG17_HUMAN:sp|Q9NRX4|PHP14_HUMAN:sp|P43403|ZAP70_HUMAN:sp|Q12972|PP1R8_HUMAN:sp|C9JQI7|TM232_HUMAN:sp|Q9Y2J0|RP3A_HUMAN:sp|P49736|MCM2_HUMAN:sp|Q9H6V9|LDAH_HUMAN:sp|Q9NQ36|SCUB2_HUMAN:sp|O75381|PEX14_HUMAN:sp|P35453|HXD13_HUMAN:sp|Q8N3P4|VPS8_HUMAN:sp|Q9Y5H6|PCDA8_HUMAN:sp|Q17R89|RHG44_HUMAN:sp|Q2PPJ7|RGPA2_HUMAN:sp|Q709C8|VP13C_HUMAN:sp|Q9P0K7|RAI14_HUMAN:sp|Q9Y4G8|RPGF2_HUMAN:sp|Q9NVF7|FBX28_HUMAN:sp|Q495T6|MMEL1_HUMAN:sp|Q5VV43|K0319_HUMAN:sp|Q96N67|DOCK7_HUMAN:sp|P02708|ACHA_HUMAN:sp|Q9UFD9|RIM3A_HUMAN:sp|P15924|DESP_HUMAN:sp|P78552|I13R1_HUMAN:sp|Q8N9B8|RGF1A_HUMAN:sp|Q12809|KCNH2_HUMAN:sp|Q14919|NC2A_HUMAN:sp|Q9NRI5|DISC1_HUMAN:sp|Q9GZY0|NXF2_HUMAN:sp|A6NC05|YD286_HUMAN:sp|P17098|ZNF8_HUMAN:sp|Q86UP2|KTN1_HUMAN:sp|Q5HYJ3|FA76B_HUMAN:sp|Q5T1N1|AKND1_HUMAN:sp|Q8N6G5|CGAT2_HUMAN:sp|Q8IY17|PLPL6_HUMAN:sp|Q8IUD2|RB6I2_HUMAN:sp|Q92558|WASF1_HUMAN:sp|Q0ZGT2|NEXN_HUMAN:sp|Q8TC92|ENOX1_HUMAN:sp|Q9UQ03|COR2B_HUMAN:sp|O00584|RNT2_HUMAN:sp|Q8TDY2|RBCC1_HUMAN:sp|Q04656|ATP7A_HUMAN:sp|Q9ULD0|OGDHL_HUMAN:sp|Q9BXY4|RSPO3_HUMAN:sp|Q06889|EGR3_HUMAN:sp|Q9Y608|LRRF2_HUMAN:sp|Q8N715|CC185_HUMAN:sp|Q05682|CALD1_HUMAN:sp|Q8NEN0|ARMC2_HUMAN:sp|P53671|LIMK2_HUMAN:sp|Q8N100|ATOH7_HUMAN:sp|Q6WKZ4|RFIP1_HUMAN:sp|Q8WZ64|ARAP2_HUMAN:sp|Q6ZRH7|CTSRG_HUMAN:sp|Q9BXT8|RNF17_HUMAN:sp|A6NJZ7|RIM3C_HUMAN:sp|Q8NF50|DOCK8_HUMAN:sp|Q8HWS3|RFX6_HUMAN:sp|O95198|KLHL2_HUMAN:sp|Q96JE9|MAP6_HUMAN:sp|Q96KS9|F167A_HUMAN:sp|Q5T124|UBX11_HUMAN:sp|Q8WZ42|TITIN_HUMAN:sp|Q969V6|MRTFA_HUMAN:sp|Q9H252|KCNH6_HUMAN:sp|O60763|USO1_HUMAN:sp|Q07283|TRHY_HUMAN:sp|Q9UPU5|UBP24_HUMAN:sp|Q8N302|AGGF1_HUMAN:sp|Q2TAC6|KIF19_HUMAN:sp|Q13127|REST_HUMAN:sp|Q96JA4|M4A14_HUMAN:sp|Q9BV94|EDEM2_HUMAN:sp|Q9NPI9|KCJ16_HUMAN:sp|Q9H190|SDCB2_HUMAN:sp|Q15047|SETB1_HUMAN:sp|Q15075|EEA1_HUMAN:sp|Q9UJ98|STAG3_HUMAN:sp|Q52M93|Z585B_HUMAN:sp|Q9BQ69|MACD1_HUMAN:sp|Q9UMN6|KMT2B_HUMAN:sp|P19367|HXK1_HUMAN:sp|Q8IWY4|SCUB1_HUMAN:sp|P57058|HUNK_HUMAN:sp|O75899|GABR2_HUMAN:sp|Q5BKZ1|ZN326_HUMAN:sp|Q14204|DYHC1_HUMAN:sp|Q92878|RAD50_HUMAN:sp|Q5NE16|CATL3_HUMAN:sp|Q7Z3T8|ZFY16_HUMAN:sp|Q12756|KIF1A_HUMAN:sp|P14138|EDN3_HUMAN:sp|Q6FHJ7|SFRP4_HUMAN:sp|Q12802|AKP13_HUMAN:sp|Q13133|NR1H3_HUMAN:sp|Q9NUQ7|UFSP2_HUMAN:sp|Q96AP7|ESAM_HUMAN:sp|Q9BWD1|THIC_HUMAN:sp|Q5JWR5|DOP1_HUMAN:sp|Q9NZA1|CLIC5_HUMAN:sp|O95153|RIMB1_HUMAN:sp|P35749|MYH11_HUMAN:sp|Q9C0G0|ZN407_HUMAN:sp|P19338|NUCL_HUMAN:sp|Q9UPY6|WASF3_HUMAN:sp|Q8NA03|FSIP1_HUMAN:sp|Q86V71|ZN429_HUMAN:sp|Q9NQW7|XPP1_HUMAN:sp|P52789|HXK2_HUMAN:sp|P83110|HTRA3_HUMAN:sp|P78332|RBM6_HUMAN:sp|Q8TF21|ANR24_HUMAN:sp|Q8IX30|SCUB3_HUMAN:sp|P55055|NR1H2_HUMAN,DeepNovo
A(+42.01)TAYHGGSL,55.07,917.4243,9,33.3,9,2.1,459.72037,2,42.2699,-10.3301,0.49,16301,HFX193_IPP292_GEL_CRC_324_Even.raw,2.85E6,1.75E7,2,2,2,2,"Acetylation (N-term)",,0 0 2 2 0 0 0 1 4,A(+42.01)TAYHGGSL,sp|Q96PE2|ARHGH_HUMAN:sp|Q5XXA6|ANO1_HUMAN:sp|Q9BRZ2|TRI56_HUMAN:sp|Q8NFW1|COMA1_HUMAN,DeepNovo
A(+42.01)TGRPALKRL,39.13,1123.6825,10,60.0,10,1.2,375.56857,3,37.4784,9.1784,0.06,14363,HFX193_IPP292_GEL_CRC_324_Odd.raw,9.49E5,5.61E6,1,1,1,1,"Acetylation (N-term)",,5 0 0 0 0 31 14 14 4 5,A(+42.01)TGRPALKRL,sp|Q12959|DLG1_HUMAN:sp|Q2M243|CCD27_HUMAN:sp|O95819|M4K4_HUMAN:sp|Q7Z570|Z804A_HUMAN:sp|Q8NGC3|O10G2_HUMAN:sp|Q9Y250|LZTS1_HUMAN:sp|Q6ZRQ5|MMS22_HUMAN:sp|Q8WTW3|COG1_HUMAN:sp|Q96IC2|REXO5_HUMAN:sp|Q9Y2X8|UB2D4_HUMAN:sp|Q9Y446|PKP3_HUMAN:sp|Q9H2A9|CHST8_HUMAN:sp|Q9BZE3|BARH1_HUMAN:sp|Q9Y625|GPC6_HUMAN:sp|Q96IT1|ZN496_HUMAN:sp|P56645|PER3_HUMAN:sp|Q8WXK1|ASB15_HUMAN:sp|Q7Z614|SNX20_HUMAN:sp|Q05513|KPCZ_HUMAN:sp|Q9BQG0|MBB1A_HUMAN:sp|Q9UPS6|SET1B_HUMAN:sp|P50151|GBG10_HUMAN:sp|Q9NYC9|DYH9_HUMAN:sp|Q9H0R4|HDHD2_HUMAN:sp|Q96ST3|SIN3A_HUMAN:sp|Q8IYM2|SLN12_HUMAN:sp|P51841|GUC2F_HUMAN:sp|Q8NF64|ZMIZ2_HUMAN:sp|O15547|P2RX6_HUMAN:sp|Q7Z403|TMC6_HUMAN:sp|Q8N9N5|BANP_HUMAN:sp|A6NE52|WDR97_HUMAN:sp|Q9NY47|CA2D2_HUMAN:sp|Q6P1A2|MBOA5_HUMAN:sp|P30304|MPIP1_HUMAN:sp|A4D1E1|Z804B_HUMAN:sp|P61077|UB2D3_HUMAN:sp|P13807|GYS1_HUMAN:sp|Q4AC94|C2CD3_HUMAN:sp|P51160|PDE6C_HUMAN:sp|Q8NG75|OR5T1_HUMAN:sp|Q14CZ7|FAKD3_HUMAN:sp|P0C264|SBK3_HUMAN:sp|Q92796|DLG3_HUMAN:sp|Q8NEE8|TTC16_HUMAN:sp|Q15345|LRC41_HUMAN:sp|Q8NGN2|O10S1_HUMAN:sp|O95382|M3K6_HUMAN:sp|Q86WK7|AMGO3_HUMAN:sp|O14964|HGS_HUMAN:sp|O14981|BTAF1_HUMAN:sp|P00813|ADA_HUMAN:sp|Q92932|PTPR2_HUMAN:sp|Q86UQ4|ABCAD_HUMAN:sp|Q14376|GALE_HUMAN:sp|Q8NFP9|NBEA_HUMAN:sp|Q8NH81|O10G6_HUMAN:sp|Q7L014|DDX46_HUMAN:sp|Q8TDJ6|DMXL2_HUMAN:tr|A0A8Q3SIG1|A0A8Q3SIG1_HUMAN:sp|Q9UFH2|DYH17_HUMAN:sp|Q9Y283|INVS_HUMAN:sp|Q01970|PLCB3_HUMAN:sp|Q9UKX5|ITA11_HUMAN:sp|P14735|IDE_HUMAN:sp|Q9HCE6|ARGAL_HUMAN:sp|P48668|K2C6C_HUMAN:sp|Q9UQ05|KCNH4_HUMAN:sp|Q96SW2|CRBN_HUMAN:sp|O14841|OPLA_HUMAN:sp|Q9P2R6|RERE_HUMAN:sp|Q9HBT6|CAD20_HUMAN:sp|P0C091|FREM3_HUMAN:sp|Q9BY66|KDM5D_HUMAN:sp|Q92974|ARHG2_HUMAN:sp|P04259|K2C6B_HUMAN:sp|O95714|HERC2_HUMAN:sp|P30838|AL3A1_HUMAN:sp|O00754|MA2B1_HUMAN:sp|Q9BXM9|FSD1L_HUMAN:sp|Q8IYM9|TRI22_HUMAN:sp|Q9UEW8|STK39_HUMAN:sp|Q5UIP0|RIF1_HUMAN:sp|Q9UHD8|SEPT9_HUMAN:sp|Q0VAA5|PLCX2_HUMAN:sp|Q5SZK8|FREM2_HUMAN:sp|P98161|PKD1_HUMAN:sp|P29083|T2EA_HUMAN:sp|Q2I0M4|LRC26_HUMAN:sp|Q9BUH8|BEGIN_HUMAN:sp|Q8N8D1|PDCD7_HUMAN:sp|Q96QT6|PHF12_HUMAN:sp|Q86VD1|MORC1_HUMAN:sp|Q86W42|THOC6_HUMAN:sp|Q4ADV7|RIC1_HUMAN:sp|P51668|UB2D1_HUMAN:sp|O15078|CE290_HUMAN:sp|Q7Z3U7|MON2_HUMAN:sp|O00311|CDC7_HUMAN:sp|P29475|NOS1_HUMAN:sp|Q9UQ88|CD11A_HUMAN:sp|O75716|STK16_HUMAN:sp|Q9BXS0|COPA1_HUMAN:sp|Q99929|ASCL2_HUMAN:sp|Q8IYW2|CFA46_HUMAN:sp|P62837|UB2D2_HUMAN:sp|Q07864|DPOE1_HUMAN:sp|P21127|CD11B_HUMAN:sp|Q6ZQW0|I23O2_HUMAN:sp|Q6Y2X3|DJC14_HUMAN:sp|Q99504|EYA3_HUMAN:sp|A6PVC2|TTLL8_HUMAN:sp|P55286|CADH8_HUMAN:sp|Q14814|MEF2D_HUMAN:sp|Q9NZV1|CRIM1_HUMAN:sp|Q92736|RYR2_HUMAN:sp|P17301|ITA2_HUMAN:sp|Q5T686|AVPI1_HUMAN:sp|Q9NZJ5|E2AK3_HUMAN:sp|Q96LX7|CCD17_HUMAN,DeepNovo
A(+42.01)THFVR,22.94,771.4028,6,50.0,6,0.7,386.70892,2,32.0948,11.4948,0.46,12171,HFX193_IPP292_GEL_CRC_324_Even.raw,7.89E5,5.48E6,1,1,1,1,"Acetylation (N-term)",,0 0 1 3 2 5,A(+42.01)THFVR,sp|Q99650|OSMR_HUMAN,DB Search
A(+42.01)THFVRKV,40.72,998.5661,8,75.0,8,0.5,333.86282,3,31.7975,10.8975,0.49,12076,HFX193_IPP292_GEL_CRC_324_Odd.raw,1.37E6,9.93E6,2,2,2,2,"Acetylation (N-term)",,0 0 4 18 16 3 12 5,A(+42.01)THFVRKV,sp|A6NG13|MGT4D_HUMAN:sp|O14522|PTPRT_HUMAN:sp|Q96N23|CFA54_HUMAN:sp|Q6NW40|RGMB_HUMAN:sp|Q16352|AINX_HUMAN:sp|Q2Y0W8|S4A8_HUMAN:sp|Q5VV42|CDKAL_HUMAN:sp|P28827|PTPRM_HUMAN:sp|Q9BXI2|ORNT2_HUMAN:sp|O75143|ATG13_HUMAN:sp|P61247|RS3A_HUMAN:sp|Q9NQX4|MYO5C_HUMAN:sp|Q96BJ8|ELMO3_HUMAN:sp|O75323|NIPS2_HUMAN:sp|Q9BWQ8|LFG2_HUMAN:sp|Q99650|OSMR_HUMAN:sp|Q6W3E5|GDPD4_HUMAN,DeepNovo
A(+42.01)TKAPAFM(+15.99),26.42,893.4316,8,50.0,8,1.5,447.72379,2,47.1279,-0.2721,0.26,18273,HFX193_IPP292_GEL_CRC_324_Odd.raw,5.62E5,3.27E6,1,1,1,1,"Acetylation (N-term);Oxidation (M)",,0 0 2 2 2 2 0 0,A(+42.01)TKAPAFM(+15.99),sp|Q9Y6C5|PTC2_HUMAN:sp|Q5T0W9|FA83B_HUMAN:sp|Q9H3P2|NELFA_HUMAN:sp|Q76MJ5|ERN2_HUMAN:sp|P49427|UB2R1_HUMAN:sp|Q8IVF2|AHNK2_HUMAN:sp|P98172|EFNB1_HUMAN:sp|Q14512|FGFP1_HUMAN:sp|Q92673|SORL_HUMAN:sp|P32754|HPPD_HUMAN:sp|P30968|GNRHR_HUMAN:sp|Q96RI0|PAR4_HUMAN:sp|Q8TF01|PNISR_HUMAN:sp|Q9H422|HIPK3_HUMAN:sp|Q13428|TCOF_HUMAN:sp|P0C0L5|CO4B_HUMAN:sp|Q9ULV8|CBLC_HUMAN:sp|Q96PS8|AQP10_HUMAN:sp|Q16587|ZNF74_HUMAN:sp|P78527|PRKDC_HUMAN:sp|Q9H3S7|PTN23_HUMAN:sp|Q8WVX9|FACR1_HUMAN:sp|Q10571|MN1_HUMAN:sp|Q5UE93|PI3R6_HUMAN:sp|Q9NZ94|NLGN3_HUMAN:sp|Q9UF33|EPHA6_HUMAN:sp|Q6ZN55|ZN574_HUMAN:sp|O15016|TRI66_HUMAN:sp|Q8WTX9|ZDHC1_HUMAN:sp|Q8IX19|MCEM1_HUMAN:sp|Q9NX94|WBP1L_HUMAN:sp|P15880|RS2_HUMAN:sp|Q9Y6V0|PCLO_HUMAN:sp|Q8TD43|TRPM4_HUMAN:sp|Q14839|CHD4_HUMAN:sp|Q6PK18|OGFD3_HUMAN:sp|P52756|RBM5_HUMAN:sp|O00451|GFRA2_HUMAN:sp|Q8IXJ9|ASXL1_HUMAN:sp|Q1XH10|SKDA1_HUMAN:sp|Q92845|KIFA3_HUMAN,DeepNovo
A(+42.01)TKEVKVV,28.17,914.5436,8,62.5,8,0.0,458.27911,2,35.3474,1.4474,0.44,13514,HFX193_IPP292_GEL_CRC_324_Even.raw,2.03E5,2.6E6,1,1,1,1,"Acetylation (N-term)",,0 0 9 2 0 6 13 5,A(+42.01)TKEVKVV,,DeepNovo
A(+42.01)TKGGKVTAV,54.74,972.5604,10,50.0,10,1.0,487.28796,2,31.9004,18.6004,0.50,12114,HFX193_IPP292_GEL_CRC_324_Odd.raw,3.52E5,3E6,1,1,1,1,"Acetylation (N-term)",,0 0 16 0 0 0 2 3 12 5,A(+42.01)TKGGKVTAV,sp|Q9NXI6|RN186_HUMAN:sp|Q9UIC8|LCMT1_HUMAN:sp|Q86TI2|DPP9_HUMAN:sp|Q9Y235|ABEC2_HUMAN:sp|P51553|IDH3G_HUMAN:sp|O43361|ZN749_HUMAN:sp|Q96LA5|FCRL2_HUMAN:sp|P27708|PYR1_HUMAN:sp|Q9C0B7|TNG6_HUMAN:sp|Q5XKE5|K2C79_HUMAN:sp|Q86XP0|PA24D_HUMAN:sp|Q15853|USF2_HUMAN:sp|Q9Y2K7|KDM2A_HUMAN:sp|O14842|FFAR1_HUMAN:sp|Q9BQG0|MBB1A_HUMAN:sp|Q8NEL9|DDHD1_HUMAN:sp|P49790|NU153_HUMAN:sp|Q9BPU6|DPYL5_HUMAN:sp|P50747|BPL1_HUMAN:sp|Q9BV20|MTNA_HUMAN:sp|Q08554|DSC1_HUMAN:sp|Q9Y5F3|PCDB1_HUMAN:tr|A0A1B0GTE1|A0A1B0GTE1_HUMAN:sp|P78509|RELN_HUMAN:sp|Q86TB3|ALPK2_HUMAN:sp|Q9UKX2|MYH2_HUMAN:sp|Q16690|DUS5_HUMAN:sp|Q9UEF7|KLOT_HUMAN:tr|A0A590UK24|A0A590UK24_HUMAN:sp|O15355|PPM1G_HUMAN:sp|Q6ZSZ5|ARHGI_HUMAN:sp|O95302|FKBP9_HUMAN:sp|Q8NC96|NECP1_HUMAN:sp|Q9NRM0|GTR9_HUMAN:sp|P16112|PGCA_HUMAN:sp|Q9ULB4|CADH9_HUMAN:sp|Q5HYK3|COQ5_HUMAN:sp|P21709|EPHA1_HUMAN:sp|Q8IZS5|OFCC1_HUMAN:sp|Q8WUF8|F172A_HUMAN:sp|O95665|NTR2_HUMAN:sp|P12882|MYH1_HUMAN:sp|Q9H2Y7|ZN106_HUMAN:sp|Q9BVI0|PHF20_HUMAN:sp|P61247|RS3A_HUMAN:sp|Q7Z6Z7|HUWE1_HUMAN:sp|Q5T7N3|KANK4_HUMAN:sp|Q8IZD0|SAM14_HUMAN:sp|Q9C0A0|CNTP4_HUMAN:sp|O60477|BRNP1_HUMAN:sp|Q8N0U4|F185A_HUMAN:sp|O95478|NSA2_HUMAN:sp|Q76KP1|B4GN4_HUMAN:sp|P09874|PARP1_HUMAN:sp|Q9H0X9|OSBL5_HUMAN:sp|Q75LS8|FKB9L_HUMAN:sp|P22670|RFX1_HUMAN:sp|Q15392|DHC24_HUMAN:sp|Q8TE77|SSH3_HUMAN:sp|P01584|IL1B_HUMAN:sp|P42261|GRIA1_HUMAN:sp|O43837|IDH3B_HUMAN:sp|Q9Y5F7|PCDGL_HUMAN:sp|Q96IZ2|ADTRP_HUMAN:sp|Q99665|I12R2_HUMAN:sp|Q9BTM1|H2AJ_HUMAN:sp|O75157|T22D2_HUMAN:sp|P09525|ANXA4_HUMAN:sp|Q8WZ42|TITIN_HUMAN:sp|A6ND36|FA83G_HUMAN:sp|Q96NU0|CNT3B_HUMAN:sp|Q9BZ76|CNTP3_HUMAN:sp|Q9UBG0|MRC2_HUMAN:sp|Q96MM6|HS12B_HUMAN:sp|Q9BT76|UPK3B_HUMAN:sp|P35251|RFC1_HUMAN:sp|Q9BUQ8|DDX23_HUMAN:sp|P22223|CADH3_HUMAN:sp|Q03014|HHEX_HUMAN:sp|P10645|CMGA_HUMAN:sp|Q5SZK8|FREM2_HUMAN:sp|Q6UWN8|ISK6_HUMAN:sp|Q9BRA2|TXD17_HUMAN:sp|Q8NCV1|ADAD2_HUMAN:sp|Q14204|DYHC1_HUMAN:tr|A0A590UK10|A0A590UK10_HUMAN:sp|A6NH52|TV23A_HUMAN:sp|Q14952|KI2S3_HUMAN:sp|P05543|THBG_HUMAN:sp|Q9Y5F6|PCDGM_HUMAN:sp|P54277|PMS1_HUMAN:sp|Q7Z5P9|MUC19_HUMAN:sp|Q5T3J3|LRIF1_HUMAN:sp|Q16787|LAMA3_HUMAN:sp|Q12955|ANK3_HUMAN:sp|Q96MS0|ROBO3_HUMAN:sp|Q8NB42|ZN527_HUMAN:sp|Q9Y623|MYH4_HUMAN:sp|P12883|MYH7_HUMAN:sp|Q9NXL6|SIDT1_HUMAN:sp|O00505|IMA4_HUMAN:sp|P11137|MTAP2_HUMAN:sp|P13535|MYH8_HUMAN:sp|Q63HQ2|EGFLA_HUMAN:sp|Q96PL5|ERMAP_HUMAN:sp|B2RXH4|BTBDI_HUMAN:sp|O76094|SRP72_HUMAN:sp|Q9HCK8|CHD8_HUMAN:sp|Q9NP78|ABCB9_HUMAN:sp|P55286|CADH8_HUMAN:sp|Q71RS6|NCKX5_HUMAN:sp|Q6ZVN7|SEML_HUMAN,DeepNovo
A(+42.01)TKN(+0.98)GKYSAGVL,68.68,1250.6506,12,33.3,12,3.0,626.33447,2,43.1290,-4.7710,0.42,16680,HFX193_IPP292_GEL_CRC_324_Odd.raw,4.39E5,2.87E6,1,1,1,1,"Acetylation (N-term);Deamidation (NQ)",,0 0 14 4 1 1 1 1 0 1 5 5,A(+42.01)TKN(+0.98)GKYSAGVL,sp|Q8TDI0|CHD5_HUMAN:sp|Q92859|NEO1_HUMAN:sp|Q6UVK1|CSPG4_HUMAN:sp|Q9BZH6|WDR11_HUMAN:sp|Q9NT68|TEN2_HUMAN:sp|Q8NCJ5|SPRY3_HUMAN:sp|Q4ZIN3|MBRL_HUMAN:sp|P51956|NEK3_HUMAN:sp|Q5JSH3|WDR44_HUMAN:sp|Q9P273|TEN3_HUMAN:sp|Q4ADV7|RIC1_HUMAN:sp|Q8TD84|DSCL1_HUMAN:sp|P01266|THYG_HUMAN:sp|Q9Y2S7|PDIP2_HUMAN:sp|Q2Q1W2|LIN41_HUMAN:sp|P21728|DRD1_HUMAN:sp|Q6ZMT4|KDM7A_HUMAN:sp|Q8NG08|HELB_HUMAN:sp|P06276|CHLE_HUMAN:sp|P05997|CO5A2_HUMAN:sp|Q9Y493|ZAN_HUMAN:sp|P98170|XIAP_HUMAN:sp|P00519|ABL1_HUMAN:sp|Q9UNI1|CELA1_HUMAN:sp|P55316|FOXG1_HUMAN:sp|Q99712|KCJ15_HUMAN:sp|P85037|FOXK1_HUMAN:sp|Q16671|AMHR2_HUMAN:sp|Q15397|PUM3_HUMAN:sp|Q9H9L4|KANL2_HUMAN:sp|O14976|GAK_HUMAN:sp|O75896|TUSC2_HUMAN:sp|Q9UPA5|BSN_HUMAN:sp|Q9BUJ2|HNRL1_HUMAN:sp|Q9H2P0|ADNP_HUMAN:sp|A6NHC0|CAN8_HUMAN:sp|Q9UJQ7|SCP2D_HUMAN:sp|Q8NDG6|TDRD9_HUMAN,DeepNovo
A(+42.01)TLHPVM(+15.99)KRL,36.63,1222.6855,10,60.0,10,-0.1,408.56909,3,34.7151,0.4151,0.10,13249,HFX193_IPP292_GEL_CRC_324_Even.raw,,,1,1,0,0,"Acetylation (N-term);Oxidation (M)",,5 0 0 0 0 5 2 2 2 5,A(+42.01)TLHPVM(+15.99)KRL,sp|P02708|ACHA_HUMAN:sp|P25391|LAMA1_HUMAN:sp|Q9HCK1|ZDBF2_HUMAN:sp|Q9Y2A7|NCKP1_HUMAN:sp|Q96M11|HYLS1_HUMAN:sp|Q12769|NU160_HUMAN:sp|Q93009|UBP7_HUMAN:sp|Q8IY21|DDX60_HUMAN:sp|Q8TAQ2|SMRC2_HUMAN:sp|Q8NF91|SYNE1_HUMAN:sp|O75132|ZBED4_HUMAN:sp|P26951|IL3RA_HUMAN,DeepNovo
A(+42.01)TLKEKLIAPV,45.20,1223.7489,11,27.3,11,1.0,612.88232,2,59.3579,-32.3421,0.86,23145,HFX193_IPP292_GEL_CRC_324_Even.raw,1.08E5,1.05E6,1,1,1,1,"Acetylation (N-term)",,0 0 2 1 0 1 1 3 7 0 0,A(+42.01)TLKEKLIAPV,sp|P07195|LDHB_HUMAN,DB Search
A(+42.01)TLKEKLIAPVAEEEAT,47.42,1853.9985,17,35.3,17,1.3,928.00775,2,61.6418,-34.8582,0.79,24053,HFX193_IPP292_GEL_CRC_324_Even.raw,4.23E4,8.33E5,1,1,1,1,"Acetylation (N-term)",,0 0 23 0 0 14 14 16 86 0 0 13 0 0 0 0 0,A(+42.01)TLKEKLIAPVAEEEAT,sp|P07195|LDHB_HUMAN,DB Search
A(+42.01)TN(+0.98)TAGFVR,38.40,978.4771,9,55.6,9,2.0,490.24677,2,41.8555,-9.9445,0.41,16150,HFX193_IPP292_GEL_CRC_324_Even.raw,2.66E5,2.12E6,1,1,1,1,"Acetylation (N-term);Deamidation (NQ)",,0 0 12 9 0 0 3 3 5,A(+42.01)TN(+0.98)TAGFVR,,DeepNovo
A(+42.01)TRRVAVV,24.64,912.5505,8,25.0,8,1.5,457.28320,2,38.1004,7.6004,0.45,14615,HFX193_IPP292_GEL_CRC_324_Odd.raw,1.09E7,6.91E7,2,2,2,2,"Acetylation (N-term)",,0 0 1 0 1 1 2 3,A(+42.01)TRRVAVV,sp|Q9BVQ7|SPA5L_HUMAN:sp|A0A1W2PQD8|S72L2_HUMAN:sp|O94818|NOL4_HUMAN:sp|A8MYU2|KCNU1_HUMAN:sp|Q9H4B4|PLK3_HUMAN:sp|O15232|MATN3_HUMAN:sp|P43699|NKX21_HUMAN:sp|Q9NP77|SSU72_HUMAN:sp|A5D6W6|FITM1_HUMAN:sp|Q9H9Y4|GPN2_HUMAN:sp|P04275|VWF_HUMAN:sp|Q8TAU0|NKX23_HUMAN:sp|Q01082|SPTB2_HUMAN:sp|A0A1W2PQ64|S72L5_HUMAN:sp|Q07889|SOS1_HUMAN:sp|Q13268|DHRS2_HUMAN:sp|A8TX70|CO6A5_HUMAN:sp|Q13905|RPGF1_HUMAN:sp|A0A1W2PQJ5|S72L3_HUMAN:sp|A0A1W2PQ27|S72L1_HUMAN:sp|P32246|CCR1_HUMAN:sp|Q08AH3|ACS2A_HUMAN:sp|Q05BQ5|MBTD1_HUMAN:sp|A6NCS4|NKX26_HUMAN:sp|Q96HD9|ACY3_HUMAN:sp|O95096|NKX22_HUMAN:sp|Q9H2Z4|NKX24_HUMAN:sp|Q5JWR5|DOP1_HUMAN:sp|Q16581|C3AR_HUMAN:sp|Q9Y3E2|BOLA1_HUMAN:sp|Q8IUL8|CILP2_HUMAN:sp|A0A1W2PQC6|S72L4_HUMAN:sp|P12109|CO6A1_HUMAN:sp|O00178|GTPB1_HUMAN:sp|P12111|CO6A3_HUMAN:sp|P20273|CD22_HUMAN:sp|A0A1W2PR75|S72L6_HUMAN:sp|Q9Y6B7|AP4B1_HUMAN:sp|Q6NS38|ALKB2_HUMAN:sp|Q9BRR6|ADPGK_HUMAN:sp|Q63ZY3|KANK2_HUMAN:sp|Q8IZY2|ABCA7_HUMAN:sp|Q9P2N6|KANL3_HUMAN:sp|Q9H582|ZN644_HUMAN:sp|Q8TCC7|S22A8_HUMAN,DeepNovo
A(+42.01)TSVHKVL,19.94,895.5127,8,62.5,8,0.7,448.76392,2,32.6623,-6.7377,0.37,12439,HFX193_IPP292_GEL_CRC_324_Even.raw,3.74E5,3.43E6,1,1,1,1,"Acetylation (N-term)",,0 0 0 33 20 10 10 5,A(+42.01)TSVHKVL,sp|Q08AN1|ZN616_HUMAN:sp|A8MXY4|ZNF99_HUMAN:sp|A6NN14|ZN729_HUMAN:sp|O60229|KALRN_HUMAN:sp|Q16762|THTR_HUMAN:sp|Q96I13|ABHD8_HUMAN:sp|Q8NFJ9|BBS1_HUMAN:sp|Q5SRE5|NU188_HUMAN:sp|Q8NBM4|UBAC2_HUMAN:sp|Q9P2K8|E2AK4_HUMAN:sp|Q5XPI4|RN123_HUMAN:sp|Q6ZN57|ZFP2_HUMAN,DeepNovo
A(+42.01)TTVAPA,13.41,671.3490,7,42.9,7,1.0,672.35693,1,39.2406,-6.8594,0.56,15124,HFX193_IPP292_GEL_CRC_324_Odd.raw,5.98E5,3.19E6,1,1,1,1,"Acetylation (N-term)",,0 0 14 13 13 0 0,A(+42.01)TTVAPA,sp|Q15059|BRD3_HUMAN,DB Search
A(+42.01)VAGLSKK,52.45,814.4912,8,75.0,8,1.9,408.25366,2,33.0340,10.1340,0.34,12556,HFX193_IPP292_GEL_CRC_324_Odd.raw,4.49E6,2.89E7,2,2,2,2,"Acetylation (N-term)",,5 23 0 0 15 4 4 5,A(+42.01)VAGLSKK,sp|Q8WXE1|ATRIP_HUMAN:sp|Q5VZ46|K1614_HUMAN:sp|P35968|VGFR2_HUMAN:sp|Q6UY01|LRC31_HUMAN:sp|Q9UPW0|FOXJ3_HUMAN:sp|Q16595|FRDA_HUMAN:sp|Q96L73|NSD1_HUMAN:sp|Q96MZ0|GD1L1_HUMAN:sp|Q8NA75|DC4L2_HUMAN:sp|Q8ND61|CC020_HUMAN:sp|Q4VCS5|AMOT_HUMAN:sp|Q96A46|MFRN2_HUMAN:sp|Q9HCD6|TANC2_HUMAN:sp|O75382|TRIM3_HUMAN:sp|Q9HAT1|LMA1L_HUMAN:sp|Q9P225|DYH2_HUMAN:sp|Q9C0B7|TNG6_HUMAN:sp|Q9P2D6|F135A_HUMAN:sp|Q8IV38|ANKY2_HUMAN:sp|Q9UPY5|XCT_HUMAN:sp|Q9BWQ6|YIPF2_HUMAN:sp|Q9C0G6|DYH6_HUMAN:sp|Q96L91|EP400_HUMAN:sp|Q9BQE5|APOL2_HUMAN:sp|Q6PL18|ATAD2_HUMAN:sp|Q5JU00|DRC5_HUMAN:sp|Q96ES6|MFSD3_HUMAN:sp|Q96QA5|GSDMA_HUMAN:sp|Q8IXW5|RPAP2_HUMAN:sp|Q684P5|RPGP2_HUMAN:sp|Q02446|SP4_HUMAN:sp|Q92900|RENT1_HUMAN:sp|Q8IXR5|F178B_HUMAN:sp|Q9H8T0|AKTIP_HUMAN:sp|Q8TB61|S35B2_HUMAN:sp|P32314|FOXN2_HUMAN:sp|P40198|CEAM3_HUMAN:sp|Q5T4T1|T170B_HUMAN:sp|Q9NY15|STAB1_HUMAN:sp|P09912|IFI6_HUMAN:sp|Q5DID0|UROL1_HUMAN:sp|Q15582|BGH3_HUMAN:sp|P24071|FCAR_HUMAN:sp|P23471|PTPRZ_HUMAN:sp|Q9HAH7|FBRS_HUMAN:sp|O43818|U3IP2_HUMAN:sp|O43657|TSN6_HUMAN:sp|P51798|CLCN7_HUMAN:sp|Q99490|AGAP2_HUMAN:sp|Q9NQX7|ITM2C_HUMAN:sp|O95665|NTR2_HUMAN:sp|Q3T906|GNPTA_HUMAN:sp|Q07912|ACK1_HUMAN:sp|Q6ZMG9|CERS6_HUMAN:sp|Q05639|EF1A2_HUMAN:sp|Q3SXM0|DC4L1_HUMAN:sp|P41226|UBA7_HUMAN:sp|Q8IUG5|MY18B_HUMAN:sp|Q9BWG4|SSBP4_HUMAN:sp|Q8N3T6|T132C_HUMAN:sp|Q9H165|BC11A_HUMAN:sp|O75362|ZN217_HUMAN:sp|O75022|LIRB3_HUMAN:sp|Q9UHL4|DPP2_HUMAN:sp|Q86VF2|IGFN1_HUMAN:sp|Q8TEQ8|PIGO_HUMAN:sp|Q7Z333|SETX_HUMAN:sp|O94952|FBX21_HUMAN:sp|Q5EBL2|ZN628_HUMAN:sp|Q5VTE0|EF1A3_HUMAN:sp|Q8N6C8|LIRA3_HUMAN:sp|Q9P212|PLCE1_HUMAN:sp|P37837|TALDO_HUMAN:sp|Q8WZ42|TITIN_HUMAN:sp|P36542|ATPG_HUMAN:sp|Q5JPB2|ZN831_HUMAN:sp|Q8N423|LIRB2_HUMAN:sp|P12235|ADT1_HUMAN:sp|Q13936|CAC1C_HUMAN:sp|Q8NHL6|LIRB1_HUMAN:sp|Q8NBP5|MFSD9_HUMAN:sp|Q8WUH2|TGFA1_HUMAN:sp|Q13200|PSMD2_HUMAN:sp|Q9UQ84|EXO1_HUMAN:sp|Q9HC10|OTOF_HUMAN:sp|O94759|TRPM2_HUMAN:sp|Q16099|GRIK4_HUMAN:sp|Q9UK55|ZPI_HUMAN:sp|P22102|PUR2_HUMAN:sp|Q70CQ2|UBP34_HUMAN:sp|Q86VE3|SATL1_HUMAN:sp|Q53FD0|ZC21C_HUMAN:sp|Q6W3E5|GDPD4_HUMAN:sp|Q9C0D5|TANC1_HUMAN:sp|Q9NSD4|ZN275_HUMAN:sp|Q6NW34|NEPRO_HUMAN:sp|P18825|ADA2C_HUMAN:sp|Q9Y226|S22AD_HUMAN:sp|Q01826|SATB1_HUMAN:sp|Q9H7F0|AT133_HUMAN:sp|P09958|FURIN_HUMAN:sp|O60266|ADCY3_HUMAN:sp|Q92637|FCGRB_HUMAN:sp|P30530|UFO_HUMAN:sp|Q9Y3I0|RTCB_HUMAN:sp|Q92585|MAML1_HUMAN:sp|P0C864|DANCR_HUMAN:sp|O60282|KIF5C_HUMAN:sp|Q96CK0|ZN653_HUMAN:sp|Q96EZ4|MYEOV_HUMAN:sp|Q6PI73|LIRA6_HUMAN:sp|Q8IZN3|ZDH14_HUMAN:sp|P68104|EF1A1_HUMAN:sp|P25788|PSA3_HUMAN:sp|O95197|RTN3_HUMAN:sp|Q14721|KCNB1_HUMAN:sp|Q9C0B9|ZCHC2_HUMAN:sp|Q92752|TENR_HUMAN:sp|O60284|ST18_HUMAN:sp|Q9Y6G1|TM14A_HUMAN,DeepNovo
A(+42.01)VPAKSAAPPK,31.85,1077.6182,11,63.6,11,1.5,539.81720,2,26.6414,9.5414,0.65,9984,HFX193_IPP292_GEL_CRC_324_Odd.raw,2.07E5,1.74E6,1,1,1,1,"Acetylation (N-term)",,0 0 6 6 11 2 2 0 0 4 4,A(+42.01)VPAKSAAPPK,sp|Q9HAP2|MLXIP_HUMAN:sp|Q9BT40|INP5K_HUMAN:sp|P35612|ADDB_HUMAN:sp|Q9Y6D5|BIG2_HUMAN:sp|P15502|ELN_HUMAN:sp|Q8IUE0|TF2LY_HUMAN:sp|Q5VT06|CE350_HUMAN:sp|O15231|ZN185_HUMAN:sp|Q9UPY3|DICER_HUMAN:sp|P16499|PDE6A_HUMAN:sp|P50552|VASP_HUMAN:sp|P0C881|R10B1_HUMAN:sp|Q13574|DGKZ_HUMAN:sp|Q07654|TFF3_HUMAN:sp|Q6ZRG5|YQ015_HUMAN:sp|Q9HCM3|K1549_HUMAN:sp|P48436|SOX9_HUMAN:sp|P12318|FCG2A_HUMAN:sp|Q6UXD5|SE6L2_HUMAN:sp|P17535|JUND_HUMAN:sp|P14373|TRI27_HUMAN:sp|Q6P1L5|F117B_HUMAN:sp|Q5HYR2|DMRTC_HUMAN:sp|Q99700|ATX2_HUMAN:sp|O14513|NCKP5_HUMAN:sp|Q13322|GRB10_HUMAN:sp|Q86YV5|PRAG1_HUMAN:sp|Q8IXY8|PPIL6_HUMAN:sp|Q99062|CSF3R_HUMAN:sp|Q9P2J2|TUTLA_HUMAN:sp|Q92733|PRCC_HUMAN:sp|Q9UPA5|BSN_HUMAN:sp|P20783|NTF3_HUMAN:sp|Q5JU00|DRC5_HUMAN:sp|Q8N9M1|CS047_HUMAN:sp|Q8WWM7|ATX2L_HUMAN:sp|Q8WUY3|PRUN2_HUMAN:sp|Q9HCN6|GPVI_HUMAN:sp|Q12769|NU160_HUMAN:sp|Q15714|T22D1_HUMAN:sp|Q6P582|MZT2A_HUMAN:sp|Q9BQE6|LBHD1_HUMAN:sp|Q8N0Z2|ABRA_HUMAN:sp|Q01082|SPTB2_HUMAN:sp|P16035|TIMP2_HUMAN:sp|Q9Y6I8|PXMP4_HUMAN:sp|Q8NA19|LMBL4_HUMAN:sp|P49848|TAF6_HUMAN:sp|P31994|FCG2B_HUMAN:sp|Q96H79|ZCCHL_HUMAN:sp|Q13813|SPTN1_HUMAN:sp|Q14671|PUM1_HUMAN:sp|O95801|TTC4_HUMAN:sp|Q969P0|IGSF8_HUMAN:sp|O60610|DIAP1_HUMAN:sp|P32121|ARRB2_HUMAN:sp|Q9H6K4|OPA3_HUMAN:sp|O60749|SNX2_HUMAN:sp|Q04637|IF4G1_HUMAN:sp|Q8IUG5|MY18B_HUMAN:sp|Q9UKK3|PARP4_HUMAN:sp|Q5QNW6|H2B2F_HUMAN:sp|Q16778|H2B2E_HUMAN:sp|Q2TAL8|QRIC1_HUMAN:sp|A1L020|MEX3A_HUMAN:sp|Q9UM47|NOTC3_HUMAN:sp|P20810|ICAL_HUMAN:sp|Q86UP0|CAD24_HUMAN:sp|P22670|RFX1_HUMAN:sp|O14522|PTPRT_HUMAN:sp|Q8N377|YJ004_HUMAN:sp|Q9Y2K9|STB5L_HUMAN:sp|Q9UN30|SCML1_HUMAN:sp|P16403|H12_HUMAN:sp|Q96PX6|CC85A_HUMAN:sp|Q6P2Q9|PRP8_HUMAN:sp|Q5EBL2|ZN628_HUMAN:sp|Q9ULJ7|ANR50_HUMAN:sp|Q99607|ELF4_HUMAN:sp|Q9P212|PLCE1_HUMAN:sp|Q8WZ42|TITIN_HUMAN:sp|Q96JM7|LMBL3_HUMAN:sp|Q7Z6L0|PRRT2_HUMAN:sp|Q08623|HDHD1_HUMAN:sp|Q9C0A1|ZFHX2_HUMAN:sp|Q9Y2X9|ZN281_HUMAN:sp|Q8IVH2|FOXP4_HUMAN:sp|Q92974|ARHG2_HUMAN:sp|Q15722|LT4R1_HUMAN:sp|Q9H8N7|ZN395_HUMAN:sp|O60814|H2B1K_HUMAN:sp|Q5FYB1|ARSI_HUMAN:sp|Q14686|NCOA6_HUMAN:sp|O60890|OPHN1_HUMAN:sp|Q5TD94|RSH4A_HUMAN:sp|Q16676|FOXD1_HUMAN:sp|Q14005|IL16_HUMAN:sp|Q9ULK0|GRID1_HUMAN:sp|Q7L513|FCRLA_HUMAN:sp|P30559|OXYR_HUMAN:sp|B2RC85|R10B2_HUMAN:sp|A8MYA2|CX049_HUMAN:sp|P05019|IGF1_HUMAN:sp|Q8WTU2|SRB4D_HUMAN:sp|Q93084|AT2A3_HUMAN:sp|Q15911|ZFHX3_HUMAN:sp|Q93074|MED12_HUMAN:sp|A1A4S6|RHG10_HUMAN:sp|Q96AP7|ESAM_HUMAN:sp|Q8IUE1|TF2LX_HUMAN:sp|Q8TB72|PUM2_HUMAN:sp|Q02952|AKA12_HUMAN:sp|P08519|APOA_HUMAN:sp|P31995|FCG2C_HUMAN:sp|Q9NZP6|NPAP1_HUMAN:sp|Q9UNF0|PACN2_HUMAN:sp|Q96C57|CSTOS_HUMAN:sp|Q8N6N3|CA052_HUMAN:sp|Q69YI7|NAIF1_HUMAN:sp|Q9GZV1|ANKR2_HUMAN,DeepNovo
A(+42.01)VQ(+0.98)ISKKRKFVADGIFK,58.85,1977.1411,17,88.2,17,0.7,495.29288,4,47.4372,-20.9628,0.59,18401,HFX193_IPP292_GEL_CRC_324_Odd.raw,6.54E5,5.5E6,2,2,1,1,"Acetylation (N-term);Deamidation (NQ)",,5 74 74 72 10 10 0 0 2 4 4 7 7 2 2 23 5,A(+42.01)VQ(+0.98)ISKKRKFVADGIFK,sp|P23396|RS3_HUMAN,DB Search
A(+42.01)VQ(+0.98)LSKK,40.98,815.4753,7,100.0,7,0.2,408.74496,2,34.4261,17.8261,0.65,13155,HFX193_IPP292_GEL_CRC_324_Odd.raw,2.47E5,1.82E6,1,1,1,1,"Acetylation (N-term);Deamidation (NQ)",,5 22 22 12 3 3 5,A(+42.01)VQ(+0.98)LSKK,sp|P23396|RS3_HUMAN,DB Search
A(+42.01)WPHIKTI,11.94,1006.5600,8,50.0,8,-2.7,336.52637,3,27.1622,-70.0378,0.16,10163,HFX193_IPP292_GEL_CRC_324_Even.raw,4.96E5,4.39E6,1,1,1,1,"Acetylation (N-term)",,0 0 0 1 2 2 8 5,A(+42.01)WPHIKTI,sp|P52209|6PGD_HUMAN,DB Search
A(+42.01)YAHM(+15.99)VTHF,37.66,1133.4965,9,66.7,9,0.6,567.75580,2,46.6784,-2.7216,0.47,18074,HFX193_IPP292_GEL_CRC_324_Even.raw,2.57E6,1.55E7,3,3,3,3,"Acetylation (N-term);Oxidation (M)",,0 0 0 8 6 6 8 10 5,A(+42.01)YAHM(+15.99)VTHF,sp|P55061|BI1_HUMAN:ZBTB20_DEL_G-p.P692Lfs*43_::chr3:114338656-114339656_frame=-2:sp|Q5T5U3|RHG21_HUMAN:sp|Q66K89|E4F1_HUMAN:sp|Q9UNU6|CP8B1_HUMAN:sp|Q96K62|ZBT45_HUMAN:sp|Q9HC78|ZBT20_HUMAN:sp|Q9BS34|ZN670_HUMAN:sp|O60315|ZEB2_HUMAN,DeepNovo
A(+42.01)YGAFL,22.94,682.3326,6,33.3,6,-1.5,683.33887,1,67.3361,-74.2639,0.62,26286,HFX193_IPP292_GEL_CRC_324_Even.raw,4.62E5,2.79E6,2,2,1,1,"Acetylation (N-term)",,1 1 0 0 30 5,A(+42.01)YGAFL,sp|Q13936|CAC1C_HUMAN,DB Search
A(+42.01)YKKAFEHL,45.65,1147.6025,9,66.7,9,0.7,574.80896,2,42.6850,-4.9150,0.71,16472,HFX193_IPP292_GEL_CRC_324_Even.raw,3.61E6,1.96E7,2,2,2,2,"Acetylation (N-term)",,0 0 0 12 5 2 2 5 5,A(+42.01)YKKAFEHL,sp|P43490|NAMPT_HUMAN:sp|Q9NU22|MDN1_HUMAN:sp|O94953|KDM4B_HUMAN:sp|Q96RK4|BBS4_HUMAN:sp|O14782|KIF3C_HUMAN:sp|Q7Z5L7|PODN_HUMAN:sp|O43929|ORC4_HUMAN:sp|Q13641|TPBG_HUMAN:sp|Q9UKA4|AKA11_HUMAN:sp|P21589|5NTD_HUMAN:sp|Q9P266|JCAD_HUMAN,DeepNovo
C(+42.01)(+119.00)C(+119.00)C(+119.00)C(+119.00)C(+119.00)TKPVGGDKGGGGTLAAV,91.71,2635.8765,22,27.3,22,-4.3,528.18030,5,28.7521,N/A,0.14,10926,HFX193_IPP292_GEL_CRC_324_Even.raw,1.06E7,3.22E7,1,1,1,1,"Acetylation (N-term);Cysteinylation;Cysteinylation;Cysteinylation;Cysteinylation; more",,0 0 0 0 0 9 28 11 11 1 0 0 5 0 0 3 1 1 0 0 0 0,C(+42.01)(+119.00)C(+119.00)C(+119.00)C(+119.00)C(+119.00)TKPVGGDKGGGGTLAAV,sp|Q6UVK1|CSPG4_HUMAN:sp|Q9ULM3|YETS2_HUMAN:sp|Q9NRQ2|PLS4_HUMAN:sp|Q8TF68|ZN384_HUMAN:sp|O14924|RGS12_HUMAN:sp|Q6DN14|MCTP1_HUMAN:sp|O60245|PCDH7_HUMAN:sp|Q9Y5Y6|ST14_HUMAN:sp|B1ANS9|WDR64_HUMAN:sp|P41225|SOX3_HUMAN:sp|Q8IWZ3|ANKH1_HUMAN:sp|Q4G112|HSF5_HUMAN:sp|P53420|CO4A4_HUMAN:sp|Q01101|INSM1_HUMAN:sp|Q9H0A0|NAT10_HUMAN:sp|P35221|CTNA1_HUMAN:sp|P42768|WASP_HUMAN:sp|O94991|SLIK5_HUMAN:sp|Q9UL54|TAOK2_HUMAN:sp|Q8NI99|ANGL6_HUMAN:sp|Q6IQ32|ADNP2_HUMAN:sp|Q9P2E7|PCD10_HUMAN:sp|Q99715|COCA1_HUMAN:TCF7L2_DEL_A-p.K485Sfs*23_::chr10:113165058-113166058_frame=-1:sp|P63151|2ABA_HUMAN:tr|A0A7I2V3R4|A0A7I2V3R4_HUMAN:sp|Q9NRL3|STRN4_HUMAN:sp|Q01804|OTUD4_HUMAN:sp|P49790|NU153_HUMAN:sp|Q9UPT8|ZC3H4_HUMAN:sp|O75822|EIF3J_HUMAN:sp|Q9ULI4|KI26A_HUMAN:sp|Q96BD0|SO4A1_HUMAN:sp|Q7Z392|TPC11_HUMAN:sp|Q5VUJ6|LRCH2_HUMAN:sp|O95259|KCNH1_HUMAN:sp|Q86YF9|DZIP1_HUMAN:sp|Q8N475|FSTL5_HUMAN:sp|Q587J7|TDR12_HUMAN:sp|P26196|DDX6_HUMAN:sp|P52594|AGFG1_HUMAN:sp|Q7RTS6|OTOP2_HUMAN:sp|O75326|SEM7A_HUMAN:sp|O15197|EPHB6_HUMAN:sp|P15924|DESP_HUMAN:sp|Q8IUC1|KR111_HUMAN:sp|Q66LE6|2ABD_HUMAN:sp|Q04446|GLGB_HUMAN:sp|P28039|AOAH_HUMAN:sp|P27361|MK03_HUMAN:sp|Q96H79|ZCCHL_HUMAN:sp|O14917|PCD17_HUMAN:sp|Q7L2J0|MEPCE_HUMAN:sp|Q96G74|OTUD5_HUMAN:sp|Q3T906|GNPTA_HUMAN:sp|Q6ZN18|AEBP2_HUMAN:sp|Q9NZ56|FMN2_HUMAN:sp|Q9ULD0|OGDHL_HUMAN:sp|Q96BY6|DOC10_HUMAN:sp|Q8NEN0|ARMC2_HUMAN:sp|O75949|NALF2_HUMAN:sp|Q9NRM7|LATS2_HUMAN:sp|Q9Y4A8|NF2L3_HUMAN:sp|O75541|ZN821_HUMAN:sp|P11831|SRF_HUMAN:sp|Q7L014|DDX46_HUMAN:sp|P43699|NKX21_HUMAN:sp|Q8TAU0|NKX23_HUMAN:sp|Q9NWM3|CUED1_HUMAN:sp|A6NHQ2|FBLL1_HUMAN:sp|Q9P212|PLCE1_HUMAN:ENO4_DEL_A-p.K207Rfs*32_::chr10:116858617-116859617_frame=-1:sp|Q9Y2X9|ZN281_HUMAN:sp|Q5JPB2|ZN831_HUMAN:sp|Q9H2D6|TARA_HUMAN:sp|P31276|HXC13_HUMAN:sp|Q9NRD8|DUOX2_HUMAN:sp|P52735|VAV2_HUMAN:sp|Q9UPU5|UBP24_HUMAN:sp|Q13432|U119A_HUMAN:sp|Q99856|ARI3A_HUMAN:sp|A6NL88|SHSA7_HUMAN:sp|P54727|RD23B_HUMAN:sp|Q9C0I1|MTMRC_HUMAN:sp|P29353|SHC1_HUMAN:sp|A8MZF0|PRR33_HUMAN:sp|Q9Y295|DRG1_HUMAN:sp|Q9NYQ8|FAT2_HUMAN:sp|Q9NY99|SNTG2_HUMAN:sp|Q8TED9|AF1L1_HUMAN:sp|B5ME19|EIFCL_HUMAN:sp|Q06587|RING1_HUMAN:sp|Q8N6Y1|PCD20_HUMAN:sp|Q3ZCN5|OTOGL_HUMAN:sp|P47974|TISD_HUMAN:sp|Q8NFZ6|VN1R2_HUMAN:sp|Q9H6K1|ILRUN_HUMAN:sp|Q9Y6W3|CAN7_HUMAN:sp|Q5UCC4|EMC10_HUMAN:sp|Q9UJ96|KCNG2_HUMAN:sp|Q96KJ9|COX42_HUMAN:sp|Q6ZMT4|KDM7A_HUMAN:sp|Q1MSJ5|CSPP1_HUMAN:sp|Q5TAQ9|DCAF8_HUMAN:sp|O00462|MANBA_HUMAN:sp|Q6Y7W6|GGYF2_HUMAN:sp|Q6Y288|B3GLT_HUMAN:sp|Q8TD26|CHD6_HUMAN:sp|Q14451|GRB7_HUMAN:sp|Q9BZR6|RTN4R_HUMAN:sp|Q02878|RL6_HUMAN:sp|Q16538|GP162_HUMAN:sp|Q9NWX5|ASB6_HUMAN:sp|Q92854|SEM4D_HUMAN:sp|Q68DK7|MSL1_HUMAN:sp|P98179|RBM3_HUMAN:sp|A6NI73|LIRA5_HUMAN:sp|Q96IK1|BOD1_HUMAN:sp|Q8N1G0|ZN687_HUMAN:sp|O14524|NEMP1_HUMAN,DeepNovo
C(+42.01)(+119.00)C(+119.00)Q(+0.98)ALERM(+15.99)F,43.75,1396.4590,9,77.8,9,-1.9,699.23547,2,57.9027,N/A,0.35,22545,HFX193_IPP292_GEL_CRC_324_Odd.raw,,,1,1,0,0,"Acetylation (N-term);Cysteinylation;Cysteinylation;Deamidation (NQ);Oxidation (M)",,0 0 4 21 29 12 2 2 5,C(+42.01)(+119.00)C(+119.00)Q(+0.98)ALERM(+15.99)F,sp|Q9ULS5|TMCC3_HUMAN:sp|Q8N0Y7|PGAM4_HUMAN:sp|Q9BT92|TCHP_HUMAN:sp|P48145|NPBW1_HUMAN:sp|Q8WVV4|POF1B_HUMAN:sp|Q9UHV2|SRTD1_HUMAN:sp|Q96SB3|NEB2_HUMAN:sp|Q9GZM8|NDEL1_HUMAN:sp|Q5T6X5|GPC6A_HUMAN:sp|Q96DL1|NXPE2_HUMAN:sp|P24001|IL32_HUMAN:sp|P01135|TGFA_HUMAN:sp|Q9Y6J0|CABIN_HUMAN:sp|A0A1B0GUJ8|PNM8C_HUMAN:sp|Q9HC29|NOD2_HUMAN:sp|Q9Y625|GPC6_HUMAN:sp|P24928|RPB1_HUMAN:sp|O95785|WIZ_HUMAN:sp|Q4LDE5|SVEP1_HUMAN:sp|Q96L91|EP400_HUMAN:sp|Q14839|CHD4_HUMAN:sp|O15067|PUR4_HUMAN:sp|Q8N6R0|EFNMT_HUMAN:sp|Q502W7|CCD38_HUMAN:sp|Q9NX36|DJC28_HUMAN:sp|Q9UL12|SARDH_HUMAN:sp|Q9Y678|COPG1_HUMAN:sp|Q15052|ARHG6_HUMAN:sp|Q9NXR1|NDE1_HUMAN:sp|Q502W6|VWA3B_HUMAN:sp|P78524|DEN2B_HUMAN:sp|Q8NI27|THOC2_HUMAN:sp|P30101|PDIA3_HUMAN:sp|Q14160|SCRIB_HUMAN:sp|A5YKK6|CNOT1_HUMAN:sp|Q52LW3|RHG29_HUMAN:sp|O14827|RGRF2_HUMAN:sp|Q8NF91|SYNE1_HUMAN:sp|Q8TEY5|CR3L4_HUMAN:sp|O15375|MOT6_HUMAN:ANO10_DEL_T-p.D45Mfs*12_::chr3:43605221-43606221_frame=1:sp|Q8WY91|THAP4_HUMAN:sp|Q8TDM6|DLG5_HUMAN:sp|Q8N9R8|SCAI_HUMAN:sp|P98164|LRP2_HUMAN:sp|Q8IZD2|KMT2E_HUMAN:sp|A6NI03|TR64B_HUMAN:sp|Q8NEY4|VATC2_HUMAN:sp|Q99811|PRRX2_HUMAN:sp|Q6ZU35|CRACD_HUMAN:sp|Q9Y6K9|NEMO_HUMAN:sp|Q86YT6|MIB1_HUMAN:sp|Q8N323|NXPE1_HUMAN:sp|Q9NSU2|TREX1_HUMAN:sp|P35609|ACTN2_HUMAN:sp|P69905|HBA_HUMAN:sp|A6NGJ6|TRI64_HUMAN:sp|Q8NA92|THAP8_HUMAN:sp|O00220|TR10A_HUMAN:sp|Q9ULJ7|ANR50_HUMAN:sp|Q9Y5A7|NUB1_HUMAN:sp|Q08043|ACTN3_HUMAN:sp|Q96MG2|JSPR1_HUMAN:sp|Q8WX94|NALP7_HUMAN:sp|A8TX70|CO6A5_HUMAN:sp|O94927|HAUS5_HUMAN:sp|Q9UBV2|SE1L1_HUMAN:sp|P20807|CAN3_HUMAN:sp|P54821|PRRX1_HUMAN:sp|Q96DC7|TMCO6_HUMAN:sp|Q12852|M3K12_HUMAN:sp|Q9H8H3|TMT1A_HUMAN:sp|Q13972|RGRF1_HUMAN:sp|Q9NWS1|PARI_HUMAN:sp|Q96DY7|MTBP_HUMAN:sp|B1AJZ9|FHAD1_HUMAN:sp|A4D126|ISPD_HUMAN:sp|Q14669|TRIPC_HUMAN:sp|A6NLI5|TR64C_HUMAN:sp|Q5W0B1|OBI1_HUMAN:sp|A7E2Y1|MYH7B_HUMAN:sp|O60930|RNH1_HUMAN:sp|Q14204|DYHC1_HUMAN:sp|Q9Y4W6|AFG32_HUMAN:sp|Q8TD17|ZN398_HUMAN:sp|P07384|CAN1_HUMAN:sp|Q96S59|RANB9_HUMAN:sp|O95466|FMNL1_HUMAN:sp|P42356|PI4KA_HUMAN:sp|Q9BQS8|FYCO1_HUMAN:sp|Q9UBF2|COPG2_HUMAN:sp|Q9NZJ4|SACS_HUMAN:sp|Q5BJE1|CC178_HUMAN:sp|Q9Y2I1|NISCH_HUMAN:sp|Q53EQ6|TIGD5_HUMAN:sp|P80108|PHLD_HUMAN:sp|Q96CV9|OPTN_HUMAN:sp|Q7Z5L9|I2BP2_HUMAN:sp|Q12931|TRAP1_HUMAN:sp|Q5SSQ6|SAPC1_HUMAN:sp|Q96S38|KS6C1_HUMAN:sp|Q96NG3|ODAD4_HUMAN:sp|Q96F07|CYFP2_HUMAN:sp|Q4G0P3|HYDIN_HUMAN:sp|Q9NR45|SIAS_HUMAN:sp|Q93038|TNR25_HUMAN:sp|Q9BYK8|HELZ2_HUMAN:sp|Q5T4S7|UBR4_HUMAN:sp|P52272|HNRPM_HUMAN:sp|O75487|GPC4_HUMAN:sp|Q86VW2|ARHGP_HUMAN:sp|Q96Q91|B3A4_HUMAN:sp|Q2KHM9|MOONR_HUMAN:sp|Q8WXF1|PSPC1_HUMAN:sp|Q8IWX7|UN45B_HUMAN,DeepNovo
C(+42.01)(+119.00)EVVVKF,25.12,983.4456,7,57.1,7,-2.9,492.72864,2,60.7211,N/A,0.32,23685,HFX193_IPP292_GEL_CRC_324_Even.raw,1.83E5,9.44E5,1,1,1,1,"Acetylation (N-term);Cysteinylation",,0 0 1 2 2 17 5,C(+42.01)(+119.00)EVVVKF,sp|Q96RG2|PASK_HUMAN:sp|Q99700|ATX2_HUMAN:sp|Q9Y4F1|FARP1_HUMAN:sp|O95870|ABHGA_HUMAN,DeepNovo
C(+42.01)(+119.00)HGSVKVKLKL,47.19,1371.7366,11,72.7,11,2.9,458.25415,3,35.5099,N/A,0.21,13588,HFX193_IPP292_GEL_CRC_324_Odd.raw,4.97E5,3.42E6,1,1,1,1,"Acetylation (N-term);Cysteinylation",,0 0 0 7 7 21 9 4 4 7 5,C(+42.01)(+119.00)HGSVKVKLKL,sp|Q9BVQ7|SPA5L_HUMAN:sp|Q8N283|ANR35_HUMAN:sp|Q8WXH6|RB40A_HUMAN:sp|Q6ZVC0|NYAP1_HUMAN:sp|Q14683|SMC1A_HUMAN:sp|Q9Y6D5|BIG2_HUMAN:sp|Q504T8|MIDN_HUMAN:sp|Q8TC36|SUN5_HUMAN:sp|Q8TCN5|ZN507_HUMAN:sp|P20338|RAB4A_HUMAN:sp|A2VCK2|DCD2B_HUMAN:sp|Q9UI26|IPO11_HUMAN:sp|O00635|TRI38_HUMAN:sp|Q9BRC7|PLCD4_HUMAN:sp|Q8N6W0|CELF5_HUMAN:sp|Q9Y4M8|CH071_HUMAN:sp|Q9ULU8|CAPS1_HUMAN:sp|Q9P1Z9|CC180_HUMAN:sp|Q6P0Q8|MAST2_HUMAN:sp|Q92750|TAF4B_HUMAN:sp|Q9UPY5|XCT_HUMAN:sp|Q99558|M3K14_HUMAN:sp|Q8NBA8|DTWD2_HUMAN:sp|Q96L91|EP400_HUMAN:sp|Q14D04|MELT_HUMAN:sp|Q709C8|VP13C_HUMAN:sp|O95319|CELF2_HUMAN:sp|Q9NYC9|DYH9_HUMAN:sp|Q53GS7|GLE1_HUMAN:sp|Q96QA5|GSDMA_HUMAN:sp|Q8NG06|TRI58_HUMAN:sp|Q96ST3|SIN3A_HUMAN:sp|Q86TV6|TTC7B_HUMAN:sp|Q86VY4|TSYL5_HUMAN:sp|Q16877|F264_HUMAN:sp|Q16515|ASIC2_HUMAN:sp|Q15714|T22D1_HUMAN:sp|O60281|ZN292_HUMAN:sp|Q9C0E4|GRIP2_HUMAN:sp|Q9UDY8|MALT1_HUMAN:sp|Q8TES7|FBF1_HUMAN:sp|Q9Y624|JAM1_HUMAN:sp|Q2QGD7|ZXDC_HUMAN:sp|Q99536|VAT1_HUMAN:sp|Q9BSJ8|ESYT1_HUMAN:sp|Q9Y493|ZAN_HUMAN:sp|P51531|SMCA2_HUMAN:sp|Q2WGJ6|KLH38_HUMAN:sp|Q58F21|BRDT_HUMAN:sp|Q96DA0|ZG16B_HUMAN:sp|Q9ULV3|CIZ1_HUMAN:sp|A0A0C4DH34|HV428_HUMAN:sp|Q9UJ55|MAGL2_HUMAN:sp|Q86TU7|SETD3_HUMAN:sp|Q14584|ZN266_HUMAN:sp|Q8IUG5|MY18B_HUMAN:sp|Q6PCD5|RFWD3_HUMAN:sp|P05771|KPCB_HUMAN:sp|Q2TAL8|QRIC1_HUMAN:sp|Q8TEP8|CE192_HUMAN:sp|Q86XA9|HTR5A_HUMAN:sp|Q9NS87|KIF15_HUMAN:sp|P49407|ARRB1_HUMAN:sp|Q9NZ52|GGA3_HUMAN:sp|Q92599|SEPT8_HUMAN:sp|Q9UFH2|DYH17_HUMAN:sp|Q6ZTU2|E400N_HUMAN:sp|Q96PY5|FMNL2_HUMAN:sp|O75925|PIAS1_HUMAN:sp|Q96JM4|LRIQ1_HUMAN:sp|Q9HCE1|MOV10_HUMAN:sp|Q8N8U9|BMPER_HUMAN:sp|Q16644|MAPK3_HUMAN:sp|P35914|HMGCL_HUMAN:sp|P31276|HXC13_HUMAN:sp|Q8TEY7|UBP33_HUMAN:sp|Q9BXI6|TB10A_HUMAN:sp|Q5UE93|PI3R6_HUMAN:sp|P08581|MET_HUMAN:sp|P28221|5HT1D_HUMAN:sp|Q8N3X6|LCORL_HUMAN:sp|Q8WTV0|SCRB1_HUMAN:sp|Q9Y6D6|BIG1_HUMAN:sp|Q8IUL8|CILP2_HUMAN:sp|O75521|ECI2_HUMAN:sp|A0AUZ9|KAL1L_HUMAN:sp|Q13127|REST_HUMAN:sp|O95825|QORL1_HUMAN:sp|Q8NEG7|DEN6B_HUMAN:sp|P26006|ITA3_HUMAN:sp|Q6ZMV9|KIF6_HUMAN:sp|Q86SQ4|AGRG6_HUMAN:sp|Q9NYQ6|CELR1_HUMAN:sp|Q8IUR7|ARMC8_HUMAN:sp|Q6DN12|MCTP2_HUMAN:sp|Q5VVM6|CCD30_HUMAN:sp|P21399|ACOHC_HUMAN:sp|Q9BRU9|UTP23_HUMAN:sp|O60885|BRD4_HUMAN:sp|O95466|FMNL1_HUMAN:sp|P46199|IF2M_HUMAN:sp|A8MT70|ZBBX_HUMAN:sp|O15061|SYNEM_HUMAN:sp|Q13563|PKD2_HUMAN:sp|Q9Y2L1|RRP44_HUMAN:sp|Q8WXG9|AGRV1_HUMAN:sp|Q8N3K9|CMYA5_HUMAN:sp|Q86WJ1|CHD1L_HUMAN:sp|Q96MA6|KAD8_HUMAN:sp|Q12893|TM115_HUMAN:sp|Q9P2B7|CFA97_HUMAN:sp|Q92879|CELF1_HUMAN:sp|P53804|TTC3_HUMAN:sp|A0A0B4J1U7|HV601_HUMAN:sp|Q9UKW4|VAV3_HUMAN:sp|P83110|HTRA3_HUMAN:sp|Q03164|KMT2A_HUMAN:sp|Q5TH69|BIG3_HUMAN:sp|Q9NRH2|SNRK_HUMAN:sp|Q8N6Q1|TMC5A_HUMAN,DeepNovo
C(+42.01)(+119.00)HLGAGGYLLKWARLK,74.58,1946.0018,16,56.2,16,-3.7,487.50595,4,47.1085,N/A,0.20,18280,HFX193_IPP292_GEL_CRC_324_Odd.raw,,,1,1,0,0,"Acetylation (N-term);Cysteinylation",,0 0 55 3 0 0 5 5 14 16 20 0 0 0 6 5,C(+42.01)(+119.00)HLGAGGYLLKWARLK,sp|P35568|IRS1_HUMAN:sp|Q8IVE3|PKHH2_HUMAN:sp|Q9H8M5|CNNM2_HUMAN:sp|O43823|AKAP8_HUMAN:sp|Q8TDV0|GP151_HUMAN:sp|F5H094|SO1BT_HUMAN:sp|O43451|MGA_HUMAN:sp|Q92738|US6NL_HUMAN:sp|Q9UJA3|MCM8_HUMAN:sp|O94991|SLIK5_HUMAN:sp|Q86SE9|PCGF5_HUMAN:sp|Q9Y5Z7|HCFC2_HUMAN:sp|Q9UMD9|COHA1_HUMAN:sp|Q9C0E2|XPO4_HUMAN:sp|Q9H0L4|CSTFT_HUMAN:sp|Q9H330|TM245_HUMAN:sp|Q9HCJ0|TNR6C_HUMAN:sp|Q9NPG8|ZDHC4_HUMAN:sp|Q86VR7|VS10L_HUMAN:sp|Q9Y6L6|SO1B1_HUMAN:sp|Q8WVB6|CTF18_HUMAN:sp|Q9NRK6|ABCBA_HUMAN:sp|Q92523|CPT1B_HUMAN:sp|Q8WWQ8|STAB2_HUMAN:sp|Q9H2Y9|SO5A1_HUMAN:sp|Q96GE9|DMAC1_HUMAN:sp|O95294|RASL1_HUMAN:sp|Q9P2E8|MARH4_HUMAN:sp|Q9Y365|STA10_HUMAN:sp|P39023|RL3_HUMAN:sp|Q8TB61|S35B2_HUMAN:sp|Q9BXW7|HDHD5_HUMAN:sp|Q7Z408|CSMD2_HUMAN:sp|O00533|NCHL1_HUMAN:sp|P09912|IFI6_HUMAN:sp|Q5SSJ5|HP1B3_HUMAN:sp|O60673|REV3L_HUMAN:sp|Q6ZN30|BNC2_HUMAN:sp|P46095|GPR6_HUMAN:sp|Q9Y330|ZBT12_HUMAN:sp|P20020|AT2B1_HUMAN:sp|P15927|RFA2_HUMAN:sp|Q01814|AT2B2_HUMAN:sp|Q8NBT3|TM145_HUMAN:sp|A5PL33|KRBA1_HUMAN:sp|Q32P44|EMAL3_HUMAN:sp|Q7L266|ASGL1_HUMAN:sp|P09093|CEL3A_HUMAN:sp|Q6ZQN7|SO4C1_HUMAN:sp|Q4G0S4|C27C1_HUMAN:sp|Q9ULD8|KCNH3_HUMAN:sp|Q96KN7|RPGR1_HUMAN:sp|Q86YW0|PLCZ1_HUMAN:sp|O43903|GAS2_HUMAN:sp|Q9Y6C5|PTC2_HUMAN:sp|Q9ULL5|PRR12_HUMAN:sp|Q14565|DMC1_HUMAN:sp|A6NKT7|RGPD3_HUMAN:sp|Q9H609|ZN576_HUMAN:sp|O94973|AP2A2_HUMAN:sp|Q9BXT8|RNF17_HUMAN:sp|P14410|SUIS_HUMAN:sp|Q01970|PLCB3_HUMAN:sp|O15040|TCPR2_HUMAN:sp|P00540|MOS_HUMAN:sp|P20936|RASA1_HUMAN:sp|P35555|FBN1_HUMAN:sp|Q8N8U9|BMPER_HUMAN:sp|Q6N021|TET2_HUMAN:sp|Q7Z388|D19L4_HUMAN:sp|Q9UNE7|CHIP_HUMAN:sp|O14686|KMT2D_HUMAN:sp|Q9NYZ4|SIGL8_HUMAN:sp|Q9UHC7|MKRN1_HUMAN:sp|Q9ULM0|PKHH1_HUMAN:sp|Q9ULH1|ASAP1_HUMAN:sp|Q9UJA9|ENPP5_HUMAN:sp|Q2VPK5|CTU2_HUMAN:sp|O43464|HTRA2_HUMAN:sp|Q9BV94|EDEM2_HUMAN:sp|Q3ZCQ8|TIM50_HUMAN:sp|Q92466|DDB2_HUMAN:sp|P20265|PO3F2_HUMAN:sp|Q15147|PLCB4_HUMAN:sp|Q3KNS1|PTHD3_HUMAN:sp|Q96M86|DNHD1_HUMAN:sp|O60469|DSCAM_HUMAN:sp|P98160|PGBM_HUMAN:sp|O95782|AP2A1_HUMAN:sp|Q9Y6Y1|CMTA1_HUMAN:sp|Q8IYT1|GAR4_HUMAN:sp|Q86SQ4|AGRG6_HUMAN:sp|O95185|UNC5C_HUMAN:sp|Q99946|PRRT1_HUMAN:sp|Q99578|RIT2_HUMAN:sp|P32754|HPPD_HUMAN:sp|Q9NSB4|KRT82_HUMAN:sp|O95342|ABCBB_HUMAN:sp|Q9NXA8|SIR5_HUMAN:sp|Q14934|NFAC4_HUMAN:sp|Q86UB9|TM135_HUMAN:sp|P48507|GSH0_HUMAN:sp|Q8N0W3|FCSK_HUMAN:sp|Q9UIV1|CNOT7_HUMAN:sp|Q96A59|MALD3_HUMAN:sp|Q8NFU7|TET1_HUMAN:sp|P31277|HXD11_HUMAN:sp|Q9H6A9|PCX3_HUMAN:sp|Q7Z3J3|RGPD4_HUMAN:sp|O43474|KLF4_HUMAN:sp|Q86SG6|NEK8_HUMAN:sp|G3V0H7|SO1B7_HUMAN:sp|Q14324|MYPC2_HUMAN:sp|Q16720|AT2B3_HUMAN:sp|Q9Y2H9|MAST1_HUMAN:sp|P02751|FINC_HUMAN:sp|Q96PZ7|CSMD1_HUMAN:sp|Q8TBC4|UBA3_HUMAN:sp|Q6UXA7|CF015_HUMAN:sp|Q00722|PLCB2_HUMAN,DeepNovo
C(+42.01)(+119.00)HTTTSKF,15.21,1084.4318,8,37.5,8,-4.1,543.22095,2,42.7887,N/A,0.35,16566,HFX193_IPP292_GEL_CRC_324_Even.raw,1.91E5,1.46E6,1,1,1,1,"Acetylation (N-term);Cysteinylation",,0 0 0 1 1 3 5 5,C(+42.01)(+119.00)HTTTSKF,sp|Q75T13|PGAP1_HUMAN:sp|Q92901|RL3L_HUMAN:sp|Q69YN2|C19L1_HUMAN:sp|P39023|RL3_HUMAN:sp|Q9BSD3|RHNO1_HUMAN:sp|Q6ZTR5|CFA47_HUMAN:sp|Q9NR21|PAR11_HUMAN,DeepNovo
C(+42.01)(+119.00)KSKKGGRL,27.17,1136.5795,9,44.4,9,4.0,379.86859,3,30.5161,N/A,0.25,11530,HFX193_IPP292_GEL_CRC_324_Even.raw,2.81E4,5.9E5,1,1,1,1,"Acetylation (N-term);Cysteinylation",,0 0 8 8 5 0 0 1 4,C(+42.01)(+119.00)KSKKGGRL,,DeepNovo
C(+42.01)(+119.00)TLKVKGRGFKELR,71.37,1794.9596,14,57.1,14,2.3,449.74823,4,35.6554,N/A,0.27,13649,HFX193_IPP292_GEL_CRC_324_Even.raw,6.1E5,3.6E6,1,1,1,1,"Acetylation (N-term);Cysteinylation",,0 0 50 41 39 30 2 0 0 16 10 1 1 5,C(+42.01)(+119.00)TLKVKGRGFKELR,sp|Q8WV93|AFG1L_HUMAN:sp|Q96EW2|HBAP1_HUMAN:sp|Q2M385|MPEG1_HUMAN:sp|Q9Y4D8|HECD4_HUMAN:sp|Q12772|SRBP2_HUMAN:sp|Q9P2N2|RHG28_HUMAN:sp|Q12979|ABR_HUMAN:sp|Q99798|ACON_HUMAN:sp|Q6ZRQ5|MMS22_HUMAN:sp|P60866|RS20_HUMAN:sp|A6NHR9|SMHD1_HUMAN:sp|Q14145|KEAP1_HUMAN:sp|Q6UWQ7|IGFL2_HUMAN:tr|A0A087X096|A0A087X096_HUMAN:sp|P10586|PTPRF_HUMAN:sp|Q8WWY3|PRP31_HUMAN:sp|Q8TDS5|OXER1_HUMAN:sp|Q96GQ7|DDX27_HUMAN:SERPINB10_DEL_A-p.R76Gfs*7_::chr18:63917005-63918005_frame=2:sp|Q9Y4C0|NRX3A_HUMAN:sp|Q14315|FLNC_HUMAN:sp|P32004|L1CAM_HUMAN:sp|O15056|SYNJ2_HUMAN:sp|Q9H5Z6|F124B_HUMAN:sp|Q7L5Y9|MAEA_HUMAN:sp|Q3KRB8|RHGBB_HUMAN:sp|Q8WVN6|SCTM1_HUMAN:sp|Q8NHQ1|CEP70_HUMAN:sp|Q9NW08|RPC2_HUMAN:sp|O15547|P2RX6_HUMAN:sp|Q9UPR5|NAC2_HUMAN:sp|P78524|DEN2B_HUMAN:sp|Q9Y2R2|PTN22_HUMAN:sp|Q8NDH2|CC168_HUMAN:sp|Q8NDA2|HMCN2_HUMAN:sp|Q5QJ38|TCHL1_HUMAN:sp|P53007|TXTP_HUMAN:sp|Q86YC2|PALB2_HUMAN:sp|Q719I0|AHSA2_HUMAN:sp|P04629|NTRK1_HUMAN:sp|Q5JPI9|EFMT2_HUMAN:sp|Q5T7M4|ADIPL_HUMAN:sp|Q96AY2|EME1_HUMAN:sp|Q7Z6L1|TCPR1_HUMAN:sp|Q9Y2M2|SSUH2_HUMAN:sp|Q6P4F7|RHGBA_HUMAN:sp|Q96CU9|FXRD1_HUMAN:sp|Q5VST9|OBSCN_HUMAN:sp|Q8IXS2|DRC2_HUMAN:sp|Q9BQ51|PD1L2_HUMAN:sp|Q9H0J4|QRIC2_HUMAN:sp|Q9Y566|SHAN1_HUMAN:sp|O94953|KDM4B_HUMAN:sp|P84098|RL19_HUMAN:sp|O94983|CMTA2_HUMAN:sp|Q8IZE3|PACE1_HUMAN:sp|A8MXQ7|IQAK1_HUMAN:sp|Q8WVY7|UBCP1_HUMAN:sp|O95279|KCNK5_HUMAN:sp|Q6ZN28|MACC1_HUMAN:sp|Q9UGJ0|AAKG2_HUMAN:sp|Q9BUP3|HTAI2_HUMAN:sp|P78559|MAP1A_HUMAN:sp|O00212|RHOD_HUMAN:sp|Q02086|SP2_HUMAN:sp|P24821|TENA_HUMAN:sp|Q9ULQ0|STRP2_HUMAN:sp|P13232|IL7_HUMAN:sp|P29375|KDM5A_HUMAN:sp|P14543|NID1_HUMAN:sp|Q8NBV8|SYT8_HUMAN:tr|A0A499FJF3|A0A499FJF3_HUMAN:SEC31A_INS_--T_p.I462Nfs*2::chr4:82863911-82864912_frame=1:sp|Q8WZ42|TITIN_HUMAN:sp|Q9H8X2|IPPK_HUMAN:sp|P0C091|FREM3_HUMAN:sp|P28340|DPOD1_HUMAN:sp|A0PJW6|TM223_HUMAN:sp|O00515|LAD1_HUMAN:tr|A0A1B0GWI6|A0A1B0GWI6_HUMAN:sp|O75417|DPOLQ_HUMAN:sp|Q9UPW8|UN13A_HUMAN:sp|P52735|VAV2_HUMAN:sp|P55201|BRPF1_HUMAN:sp|P35251|RFC1_HUMAN:sp|Q8IVW4|CDKL3_HUMAN:sp|Q5UIP0|RIF1_HUMAN:sp|Q12864|CAD17_HUMAN:sp|P25874|UCP1_HUMAN:sp|Q9Y6X2|PIAS3_HUMAN:sp|O95258|UCP5_HUMAN:sp|Q9Y6Y1|CMTA1_HUMAN:sp|Q9GZP8|IMUP_HUMAN:sp|Q6ICI0|LHPL7_HUMAN:sp|Q6WRI0|IGS10_HUMAN:sp|Q15276|RABE1_HUMAN:sp|Q8NFM4|ADCY4_HUMAN:sp|Q5VWG9|TAF3_HUMAN:sp|Q96IU4|ABHEB_HUMAN:sp|P35711|SOX5_HUMAN:sp|P08195|4F2_HUMAN:sp|Q9UJY4|GGA2_HUMAN:sp|P30530|UFO_HUMAN:sp|Q9GZP0|PDGFD_HUMAN:sp|Q49A88|CCD14_HUMAN:sp|Q8N5Z0|AADAT_HUMAN:sp|Q92522|H1X_HUMAN:sp|P06396|GELS_HUMAN:sp|O14795|UN13B_HUMAN:sp|B5MCY1|TDR15_HUMAN:sp|Q08174|PCDH1_HUMAN:sp|P29460|IL12B_HUMAN:sp|Q6P1M3|L2GL2_HUMAN:sp|Q9BXI2|ORNT2_HUMAN:sp|Q9UIF8|BAZ2B_HUMAN:sp|Q9BYK8|HELZ2_HUMAN:sp|Q6NXT6|TAPT1_HUMAN:sp|Q9Y679|AUP1_HUMAN:sp|Q5THK1|PR14L_HUMAN:sp|P78537|BL1S1_HUMAN,DeepNovo
C(+42.01)(+119.00)YLPDLGTV,27.61,1140.4832,9,77.8,9,2.3,571.25012,2,69.4416,N/A,0.36,27167,HFX193_IPP292_GEL_CRC_324_Even.raw,3.07E4,2.5E5,1,1,1,1,"Acetylation (N-term);Cysteinylation",,0 0 5 13 2 2 2 7 5,C(+42.01)(+119.00)YLPDLGTV,,DeepNovo
D(+42.01)AGHAC(+119.00)KFAGPL,40.54,1346.5747,12,41.7,12,3.8,674.29718,2,46.2933,-6.4067,0.25,17911,HFX193_IPP292_GEL_CRC_324_Odd.raw,4.1E6,1.99E7,3,3,3,3,"Acetylation (N-term);Cysteinylation",,0 0 0 13 2 1 1 2 2 3 0 0,D(+42.01)AGHAC(+119.00)KFAGPL,sp|Q5VTE0|EF1A3_HUMAN:sp|Q05639|EF1A2_HUMAN:sp|O43813|LANC1_HUMAN:sp|Q9C0B9|ZCHC2_HUMAN:sp|Q9NS86|LANC2_HUMAN:sp|P68104|EF1A1_HUMAN,DeepNovo
D(+42.01)DDIAALV,45.11,872.4127,8,37.5,8,-1.2,873.41888,1,80.0244,-42.9756,0.27,31280,HFX193_IPP292_GEL_CRC_324_Even.raw,3.08E5,4.35E6,1,1,1,1,"Acetylation (N-term)",,1 1 1 18 62 35 1 1,D(+42.01)DDIAALV,sp|P60709|ACTB_HUMAN,DB Search
D(+42.01)GRLLRGYEQ(+0.98)YAYDGKDY,34.38,2224.0073,18,44.4,18,4.1,557.01135,4,44.9108,-25.7892,0.37,17392,HFX193_IPP292_GEL_CRC_324_Odd.raw,,,1,1,0,0,"Acetylation (N-term);Deamidation (NQ)",,0 0 0 0 0 0 0 0 0 0 4 12 12 12 2 2 5 5,D(+42.01)GRLLRGYEQ(+0.98)YAYDGKDY,sp|P17693|HLAG_HUMAN,DB Search
D(+42.01)HKVEFHEL,38.06,1194.5669,9,66.7,9,2.0,598.29193,2,42.3217,4.8217,0.17,16302,HFX193_IPP292_GEL_CRC_324_Even.raw,3.22E6,1.8E7,1,1,1,1,"Acetylation (N-term)",,0 0 0 8 4 33 69 39 5,D(+42.01)HKVEFHEL,sp|P31483|TIA1_HUMAN:sp|Q86WG5|MTMRD_HUMAN:sp|O75884|RBBP9_HUMAN:sp|Q92802|N42L2_HUMAN:sp|P57737|CORO7_HUMAN:sp|O75554|WBP4_HUMAN:sp|Q9H6U6|BCAS3_HUMAN:sp|Q59H18|TNI3K_HUMAN:sp|Q96JC1|VPS39_HUMAN:sp|P30291|WEE1_HUMAN:sp|Q16654|PDK4_HUMAN,DeepNovo
D(+42.01)HLAPGDGGHVVPVLR,67.71,1679.8743,16,43.8,16,-3.2,840.94177,2,54.9713,-6.6287,0.47,21367,HFX193_IPP292_GEL_CRC_324_Even.raw,3.31E5,2.18E6,1,1,1,1,"Acetylation (N-term)",,0 0 0 13 3 0 0 0 0 4 6 15 1 1 2 5,D(+42.01)HLAPGDGGHVVPVLR,sp|Q9Y520|PRC2C_HUMAN:sp|Q96HQ0|ZN419_HUMAN:sp|Q96JX3|SRAC1_HUMAN:sp|O75425|MSPD3_HUMAN:sp|Q15413|RYR3_HUMAN:sp|P42285|MTREX_HUMAN:sp|Q6PK81|ZN773_HUMAN:sp|O95397|PKHA9_HUMAN:sp|P43146|DCC_HUMAN:sp|Q76M96|CCD80_HUMAN:sp|Q9NSA0|S22AB_HUMAN:sp|Q4KMG0|CDON_HUMAN:SAFB2_DEL_G-p.P945Rfs*49_::chr19:5586771-5587771_frame=-2:sp|Q13370|PDE3B_HUMAN:sp|Q9Y6K1|DNM3A_HUMAN:sp|Q8WZ42|TITIN_HUMAN:sp|Q12815|TROAP_HUMAN:sp|Q7L945|ZN627_HUMAN:sp|A0A096LP49|CC187_HUMAN:sp|Q96JA3|PKHA8_HUMAN:sp|O00507|USP9Y_HUMAN:sp|Q8IVT2|MISP_HUMAN:sp|P28340|DPOD1_HUMAN:sp|Q9BSJ2|GCP2_HUMAN:sp|Q8IYG6|LRC56_HUMAN:sp|Q14151|SAFB2_HUMAN:sp|Q6Q759|SPG17_HUMAN:sp|Q9UBC3|DNM3B_HUMAN:sp|Q9Y334|VWA7_HUMAN:sp|Q96RG2|PASK_HUMAN:sp|Q16570|ACKR1_HUMAN:sp|P33527|MRP1_HUMAN:sp|Q96PQ0|SORC2_HUMAN:sp|Q86WA9|S2611_HUMAN:sp|P49815|TSC2_HUMAN:sp|Q8NEY3|SPAT4_HUMAN:sp|Q9BUR4|TCAB1_HUMAN:sp|Q08AI8|MB214_HUMAN:sp|Q93008|USP9X_HUMAN:sp|Q00005|2ABB_HUMAN:sp|Q8N5N7|RM50_HUMAN:sp|Q9NPG4|PCD12_HUMAN:sp|Q96MT1|RN145_HUMAN:sp|Q8WV74|NUDT8_HUMAN:sp|Q14764|MVP_HUMAN:sp|P36957|ODO2_HUMAN:sp|O76096|CYTF_HUMAN:sp|Q02388|CO7A1_HUMAN:sp|Q96CB9|NSUN4_HUMAN:sp|Q13422|IKZF1_HUMAN:sp|Q16787|LAMA3_HUMAN:sp|Q96HH6|TMM19_HUMAN:sp|Q6ZMQ8|LMTK1_HUMAN:sp|Q14554|PDIA5_HUMAN:sp|O60504|VINEX_HUMAN:sp|Q9NP71|MLXPL_HUMAN:sp|Q9UQ07|MOK_HUMAN:sp|A7E2V4|ZSWM8_HUMAN:sp|A5PL33|KRBA1_HUMAN:sp|Q8IYM1|SEP12_HUMAN:sp|Q9H840|GEMI7_HUMAN:sp|P07911|UROM_HUMAN:sp|P36269|GGT5_HUMAN:sp|O15522|NKX28_HUMAN:sp|Q9P2U7|VGLU1_HUMAN:sp|Q14008|CKAP5_HUMAN:sp|O14981|BTAF1_HUMAN:sp|P13611|CSPG2_HUMAN:sp|Q14142|TRI14_HUMAN,DeepNovo
D(+42.01)N(+0.98)DLKKKWS,53.15,1175.5823,9,22.2,9,1.9,588.79950,2,29.8918,18.8918,0.41,11289,HFX193_IPP292_GEL_CRC_324_Odd.raw,5.8E5,5.73E6,1,1,1,1,"Acetylation (N-term);Deamidation (NQ)",,0 0 0 1 1 5 10 0 0,D(+42.01)N(+0.98)DLKKKWS,sp|Q9NVN8|GNL3L_HUMAN:sp|Q5U5R9|HECD2_HUMAN:sp|Q8N8A6|DDX51_HUMAN:sp|Q8TF68|ZN384_HUMAN:sp|Q86T82|UBP37_HUMAN:sp|Q7LFX5|CHSTF_HUMAN:sp|Q5MNZ6|WIPI3_HUMAN:sp|P04275|VWF_HUMAN:sp|O96001|PPR17_HUMAN:sp|Q8ND07|BBOF1_HUMAN:sp|Q8IX05|CD302_HUMAN:sp|P03915|NU5M_HUMAN:sp|Q5SQI0|ATAT_HUMAN:sp|Q9P225|DYH2_HUMAN:sp|Q9BPW9|DHRS9_HUMAN:sp|Q8NI35|INADL_HUMAN:sp|A2PYH4|HFM1_HUMAN:sp|Q9BVI4|NOC4L_HUMAN:sp|Q7Z6E9|RBBP6_HUMAN:sp|Q96GC6|ZN274_HUMAN:sp|A4UGR9|XIRP2_HUMAN:sp|Q99523|SORT_HUMAN:sp|Q2PPJ7|RGPA2_HUMAN:sp|Q8N0Z3|SPICE_HUMAN:sp|O95452|CXB6_HUMAN:sp|Q6ZR37|PKHG7_HUMAN:sp|Q96T76|MMS19_HUMAN:sp|O60318|GANP_HUMAN:sp|Q7Z2Y8|GVIN1_HUMAN:sp|Q15025|TNIP1_HUMAN:sp|P02708|ACHA_HUMAN:sp|Q6ZU69|S31F1_HUMAN:sp|Q9BZH6|WDR11_HUMAN:sp|O14771|ZN213_HUMAN:sp|Q9UHB6|LIMA1_HUMAN:sp|Q8IWC1|MA7D3_HUMAN:sp|Q13094|LCP2_HUMAN:sp|P15924|DESP_HUMAN:sp|A4D1F6|LRRD1_HUMAN:sp|P36507|MP2K2_HUMAN:sp|Q9NR46|SHLB2_HUMAN:sp|P15498|VAV_HUMAN:sp|Q96MR6|CFA57_HUMAN:sp|P78347|GTF2I_HUMAN:sp|A8MT33|SYC1L_HUMAN:sp|Q8IYR2|SMYD4_HUMAN:sp|Q9BX84|TRPM6_HUMAN:sp|Q96DT5|DYH11_HUMAN:sp|Q8TDY2|RBCC1_HUMAN:sp|Q9UPS8|ANR26_HUMAN:sp|Q9BZ72|PITM2_HUMAN:sp|P28838|AMPL_HUMAN:sp|Q9BSK1|ZN577_HUMAN:sp|Q96BD5|PF21A_HUMAN:sp|Q8NEY1|NAV1_HUMAN:sp|Q96NW4|ANR27_HUMAN:sp|Q9Y371|SHLB1_HUMAN:sp|Q8IUA7|ABCA9_HUMAN:sp|Q15392|DHC24_HUMAN:sp|Q6ZMI0|PPR21_HUMAN:sp|Q86Z20|CC125_HUMAN:sp|Q96EK2|PF21B_HUMAN:sp|O60759|CYTIP_HUMAN:sp|Q8IZF2|AGRF5_HUMAN:sp|Q9UJV8|PURG_HUMAN:sp|Q86UP3|ZFHX4_HUMAN:sp|P49758|RGS6_HUMAN:sp|B2RTY4|MYO9A_HUMAN:sp|Q5VU43|MYOME_HUMAN:sp|Q8N5G2|MACOI_HUMAN:sp|O75347|TBCA_HUMAN:sp|Q9H6T3|RPAP3_HUMAN:sp|O94906|PRP6_HUMAN:sp|P17021|ZNF17_HUMAN:sp|Q8TDI8|TMC1_HUMAN:sp|Q96B97|SH3K1_HUMAN:sp|Q5HYK7|SH319_HUMAN:sp|Q8NEV8|EXPH5_HUMAN:sp|Q8NFC6|BD1L1_HUMAN:sp|Q6AHZ1|Z518A_HUMAN:sp|Q9BUQ8|DDX23_HUMAN:sp|P25092|GUC2C_HUMAN:sp|Q15075|EEA1_HUMAN:sp|P23975|SC6A2_HUMAN:sp|Q8TE82|S3TC1_HUMAN:sp|Q15147|PLCB4_HUMAN:sp|Q9ULK0|GRID1_HUMAN:sp|Q6ZQQ2|S31D1_HUMAN:sp|Q9NTN9|SEM4G_HUMAN:sp|Q6A162|K1C40_HUMAN:sp|Q02224|CENPE_HUMAN:sp|Q4ZHG4|FNDC1_HUMAN:sp|Q9BZW7|TSG10_HUMAN:sp|P36578|RL4_HUMAN:sp|Q9BQS8|FYCO1_HUMAN:sp|Q15652|JHD2C_HUMAN:sp|Q99543|DNJC2_HUMAN:sp|Q99549|MPP8_HUMAN:sp|O15078|CE290_HUMAN:sp|P57103|NAC3_HUMAN:sp|Q8TDY3|ACTT2_HUMAN:sp|Q63HN1|S31F2_HUMAN:sp|Q6ZSC3|RBM43_HUMAN:sp|Q9Y592|CEP83_HUMAN:sp|P45378|TNNT3_HUMAN:sp|Q9UKW4|VAV3_HUMAN:sp|Q9NR48|ASH1L_HUMAN:sp|Q92854|SEM4D_HUMAN:sp|Q9UKL3|C8AP2_HUMAN:sp|O60662|KLH41_HUMAN:sp|Q69YI7|NAIF1_HUMAN:sp|Q8TF21|ANR24_HUMAN:RBM27_DEL_A-p.K816Nfs*5_::chr5:146267257-146268257_frame=1:sp|O00712|NFIB_HUMAN:sp|Q9Y4X5|ARI1_HUMAN:sp|Q9HAQ2|KIF9_HUMAN:sp|O95239|KIF4A_HUMAN:sp|Q96M89|CC138_HUMAN:sp|P49908|SEPP1_HUMAN:sp|Q9NQU5|PAK6_HUMAN,DeepNovo
D(+42.01)N(+0.98)DPKN(+0.98)LSRL,47.52,1214.5779,10,40.0,10,1.4,608.29706,2,42.3510,-2.2490,0.17,16337,HFX193_IPP292_GEL_CRC_324_Odd.raw,1.3E6,1.12E7,2,2,1,1,"Acetylation (N-term);Deamidation (NQ);Deamidation (NQ)",,0 0 0 0 30 14 5 1 1 4,D(+42.01)N(+0.98)DPKN(+0.98)LSRL,sp|Q14789|GOGB1_HUMAN:sp|Q86UQ4|ABCAD_HUMAN:sp|O14522|PTPRT_HUMAN:sp|Q6ZMI0|PPR21_HUMAN:sp|O14727|APAF_HUMAN:sp|P40197|GPV_HUMAN:sp|Q5T0N1|CFA70_HUMAN:sp|Q86WK6|AMGO1_HUMAN:sp|Q15035|TRAM2_HUMAN:sp|Q8N7U6|EFHB_HUMAN:sp|Q9NRG1|PRDC1_HUMAN:sp|Q0JRZ9|FCHO2_HUMAN:sp|P16473|TSHR_HUMAN:sp|Q5VU36|S31A5_HUMAN:sp|Q13315|ATM_HUMAN:sp|P07195|LDHB_HUMAN:sp|Q5TZJ5|S31A1_HUMAN:sp|O43399|TPD54_HUMAN:sp|Q96T68|SETB2_HUMAN:sp|P34969|5HT7R_HUMAN:sp|Q5VYP0|S31A3_HUMAN:sp|Q8WTV0|SCRB1_HUMAN:sp|O75417|DPOLQ_HUMAN:sp|Q86W10|CP4Z1_HUMAN:sp|Q96HE7|ERO1A_HUMAN:sp|Q5SW79|CE170_HUMAN:sp|P06239|LCK_HUMAN:sp|Q6NXP2|GAR1A_HUMAN:sp|A6NES4|MRO2A_HUMAN:sp|Q6P087|RUSD3_HUMAN:sp|Q709C8|VP13C_HUMAN:sp|Q01804|OTUD4_HUMAN:sp|O15042|SR140_HUMAN:sp|O75094|SLIT3_HUMAN:sp|Q96MK2|RIPR3_HUMAN:sp|Q15643|TRIPB_HUMAN:sp|P02760|AMBP_HUMAN:sp|Q5JS37|NHLC3_HUMAN:sp|Q9H7F0|AT133_HUMAN:sp|Q96RR1|PEO1_HUMAN:sp|Q5VVP1|S31A6_HUMAN:sp|Q8TDR4|TCP1L_HUMAN:sp|P39905|GDNF_HUMAN:sp|Q08188|TGM3_HUMAN:sp|P28039|AOAH_HUMAN:sp|Q9Y2K3|MYH15_HUMAN:sp|P28070|PSB4_HUMAN:sp|P05787|K2C8_HUMAN:sp|O14786|NRP1_HUMAN:sp|Q8IWB4|S31A7_HUMAN:sp|Q8IY45|AMN1_HUMAN:sp|P49771|FLT3L_HUMAN:sp|O76021|RL1D1_HUMAN:sp|Q9BQQ7|RTP3_HUMAN:sp|O75578|ITA10_HUMAN:sp|Q9BYW2|SETD2_HUMAN:sp|Q9Y210|TRPC6_HUMAN:sp|Q92729|PTPRU_HUMAN:sp|P48995|TRPC1_HUMAN:sp|Q5CZC0|FSIP2_HUMAN:sp|Q96DT5|DYH11_HUMAN:sp|B4DYI2|S31C2_HUMAN:sp|Q99956|DUS9_HUMAN:sp|Q5H9T9|FSCB_HUMAN:sp|P34913|HYES_HUMAN:sp|P0DKV0|S31C1_HUMAN:sp|Q15846|CLUL1_HUMAN:sp|Q6ZS81|WDFY4_HUMAN:sp|Q13474|DRP2_HUMAN:sp|O94967|WDR47_HUMAN:sp|Q8TAM2|TTC8_HUMAN:sp|Q8NG31|KNL1_HUMAN:sp|O43427|FIBP_HUMAN:sp|Q86YB8|ERO1B_HUMAN:sp|Q8IWB9|TEX2_HUMAN,DeepNovo
D(+42.01)PKDAPGKGLSFRGGLGKGPAAESK,125.88,2481.2976,25,32.0,25,4.4,621.33435,4,35.1407,4.0407,0.10,13405,HFX193_IPP292_GEL_CRC_324_Even.raw,8.72E6,4.31E7,3,3,3,3,"Acetylation (N-term)",,0 0 0 0 6 9 6 6 6 6 3 0 0 0 0 1 1 1 1 1 2 0 0 0 0,D(+42.01)PKDAPGKGLSFRGGLGKGPAAESK,sp|P15621|ZNF44_HUMAN:sp|A0A0A6YYJ7|TVA83_HUMAN:sp|A0A0B4J1V0|HV315_HUMAN:sp|Q8WV24|PHLA1_HUMAN:sp|Q9NWF4|S52A1_HUMAN:sp|Q9UGV2|NDRG3_HUMAN:sp|Q9UJU6|DBNL_HUMAN:sp|A0A0A0MS15|HV349_HUMAN:sp|P52799|EFNB2_HUMAN:sp|Q6PIF6|MYO7B_HUMAN:sp|P01763|HV348_HUMAN:sp|Q15181|IPYR_HUMAN:sp|P09848|LPH_HUMAN:sp|Q96G25|MED8_HUMAN:sp|Q96TA1|NIBA2_HUMAN:sp|Q96RK0|CIC_HUMAN:sp|Q8NAV2|CH058_HUMAN:sp|Q9NP31|SH22A_HUMAN:sp|Q8N8U3|RTL3_HUMAN:sp|Q9Y2E6|DTX4_HUMAN:sp|P0DTE1|HV383_HUMAN:sp|A0A075B6W5|TVA23_HUMAN:sp|Q86YV5|PRAG1_HUMAN:sp|A0A578|TVB51_HUMAN:sp|P01824|HV439_HUMAN:sp|Q9UPA5|BSN_HUMAN:sp|A0A075B6L6|TVB73_HUMAN:sp|Q6P597|KLC3_HUMAN:sp|A0A0B4J279|TVA21_HUMAN:sp|Q96T92|INSM2_HUMAN:sp|Q03112|MECOM_HUMAN:sp|A0A0J9YX35|HV64D_HUMAN:sp|Q9BZH6|WDR11_HUMAN:sp|P18428|LBP_HUMAN:sp|O75970|MPDZ_HUMAN:sp|Q9H3R1|NDST4_HUMAN:sp|Q14781|CBX2_HUMAN:sp|A0A0B4J241|TVAM1_HUMAN:sp|P06331|HV434_HUMAN:sp|Q86YI8|PHF13_HUMAN:sp|A0A0A0MS05|TVB57_HUMAN:sp|P01782|HV309_HUMAN:tr|A0A075B7E8|A0A075B7E8_HUMAN:sp|O43593|HAIR_HUMAN:sp|Q8TAD7|OCC1_HUMAN:sp|P01767|HV353_HUMAN:sp|P04435|TVB79_HUMAN:sp|Q6ZRI0|OTOG_HUMAN:sp|P01780|HV307_HUMAN:sp|Q3MIP1|IPIL2_HUMAN:sp|P17482|HXB9_HUMAN:sp|A0A0C4DH34|HV428_HUMAN:sp|Q9H1X1|RSPH9_HUMAN:sp|Q8IUG5|MY18B_HUMAN:sp|A0A087WSY4|HV432_HUMAN:sp|A0A0C4DH36|HV338_HUMAN:sp|P25067|CO8A2_HUMAN:sp|P78559|MAP1A_HUMAN:sp|P04075|ALDOA_HUMAN:sp|A0A0C4DH30|HV316_HUMAN:sp|Q9NRM7|LATS2_HUMAN:sp|Q8WWB7|GLMP_HUMAN:sp|Q92597|NDRG1_HUMAN:sp|A0A0C4DH35|HV335_HUMAN:sp|A0A0B4J1X5|HV374_HUMAN:sp|O75344|FKBP6_HUMAN:sp|Q9BX70|BTBD2_HUMAN:sp|P0DP03|HVC05_HUMAN:sp|Q08648|SG11B_HUMAN:sp|P62277|RS13_HUMAN:sp|Q9BYB0|SHAN3_HUMAN:sp|Q9NSY1|BMP2K_HUMAN:sp|Q6P2S7|TTC41_HUMAN:sp|Q13332|PTPRS_HUMAN:sp|Q8IUS5|EPHX4_HUMAN:sp|Q9BY66|KDM5D_HUMAN:sp|Q5JPB2|ZN831_HUMAN:sp|P63128|POK9_HUMAN:sp|P01742|HV169_HUMAN:sp|Q9BTC0|DIDO1_HUMAN:sp|O14936|CSKP_HUMAN:sp|P52848|NDST1_HUMAN:sp|P30419|NMT1_HUMAN:sp|O15016|TRI66_HUMAN:sp|Q5T6C5|AT7L2_HUMAN:sp|Q70EK8|UBP53_HUMAN:sp|Q2TAC6|KIF19_HUMAN:sp|A0A0C4DH31|HV118_HUMAN:sp|Q8IXJ9|ASXL1_HUMAN:tr|A0A075B7F1|A0A075B7F1_HUMAN:sp|Q6PDA7|SG11A_HUMAN:sp|A0A0J9YXX1|HV5X1_HUMAN:sp|O95716|RAB3D_HUMAN:sp|Q9NR64|KLHL1_HUMAN:sp|Q9NW75|GPTC2_HUMAN:sp|Q14114|LRP8_HUMAN:sp|P04279|SEMG1_HUMAN:sp|P11229|ACM1_HUMAN:sp|P50851|LRBA_HUMAN:sp|A6NK53|ZN233_HUMAN:sp|Q9H0C2|ADT4_HUMAN:tr|A0A075B7F0|A0A075B7F0_HUMAN:sp|Q58FF3|ENPLL_HUMAN:sp|A0A0C4DH38|HV551_HUMAN:sp|A0A0B4J1X8|HV343_HUMAN:sp|P0DP06|HVD34_HUMAN:sp|A0A0C4DH42|HV366_HUMAN:sp|P51449|RORG_HUMAN:sp|O15169|AXIN1_HUMAN:sp|A0A0K0K1E9|TVB77_HUMAN:sp|P01762|HV311_HUMAN:sp|A0A599|TVB56_HUMAN:sp|Q9UJQ4|SALL4_HUMAN:sp|P11226|MBL2_HUMAN:sp|Q5TH69|BIG3_HUMAN:sp|Q7Z591|AKNA_HUMAN:sp|Q9NZB2|F120A_HUMAN:tr|A0A075B7B8|A0A075B7B8_HUMAN:sp|P78316|NOP14_HUMAN:sp|A0A0G2JMI3|HV692_HUMAN,DeepNovo
D(+42.01)RSGIETF,14.84,965.4454,8,37.5,8,0.5,483.73022,2,43.3359,-11.1641,0.74,16769,HFX193_IPP292_GEL_CRC_324_Odd.raw,1.42E5,1.22E6,1,1,1,1,"Acetylation (N-term)",,0 0 0 0 0 6 13 5,D(+42.01)RSGIETF,sp|Q86YV5|PRAG1_HUMAN,DB Search
D(+42.01)SFTHRTL,41.36,1017.4880,8,75.0,8,0.8,509.75165,2,38.4090,8.1090,0.75,14756,HFX193_IPP292_GEL_CRC_324_Odd.raw,3.57E5,4.11E6,1,1,1,1,"Acetylation (N-term)",,0 0 42 45 17 7 6 5,D(+42.01)SFTHRTL,sp|Q9NU22|MDN1_HUMAN:sp|Q8WXI7|MUC16_HUMAN:sp|Q9H0V1|TM168_HUMAN:sp|P05113|IL5_HUMAN:sp|Q9Y5G9|PCDG4_HUMAN:sp|P51793|CLCN4_HUMAN:sp|P03915|NU5M_HUMAN:sp|Q9Y5F7|PCDGL_HUMAN:sp|Q8N398|VW5B2_HUMAN:sp|P51814|ZNF41_HUMAN,DeepNovo
D(+42.01)SLEVIP,22.67,813.4120,7,42.9,7,-0.5,814.41882,1,70.8253,-33.6747,0.70,27649,HFX193_IPP292_GEL_CRC_324_Even.raw,1.75E6,8.53E6,1,1,1,1,"Acetylation (N-term)",,0 0 18 37 59 1 1,D(+42.01)SLEVIP,sp|Q8NDH2|CC168_HUMAN,DB Search
D(+42.01)SVPKRL,40.30,855.4814,7,42.9,7,0.4,428.74814,2,32.4402,13.0402,0.76,12323,HFX193_IPP292_GEL_CRC_324_Even.raw,,,1,1,0,0,"Acetylation (N-term)",,0 0 42 5 1 1 5,D(+42.01)SVPKRL,sp|Q12796|PNRC1_HUMAN:sp|O00425|IF2B3_HUMAN:sp|Q9BRU2|TCAL7_HUMAN:sp|P0C854|CECR9_HUMAN:sp|P18887|XRCC1_HUMAN:sp|Q9HB96|FANCE_HUMAN:sp|Q9NRP7|STK36_HUMAN:sp|Q8TEM1|PO210_HUMAN:sp|Q86X24|HORM1_HUMAN:sp|Q53S33|BOLA3_HUMAN:sp|Q2M2I8|AAK1_HUMAN:sp|Q15759|MK11_HUMAN:sp|Q96EY1|DNJA3_HUMAN:sp|Q6PII5|HAGHL_HUMAN:sp|Q7Z2Y5|NRK_HUMAN:sp|P00533|EGFR_HUMAN:sp|Q86VF5|MOGT3_HUMAN:sp|P0DMQ9|CH089_HUMAN:sp|Q9NUN5|LMBD1_HUMAN:sp|O60566|BUB1B_HUMAN:sp|P20648|ATP4A_HUMAN:sp|P17023|ZNF19_HUMAN:sp|Q68DE3|USF3_HUMAN:sp|P51828|ADCY7_HUMAN:sp|O75363|BCAS1_HUMAN:sp|Q8NA54|IQUB_HUMAN:sp|Q9Y2W6|TDRKH_HUMAN:sp|Q9UBN7|HDAC6_HUMAN:sp|Q9NYU1|UGGG2_HUMAN:sp|Q2TAC6|KIF19_HUMAN:sp|Q93073|SBP2L_HUMAN:sp|Q9P2J2|TUTLA_HUMAN:sp|P15813|CD1D_HUMAN:sp|Q04637|IF4G1_HUMAN:sp|P58005|SESN3_HUMAN:sp|Q5HYW2|NHSL2_HUMAN:sp|Q8IZ21|PHAR4_HUMAN:sp|O75962|TRIO_HUMAN:sp|Q5NUL3|FFAR4_HUMAN,DeepNovo
D(+42.01)SYLHDKL,37.45,1031.4923,8,75.0,8,1.2,516.75409,2,42.2474,-10.4526,0.67,16304,HFX193_IPP292_GEL_CRC_324_Odd.raw,2.76E5,2.38E6,1,1,1,1,"Acetylation (N-term)",,0 0 11 11 7 7 7 5,D(+42.01)SYLHDKL,sp|Q9H0F5|RNF38_HUMAN:sp|Q9BYD9|ACTT3_HUMAN:sp|Q13395|TARB1_HUMAN:sp|P12270|TPR_HUMAN:sp|Q6ZMN7|PZRN4_HUMAN:sp|P08185|CBG_HUMAN:sp|P57789|KCNKA_HUMAN:sp|O43765|SGTA_HUMAN:sp|Q53GT1|KLH22_HUMAN:sp|Q9NZS2|KLRF1_HUMAN:sp|Q8NBM8|PCYXL_HUMAN:sp|Q9UL63|MKLN1_HUMAN:sp|Q9H254|SPTN4_HUMAN:sp|Q9HCM1|RESF1_HUMAN:sp|Q15139|KPCD1_HUMAN:sp|O14579|COPE_HUMAN:sp|Q9NTG1|PKDRE_HUMAN:sp|Q9Y2V0|CDIN1_HUMAN:sp|Q2KJY2|KI26B_HUMAN:sp|P43364|MAGAB_HUMAN:sp|Q9Y572|RIPK3_HUMAN:sp|P56975|NRG3_HUMAN:sp|Q96AY4|TTC28_HUMAN:sp|Q14435|GALT3_HUMAN:sp|P23497|SP100_HUMAN:sp|Q5T1V6|DDX59_HUMAN:sp|Q96M83|CCDC7_HUMAN:sp|Q5VZE5|NAA35_HUMAN:sp|Q8TBA6|GOGA5_HUMAN:sp|O75971|SNPC5_HUMAN:sp|Q8N6D5|ANR29_HUMAN:sp|Q13591|SEM5A_HUMAN:sp|Q8IWX7|UN45B_HUMAN,DeepNovo
D(+42.01)TLLEK,11.58,759.4014,6,66.7,6,0.1,380.70801,2,34.2197,-3.2803,0.76,13079,HFX193_IPP292_GEL_CRC_324_Odd.raw,7.08E4,8.74E5,1,1,1,1,"Acetylation (N-term)",,0 0 5 6 6 5,D(+42.01)TLLEK,sp|O15079|SNPH_HUMAN:sp|Q6ECI4|ZN470_HUMAN:sp|Q8IYT3|CC170_HUMAN:sp|Q9UH03|SEPT3_HUMAN:sp|Q9UMY1|NOL7_HUMAN:sp|Q8TDJ6|DMXL2_HUMAN,DB Search
D(+42.01)TLVDKY,27.15,894.4335,7,71.4,7,1.0,448.22443,2,40.3536,-12.9464,0.58,15536,HFX193_IPP292_GEL_CRC_324_Even.raw,1.3E5,1.64E6,1,1,1,1,"Acetylation (N-term)",,0 0 3 16 10 4 4,D(+42.01)TLVDKY,sp|P62333|PRS10_HUMAN:sp|P48444|COPD_HUMAN:sp|P50053|KHK_HUMAN:sp|Q15413|RYR3_HUMAN:sp|Q9H1J7|WNT5B_HUMAN:sp|Q9NR19|ACSA_HUMAN:sp|P15170|ERF3A_HUMAN:sp|O75618|DEDD_HUMAN:sp|Q15652|JHD2C_HUMAN:sp|Q8IW19|APLF_HUMAN:sp|Q12768|WASC5_HUMAN:sp|P09543|CN37_HUMAN:sp|Q03001|DYST_HUMAN:sp|Q68G74|LHX8_HUMAN:sp|O43852|CALU_HUMAN:sp|Q8IYD1|ERF3B_HUMAN:sp|Q9UM47|NOTC3_HUMAN,DeepNovo
D(+42.01)TVLDVLHSRPRGPK,76.56,1730.9427,15,60.0,15,-4.8,577.98541,3,53.9852,-15.3148,0.11,20951,HFX193_IPP292_GEL_CRC_324_Even.raw,2.67E6,9.03E6,1,1,1,1,"Acetylation (N-term)",,0 0 54 64 22 12 12 36 0 0 2 0 0 10 5,D(+42.01)TVLDVLHSRPRGPK,sp|P26599|PTBP1_HUMAN:sp|Q8IWX5|SGPP2_HUMAN:sp|P52701|MSH6_HUMAN:sp|Q14683|SMC1A_HUMAN:sp|P21817|RYR1_HUMAN:sp|P53618|COPB_HUMAN:sp|Q70EK9|UBP51_HUMAN:sp|P40145|ADCY8_HUMAN:sp|Q8N5V2|NGEF_HUMAN:sp|Q5VT06|CE350_HUMAN:sp|Q13177|PAK2_HUMAN:sp|P20585|MSH3_HUMAN:tr|A0A8Q3SIG1|A0A8Q3SIG1_HUMAN:sp|Q13163|MP2K5_HUMAN:sp|Q9UPT9|UBP22_HUMAN:sp|P33991|MCM4_HUMAN:sp|P09467|F16P1_HUMAN:sp|Q92901|RL3L_HUMAN:sp|O43299|AP5Z1_HUMAN:sp|Q70EL1|UBP54_HUMAN:sp|P38398|BRCA1_HUMAN:sp|Q14146|URB2_HUMAN:sp|Q6PI47|KCD18_HUMAN:sp|Q86V40|TIKI1_HUMAN:sp|Q13153|PAK1_HUMAN:sp|P50053|KHK_HUMAN:sp|Q16281|CNGA3_HUMAN:sp|Q9H2D1|MFTC_HUMAN:sp|Q8IXH7|NELFD_HUMAN:sp|Q9BQG2|NUD12_HUMAN:sp|Q96PG1|M4A4E_HUMAN:AKAP7_DEL_A-p.K79Rfs*21_::chr6:131159636-131160636_frame=2:sp|Q5TB80|CE162_HUMAN:sp|Q9UPU5|UBP24_HUMAN:sp|Q9UNA4|POLI_HUMAN:sp|P80303|NUCB2_HUMAN:sp|Q709C8|VP13C_HUMAN:sp|Q9P0N9|TBCD7_HUMAN:sp|Q12923|PTN13_HUMAN:sp|P49815|TSC2_HUMAN:sp|O75914|PAK3_HUMAN:sp|B1AJZ9|FHAD1_HUMAN:sp|Q9NUW8|TYDP1_HUMAN:sp|Q9Y295|DRG1_HUMAN:sp|Q9UKA9|PTBP2_HUMAN:sp|O60313|OPA1_HUMAN:sp|O75962|TRIO_HUMAN:sp|Q00535|CDK5_HUMAN:sp|Q99680|GPR22_HUMAN:sp|Q8IXK2|GLT12_HUMAN:sp|O60347|TBC12_HUMAN:sp|Q8NDZ2|SIMC1_HUMAN:sp|Q9NYQ6|CELR1_HUMAN:sp|P00403|COX2_HUMAN:sp|Q8N3T1|GLT15_HUMAN:sp|Q6P1J6|PLB1_HUMAN:sp|Q8NI27|THOC2_HUMAN:sp|A0AV96|RBM47_HUMAN:sp|Q6XZB0|LIPI_HUMAN:sp|Q14679|TTLL4_HUMAN:sp|O43156|TTI1_HUMAN:sp|Q8WWY8|LIPH_HUMAN:sp|O60522|TDRD6_HUMAN:sp|Q9UJ14|GGT7_HUMAN:sp|P24941|CDK2_HUMAN:sp|P35658|NU214_HUMAN:sp|Q8IZ13|F200C_HUMAN:sp|Q8IVF4|DYH10_HUMAN:sp|P0C870|JMJD7_HUMAN:sp|Q9HAU8|RNPL1_HUMAN:sp|Q8WXG9|AGRV1_HUMAN:sp|O75928|PIAS2_HUMAN:sp|Q6ZMT4|KDM7A_HUMAN:sp|Q8TCY9|URGCP_HUMAN:sp|Q8TC41|RN217_HUMAN:sp|Q5VYK3|ECM29_HUMAN:sp|Q9H2M9|RBGPR_HUMAN:sp|Q14137|BOP1_HUMAN:sp|Q8N0W3|FCSK_HUMAN:sp|P62847|RS24_HUMAN:sp|A8MTJ3|GNAT3_HUMAN:sp|O00584|RNT2_HUMAN:sp|A6NNY8|UBP27_HUMAN:sp|Q14571|ITPR2_HUMAN:sp|Q01726|MSHR_HUMAN:sp|Q9UDY2|ZO2_HUMAN:sp|Q02818|NUCB1_HUMAN:sp|A3KMH1|VWA8_HUMAN:sp|Q9BY78|RNF26_HUMAN:sp|Q8NDV3|SMC1B_HUMAN:sp|Q6QEF8|CORO6_HUMAN:sp|Q92736|RYR2_HUMAN:sp|Q8N2Y8|RUSC2_HUMAN,DeepNovo
D(+42.01)TVPKKSAEF,50.36,1162.5870,10,40.0,10,3.6,582.30286,2,29.8271,10.5271,0.24,11250,HFX193_IPP292_GEL_CRC_324_Even.raw,4.48E6,3.5E7,2,2,2,2,"Acetylation (N-term)",,0 0 0 1 1 1 5 5 12 5,D(+42.01)TVPKKSAEF,sp|Q5TF21|SOGA3_HUMAN:sp|Q6MZZ7|CAN13_HUMAN:sp|Q8NH73|OR4S2_HUMAN:sp|A6NDE4|RBY1B_HUMAN:sp|P16403|H12_HUMAN:sp|O75129|ASTN2_HUMAN:sp|Q96FJ0|STALP_HUMAN:sp|P33176|KINH_HUMAN:sp|O95394|AGM1_HUMAN:sp|P05060|SCG1_HUMAN:sp|Q86TE4|LUZP2_HUMAN:sp|O43615|TIM44_HUMAN:sp|P03973|SLPI_HUMAN:sp|P20929|NEBU_HUMAN:sp|O94851|MICA2_HUMAN:sp|P0C7P1|RBY1D_HUMAN:sp|Q96JE9|MAP6_HUMAN:sp|O14525|ASTN1_HUMAN:sp|A8TX70|CO6A5_HUMAN:sp|Q15415|RBY1F_HUMAN:sp|Q9NXV6|CARF_HUMAN:sp|Q15560|TCEA2_HUMAN:sp|Q96S52|PIGS_HUMAN:sp|Q8IYM0|F186B_HUMAN:sp|P10412|H14_HUMAN:sp|Q8TE68|ES8L1_HUMAN:sp|Q8N8Z6|DCBD1_HUMAN:sp|Q9NP64|ZCC17_HUMAN:sp|Q96MC2|DRC1_HUMAN:sp|O95630|STABP_HUMAN:sp|Q96B96|LDAF1_HUMAN:sp|Q7L513|FCRLA_HUMAN:sp|Q7Z2Y8|GVIN1_HUMAN:sp|Q8IXW5|RPAP2_HUMAN:sp|Q2WGJ9|FR1L6_HUMAN:sp|A6NEQ0|RBY1E_HUMAN:sp|P98175|RBM10_HUMAN:sp|P48167|GLRB_HUMAN:sp|Q8NDL9|CBPC5_HUMAN:sp|O75452|RDH16_HUMAN:sp|O15062|ZBTB5_HUMAN:sp|P23508|CRCM_HUMAN:sp|Q6IBW4|CNDH2_HUMAN:sp|Q5JPF3|AN36C_HUMAN:sp|P07942|LAMB1_HUMAN:sp|A6QL64|AN36A_HUMAN:sp|O15151|MDM4_HUMAN:sp|Q8IZF3|AGRF4_HUMAN:sp|Q86UP2|KTN1_HUMAN:sp|P07864|LDHC_HUMAN:sp|A1L390|PKHG3_HUMAN:sp|Q13813|SPTN1_HUMAN:sp|Q6ZMR3|LDH6A_HUMAN:sp|Q93074|MED12_HUMAN:sp|Q9BSJ8|ESYT1_HUMAN:sp|Q9Y618|NCOR2_HUMAN:sp|Q9Y2A7|NCKP1_HUMAN:sp|Q02952|AKA12_HUMAN:sp|Q8IZS5|OFCC1_HUMAN:sp|Q8WVH0|CPLX3_HUMAN:sp|Q12840|KIF5A_HUMAN:sp|Q9H9K5|MER34_HUMAN:sp|Q5TDH0|DDI2_HUMAN:sp|O00230|CORT_HUMAN:sp|Q15014|MO4L2_HUMAN:sp|O60285|NUAK1_HUMAN:sp|Q8NCW5|NNRE_HUMAN:sp|P29466|CASP1_HUMAN:sp|Q8IZD0|SAM14_HUMAN:sp|Q9NR30|DDX21_HUMAN:sp|P48029|SC6A8_HUMAN:sp|Q2M2Z5|KIZ_HUMAN:sp|Q9UPN3|MACF1_HUMAN:sp|P18621|RL17_HUMAN:sp|P49023|PAXI_HUMAN:sp|P0DJD3|RBY1A_HUMAN:sp|Q15149|PLEC_HUMAN,DeepNovo
D(+42.01)VPPLTHDSHPRKF,88.14,1686.8478,14,50.0,14,-4.6,422.71729,4,35.4051,5.0051,0.25,13522,HFX193_IPP292_GEL_CRC_324_Odd.raw,4.01E6,2.67E7,2,2,2,2,"Acetylation (N-term)",,0 0 8 8 18 0 0 0 40 40 5 2 0 0,D(+42.01)VPPLTHDSHPRKF,,DeepNovo
D(+42.01)WGHAK,16.74,754.3398,6,16.7,6,1.2,755.34802,1,80.4081,88.4081,0.30,31343,HFX193_IPP292_GEL_CRC_324_Odd.raw,7.95E3,7.06E4,1,1,1,1,"Acetylation (N-term)",,0 0 0 0 0 5,D(+42.01)WGHAK,sp|O60547|GMDS_HUMAN,DB Search
D(+42.01)YEEHTSL,33.69,1034.4193,8,62.5,8,-1.7,518.21600,2,32.2587,-7.5413,0.32,12246,HFX193_IPP292_GEL_CRC_324_Odd.raw,2.88E6,1.91E7,2,2,2,2,"Acetylation (N-term)",,0 0 0 29 7 7 48 5,D(+42.01)YEEHTSL,sp|P04440|DPB1_HUMAN:sp|Q14896|MYPC3_HUMAN:sp|Q9NVA4|T184C_HUMAN,DeepNovo
E(+42.01)PPGVHEKF,34.65,1080.5239,9,55.6,9,2.0,541.27032,2,38.2039,-3.9961,0.31,14666,HFX193_IPP292_GEL_CRC_324_Odd.raw,6E6,3.96E7,3,3,3,3,"Acetylation (N-term)",,0 0 0 0 5 2 2 4 5,E(+42.01)PPGVHEKF,sp|Q8NI36|WDR36_HUMAN:sp|Q8N1I0|DOCK4_HUMAN:sp|Q8IZD9|DOCK3_HUMAN:sp|Q2M2H8|MGAL_HUMAN:sp|Q9H4H8|FA83D_HUMAN,DeepNovo
E(+42.01)RSLLK,21.55,786.4600,6,66.7,6,1.0,394.23764,2,26.7453,4.8453,0.15,10004,HFX193_IPP292_GEL_CRC_324_Odd.raw,4.64E5,2.76E6,1,1,1,1,"Acetylation (N-term)",,5 0 0 12 17 5,E(+42.01)RSLLK,sp|Q8WW38|FOG2_HUMAN:sp|O75360|PROP1_HUMAN:sp|Q9UHY8|FEZ2_HUMAN:sp|Q6NUM6|TYW1B_HUMAN,DB Search
E(+42.01)YGSGGDVTHKVGGGSS,94.52,1634.7172,17,47.1,17,1.6,545.91388,3,35.5617,15.7617,0.17,13606,HFX193_IPP292_GEL_CRC_324_Odd.raw,7.78E5,5.99E6,1,1,1,1,"Acetylation (N-term)",,5 7 33 33 11 4 1 1 4 0 0 0 3 1 1 0 0,E(+42.01)YGSGGDVTHKVGGGSS,sp|O14654|IRS4_HUMAN:sp|P23246|SFPQ_HUMAN:sp|O75309|CAD16_HUMAN:sp|P40197|GPV_HUMAN:sp|P27815|PDE4A_HUMAN:sp|Q92673|SORL_HUMAN:sp|Q9Y6X0|SETBP_HUMAN:sp|Q18PE1|DOK7_HUMAN:sp|Q9NRF2|SH2B1_HUMAN:sp|O75884|RBBP9_HUMAN:sp|Q562E7|WDR81_HUMAN:sp|Q12906|ILF3_HUMAN:sp|P09131|P3_HUMAN:sp|Q9NTG1|PKDRE_HUMAN:sp|Q13018|PLA2R_HUMAN:sp|Q2VWA4|SKOR2_HUMAN:sp|Q8WZ75|ROBO4_HUMAN:sp|Q7Z794|K2C1B_HUMAN:sp|O75417|DPOLQ_HUMAN:sp|Q09019|DMWD_HUMAN:sp|Q86XE5|HOGA1_HUMAN:sp|Q9NVR5|KTU_HUMAN:sp|Q13137|CACO2_HUMAN:sp|P51991|ROA3_HUMAN:sp|Q9HCJ0|TNR6C_HUMAN:sp|Q6ZVX9|PAQR9_HUMAN:sp|Q9UEW8|STK39_HUMAN:sp|P09651|ROA1_HUMAN:sp|Q08211|DHX9_HUMAN:sp|P35908|K22E_HUMAN:sp|P16150|LEUK_HUMAN:sp|P51116|FXR2_HUMAN:sp|Q92830|KAT2A_HUMAN:sp|Q96FE7|P3IP1_HUMAN:sp|Q9UKV3|ACINU_HUMAN:sp|Q86W24|NAL14_HUMAN:sp|P31260|HXA10_HUMAN:sp|Q14549|GBX1_HUMAN:sp|Q5D862|FILA2_HUMAN:sp|Q969W9|PMEPA_HUMAN:sp|Q9HCN6|GPVI_HUMAN:sp|Q8TF74|WIPF2_HUMAN:sp|Q8WYQ5|DGCR8_HUMAN:sp|P42575|CASP2_HUMAN:sp|Q02388|CO7A1_HUMAN:sp|Q96AZ1|EFMT3_HUMAN:sp|Q9UIG8|SO3A1_HUMAN:sp|Q5T8D3|ACBD5_HUMAN:sp|Q63HN8|RN213_HUMAN:sp|Q5TA77|LCE3B_HUMAN:sp|P04264|K2C1_HUMAN:sp|Q8IYR6|TEFF1_HUMAN:sp|Q68E01|INT3_HUMAN:sp|Q9UJ99|CAD22_HUMAN:sp|Q99729|ROAA_HUMAN:sp|O95886|DLGP3_HUMAN:sp|P31277|HXD11_HUMAN:sp|Q8IZF0|NALCN_HUMAN:sp|P62195|PRS8_HUMAN:sp|Q9H0B8|CRLD2_HUMAN:sp|Q15031|SYLM_HUMAN:sp|Q9ULX6|AKP8L_HUMAN:sp|Q92908|GATA6_HUMAN:sp|Q96PZ7|CSMD1_HUMAN:tr|A0A590UJ96|A0A590UJ96_HUMAN,DeepNovo
F(+42.01)AAERKAGAL,41.26,1074.5822,10,40.0,10,2.2,538.29956,2,30.4927,11.4927,0.73,11516,HFX193_IPP292_GEL_CRC_324_Even.raw,2.29E6,1.24E7,2,2,1,1,"Acetylation (N-term)",,0 0 9 6 1 1 1 1 6 5,F(+42.01)AAERKAGAL,sp|P58107|EPIPL_HUMAN:sp|Q08289|CACB2_HUMAN:sp|Q14683|SMC1A_HUMAN:sp|Q8IVE3|PKHH2_HUMAN:sp|Q9Y584|TIM22_HUMAN:sp|P47989|XDH_HUMAN:sp|Q96IZ6|MET2A_HUMAN:sp|O95394|AGM1_HUMAN:sp|Q0VFZ6|CF210_HUMAN:sp|Q99547|MPH6_HUMAN:sp|Q7L2E3|DHX30_HUMAN:sp|P82933|RT09_HUMAN:sp|Q9Y2K1|ZBTB1_HUMAN:sp|A6H8Y1|BDP1_HUMAN:sp|P05067|A4_HUMAN:sp|Q8IWN7|RP1L1_HUMAN:sp|P55268|LAMB2_HUMAN:sp|Q8WXS8|ATS14_HUMAN:sp|O75081|MTG16_HUMAN:sp|Q9HB75|PIDD1_HUMAN:sp|Q9NQR7|CC177_HUMAN:sp|Q8NA54|IQUB_HUMAN:sp|P22681|CBL_HUMAN:sp|C9J302|CD051_HUMAN:sp|Q9BY12|SCAPE_HUMAN:sp|Q9P2B4|CT2NL_HUMAN:sp|A2RU54|HMX2_HUMAN:sp|Q99062|CSF3R_HUMAN:sp|Q641Q2|WAC2A_HUMAN:sp|Q9UKP4|ATS7_HUMAN:sp|Q6ZRF8|RN207_HUMAN:sp|Q9BYE9|CDHR2_HUMAN:sp|Q8IXW5|RPAP2_HUMAN:sp|Q96AX9|MIB2_HUMAN:sp|O75146|HIP1R_HUMAN:sp|Q5JYT7|K1755_HUMAN:sp|Q9BY89|K1671_HUMAN:sp|Q96AC6|KIFC2_HUMAN:sp|Q6ZU80|CE128_HUMAN:sp|Q9UL16|CFA45_HUMAN:sp|Q9BYN8|RT26_HUMAN:sp|Q96A73|P33MX_HUMAN:sp|Q6NZI2|CAVN1_HUMAN:sp|O60673|REV3L_HUMAN:sp|Q7Z5Q5|DPOLN_HUMAN:sp|Q13009|TIAM1_HUMAN:sp|O75150|BRE1B_HUMAN:sp|Q63HR2|TENS2_HUMAN:sp|P29323|EPHB2_HUMAN:sp|Q9Y490|TLN1_HUMAN:sp|Q9H6P5|TASP1_HUMAN:sp|A4D2P6|GRD2I_HUMAN:sp|Q70J99|UN13D_HUMAN:sp|Q6IWH7|ANO7_HUMAN:sp|Q702N8|XIRP1_HUMAN:sp|Q9BXJ5|C1QT2_HUMAN:sp|P50570|DYN2_HUMAN:sp|Q9NVM6|DJC17_HUMAN:sp|O14964|HGS_HUMAN:sp|Q9NZM3|ITSN2_HUMAN:sp|Q9UNZ2|NSF1C_HUMAN:sp|Q92616|GCN1_HUMAN:sp|Q86VV8|RTTN_HUMAN:sp|Q9Y4E1|WAC2C_HUMAN:sp|Q9H773|DCTP1_HUMAN:sp|Q8NEZ4|KMT2C_HUMAN:sp|Q06455|MTG8_HUMAN:sp|Q06495|NPT2A_HUMAN:sp|Q86VQ0|LCA5_HUMAN:sp|Q8WZA9|IRGQ_HUMAN:sp|Q8IUN9|CLC10_HUMAN:sp|Q6PL45|BRID5_HUMAN:sp|Q16587|ZNF74_HUMAN:sp|P18054|LOX12_HUMAN:sp|Q14624|ITIH4_HUMAN:sp|O95274|LYPD3_HUMAN:sp|O75417|DPOLQ_HUMAN:sp|P54259|ATN1_HUMAN:sp|O75147|OBSL1_HUMAN:sp|P22735|TGM1_HUMAN:sp|Q6ICH7|ASPH2_HUMAN:sp|Q9HB20|PKHA3_HUMAN:sp|Q8TF72|SHRM3_HUMAN:sp|Q6WCQ1|MPRIP_HUMAN:sp|Q9BU23|LMF2_HUMAN:sp|Q9Y6H8|CXA3_HUMAN:sp|Q5VUE5|CA053_HUMAN:sp|Q92570|NR4A3_HUMAN:sp|Q96DN2|VWCE_HUMAN:sp|B2RBV5|MRUPP_HUMAN:sp|Q9UQL6|HDAC5_HUMAN:sp|Q6P1Q9|MET2B_HUMAN:sp|P52732|KIF11_HUMAN:sp|Q9NPG4|PCD12_HUMAN:sp|Q96MC9|CA147_HUMAN:sp|P42892|ECE1_HUMAN:sp|Q9Y253|POLH_HUMAN:sp|Q9BZI7|REN3B_HUMAN:sp|Q9UKS6|PACN3_HUMAN:sp|Q9Y4G6|TLN2_HUMAN:sp|Q8TF17|S3TC2_HUMAN:sp|Q86SJ2|AMGO2_HUMAN:sp|Q8N3K9|CMYA5_HUMAN:sp|Q9UGC7|RF1ML_HUMAN:sp|Q569K6|CC157_HUMAN:sp|P06396|GELS_HUMAN:sp|Q8NEM7|SP20H_HUMAN:sp|Q8N4F0|BPIB2_HUMAN:sp|Q6ZWI9|RFPLB_HUMAN:sp|P48736|PK3CG_HUMAN:sp|Q9NUL5|SHFL_HUMAN:sp|P61278|SMS_HUMAN:sp|O43474|KLF4_HUMAN:sp|Q7Z7M8|B3GN8_HUMAN:sp|Q9NYU1|UGGG2_HUMAN:sp|Q8N1T3|MYO1H_HUMAN:sp|Q6UY11|DLK2_HUMAN:sp|Q9Y2J4|AMOL2_HUMAN:sp|O60237|MYPT2_HUMAN:sp|Q6ZR85|CQ107_HUMAN,DeepNovo
F(+42.01)AAKLLHYR,41.55,1159.6501,9,77.8,9,2.9,387.55847,3,35.7568,-6.6432,0.45,13695,HFX193_IPP292_GEL_CRC_324_Even.raw,3.44E5,3.11E6,1,1,1,1,"Acetylation (N-term)",,0 0 63 65 69 37 8 2 2,F(+42.01)AAKLLHYR,sp|P51164|ATP4B_HUMAN:sp|P21817|RYR1_HUMAN:sp|Q9NZL4|HPBP1_HUMAN:sp|Q00610|CLH1_HUMAN:sp|Q86YV6|MYLK4_HUMAN:sp|Q8IXK0|PHC2_HUMAN:sp|Q7Z589|EMSY_HUMAN:sp|Q13535|ATR_HUMAN:sp|P11498|PYC_HUMAN:sp|P35542|SAA4_HUMAN:sp|P07478|TRY2_HUMAN:sp|P49589|SYCC_HUMAN:sp|O94804|STK10_HUMAN:sp|O75843|AP1G2_HUMAN:sp|Q8IZ83|A16A1_HUMAN:sp|Q9Y2P5|S27A5_HUMAN:sp|Q86WZ6|ZN227_HUMAN:sp|Q9NVA2|SEP11_HUMAN:sp|Q7RTX1|TS1R1_HUMAN:sp|Q5JU00|DRC5_HUMAN:sp|Q13554|KCC2B_HUMAN:sp|Q6ZVL6|K154L_HUMAN:sp|P0DJD0|RGPD1_HUMAN:sp|Q5VUJ6|LRCH2_HUMAN:sp|Q96DB5|RMD1_HUMAN:sp|O43187|IRAK2_HUMAN:sp|P98175|RBM10_HUMAN:sp|Q9NS85|CAH10_HUMAN:sp|Q8N661|TM86B_HUMAN:sp|Q96AV8|E2F7_HUMAN:sp|P07477|TRY1_HUMAN:sp|Q86UW1|OSTA_HUMAN:sp|Q5SSJ5|HP1B3_HUMAN:sp|Q6IQ19|CCSAP_HUMAN:sp|Q8N4B5|PRR18_HUMAN:sp|Q13813|SPTN1_HUMAN:sp|Q9H1C3|GL8D2_HUMAN:sp|Q8WW38|FOG2_HUMAN:sp|P16066|ANPRA_HUMAN:sp|P26572|MGAT1_HUMAN:sp|Q7Z7K6|CENPV_HUMAN:sp|Q9Y490|TLN1_HUMAN:sp|Q99666|RGPD5_HUMAN:sp|Q969P6|TOP1M_HUMAN:sp|Q6NUS8|UD3A1_HUMAN:sp|Q9BVI0|PHF20_HUMAN:sp|Q92674|CENPI_HUMAN:sp|P54886|P5CS_HUMAN:sp|O15397|IPO8_HUMAN:sp|Q01415|GALK2_HUMAN:sp|Q9ULD8|KCNH3_HUMAN:sp|P21397|AOFA_HUMAN:sp|Q8IUG5|MY18B_HUMAN:sp|Q8IUA7|ABCA9_HUMAN:sp|O14981|BTAF1_HUMAN:sp|Q9UM47|NOTC3_HUMAN:sp|Q92953|KCNB2_HUMAN:sp|Q8IZD9|DOCK3_HUMAN:sp|Q96MF6|CQ10A_HUMAN:sp|Q9UNS1|TIM_HUMAN:sp|A6NKT7|RGPD3_HUMAN:sp|Q8NEJ0|DUS18_HUMAN:sp|O75367|H2AY_HUMAN:sp|Q9NYY3|PLK2_HUMAN:sp|P05060|SCG1_HUMAN:sp|Q9BVC6|TM109_HUMAN:sp|Q96FS4|SIPA1_HUMAN:sp|A2VDJ0|T131L_HUMAN:sp|P27338|AOFB_HUMAN:sp|Q8NH09|OR8S1_HUMAN:sp|Q9Y4I1|MYO5A_HUMAN:sp|A6NLE4|SIM23_HUMAN:sp|P21757|MSRE_HUMAN:sp|O14715|RGPD8_HUMAN:sp|O95613|PCNT_HUMAN:sp|Q16891|MIC60_HUMAN:sp|Q08623|HDHD1_HUMAN:sp|P42166|LAP2A_HUMAN:sp|Q86XK3|SFR1_HUMAN:sp|Q9BQ24|ZFY21_HUMAN:sp|P41181|AQP2_HUMAN:sp|Q3SY77|UD3A2_HUMAN:sp|A6NES4|MRO2A_HUMAN:sp|Q68DN1|CB016_HUMAN:sp|P15822|ZEP1_HUMAN:sp|Q9P2D1|CHD7_HUMAN:sp|Q86XI2|CNDG2_HUMAN:sp|A0A0B4J2F2|SIK1B_HUMAN:sp|P19367|HXK1_HUMAN:sp|P0DJD1|RGPD2_HUMAN:sp|Q5T481|RBM20_HUMAN:sp|Q13003|GRIK3_HUMAN:sp|Q9BUH8|BEGIN_HUMAN:sp|Q8TAE7|KCNG3_HUMAN:sp|Q96F81|DISP1_HUMAN:sp|Q04721|NOTC2_HUMAN:sp|Q9Y4G6|TLN2_HUMAN:sp|Q9P267|MBD5_HUMAN:sp|Q09470|KCNA1_HUMAN:sp|Q86UK0|ABCAC_HUMAN:sp|Q8WXG9|AGRV1_HUMAN:sp|Q32MK0|MYLK3_HUMAN:sp|Q6TDU7|DNAI7_HUMAN:sp|A2RUC4|TYW5_HUMAN:sp|O00522|KRIT1_HUMAN:sp|Q9Y666|S12A7_HUMAN:sp|Q96T17|MA7D2_HUMAN:sp|Q6PJ69|TRI65_HUMAN:sp|Q7Z3J3|RGPD4_HUMAN:sp|Q9ULV0|MYO5B_HUMAN:sp|Q96HL8|SH3Y1_HUMAN:sp|Q9H222|ABCG5_HUMAN:sp|Q14894|CRYM_HUMAN:sp|Q9BVA0|KTNB1_HUMAN:sp|P49792|RBP2_HUMAN:sp|Q9HCK8|CHD8_HUMAN:sp|Q14721|KCNB1_HUMAN:sp|O95232|LC7L3_HUMAN:sp|Q9H0E3|SP130_HUMAN:sp|P35030|TRY3_HUMAN,DeepNovo
F(+42.01)AHHPPHVF,36.22,1129.5458,9,77.8,9,0.7,377.52277,3,33.4366,8.0366,0.52,12729,HFX193_IPP292_GEL_CRC_324_Even.raw,6.25E5,4.1E6,1,1,1,1,"Acetylation (N-term)",,1 1 7 2 2 5 5 7 5,F(+42.01)AHHPPHVF,sp|Q9UM54|MYO6_HUMAN:sp|Q6PIF6|MYO7B_HUMAN,DeepNovo
F(+42.01)AKGGVFKKL,29.49,1135.6753,10,60.0,10,0.3,379.56583,3,38.4462,8.0462,0.62,14766,HFX193_IPP292_GEL_CRC_324_Even.raw,2E7,3.65E7,3,3,2,2,"Acetylation (N-term)",,0 0 0 0 2 6 12 12 9 5,F(+42.01)AKGGVFKKL,sp|P48741|HSP77_HUMAN:sp|Q8N468|MFD4A_HUMAN:sp|P35080|PROF2_HUMAN:sp|O60486|PLXC1_HUMAN:sp|O60488|ACSL4_HUMAN:sp|P41252|SYIC_HUMAN:sp|O14986|PI51B_HUMAN:sp|Q96JH7|VCIP1_HUMAN:sp|Q9UNN4|TF2AY_HUMAN:sp|Q9Y4D8|HECD4_HUMAN:sp|P62253|UB2G1_HUMAN:sp|Q7Z6M4|MTEF4_HUMAN:sp|Q5GH70|XKR9_HUMAN:sp|P17066|HSP76_HUMAN:sp|Q8WVC6|DCAKD_HUMAN:sp|Q9H1U9|S2551_HUMAN:sp|Q9Y4A5|TRRAP_HUMAN:sp|O14841|OPLA_HUMAN:sp|P13010|XRCC5_HUMAN:CKAP2_DEL_A-p.K605Rfs*14_::chr13:52474399-52475399_frame=2:sp|Q9UK96|FBX10_HUMAN:sp|Q8NDV1|SIA7C_HUMAN:sp|Q96JB3|HIC2_HUMAN:sp|Q9HCD6|TANC2_HUMAN:sp|Q5VY43|PEAR1_HUMAN:sp|Q9Y2X8|UB2D4_HUMAN:sp|P01375|TNFA_HUMAN:sp|Q8WYQ9|ZCH14_HUMAN:sp|Q5QGT7|RTP2_HUMAN:sp|Q96EN8|MOCOS_HUMAN:sp|Q14542|S29A2_HUMAN:sp|Q9UPU5|UBP24_HUMAN:sp|Q13972|RGRF1_HUMAN:sp|P51815|ZN75D_HUMAN:sp|O95155|UBE4B_HUMAN:sp|Q9UNA4|POLI_HUMAN:sp|O60830|TI17B_HUMAN:sp|Q7Z3Z3|PIWL3_HUMAN:sp|Q9NYC9|DYH9_HUMAN:sp|A2A3N6|PIPSL_HUMAN:sp|O95229|ZWINT_HUMAN:sp|P52179|MYOM1_HUMAN:sp|Q9BYG8|GSDMC_HUMAN:sp|Q8N9V7|TOPZ1_HUMAN:sp|Q8NB16|MLKL_HUMAN:sp|O43187|IRAK2_HUMAN:sp|Q8NEH6|MNS1_HUMAN:sp|Q9BQI6|SLF1_HUMAN:sp|P59025|RTP1_HUMAN:sp|P48357|LEPR_HUMAN:sp|Q3SY17|S2552_HUMAN:sp|O75976|CBPD_HUMAN:sp|P55060|XPO2_HUMAN:sp|Q09MP3|R51A2_HUMAN:sp|P09327|VILI_HUMAN:sp|Q08462|ADCY2_HUMAN:sp|P51668|UB2D1_HUMAN:sp|P61077|UB2D3_HUMAN:sp|Q99755|PI51A_HUMAN:sp|Q6ZXV5|TMTC3_HUMAN:sp|Q5VYX0|RNLS_HUMAN:sp|A0A1W2PPD8|KDM4F_HUMAN:sp|Q9H2T7|RBP17_HUMAN:sp|Q96MU7|YTDC1_HUMAN:sp|Q8NEM7|SP20H_HUMAN:sp|Q8N697|S15A4_HUMAN:sp|Q9UQE7|SMC3_HUMAN:sp|B2RXH2|KDM4E_HUMAN:sp|Q9NX46|ADPRS_HUMAN:sp|Q9ULV0|MYO5B_HUMAN:sp|P62837|UB2D2_HUMAN:sp|Q9H6S0|YTDC2_HUMAN:sp|Q13454|TUSC3_HUMAN:sp|Q9BQE4|SELS_HUMAN:sp|O15228|GNPAT_HUMAN:sp|O43865|SAHH2_HUMAN:sp|Q9BZ29|DOCK9_HUMAN:sp|O95980|RECK_HUMAN:sp|Q14517|FAT1_HUMAN,DeepNovo
F(+42.01)APGGGGTRVV,50.70,1058.5509,11,72.7,11,-3.1,353.85648,3,25.6601,-15.1399,0.49,9577,HFX193_IPP292_GEL_CRC_324_Odd.raw,8.72E6,6.31E7,4,4,4,4,"Acetylation (N-term)",,0 0 0 9 9 27 27 30 7 7 5,F(+42.01)APGGGGTRVV,sp|Q9Y2P8|RCL1_HUMAN:sp|Q6UVK1|CSPG4_HUMAN:sp|Q13253|NOGG_HUMAN:sp|Q8IX94|CTGE4_HUMAN:sp|Q9ULM3|YETS2_HUMAN:sp|O60245|PCDH7_HUMAN:sp|P50552|VASP_HUMAN:sp|P41225|SOX3_HUMAN:sp|O60241|AGRB2_HUMAN:sp|Q8IWZ3|ANKH1_HUMAN:sp|P0CG41|CTGE8_HUMAN:sp|Q4G112|HSF5_HUMAN:sp|Q8WVR3|TPC14_HUMAN:sp|Q01101|INSM1_HUMAN:sp|Q96JN8|NEUL4_HUMAN:sp|O94991|SLIK5_HUMAN:sp|O43280|TREA_HUMAN:sp|Q8NFD5|ARI1B_HUMAN:sp|Q969Z4|TR19L_HUMAN:sp|Q9P2N4|ATS9_HUMAN:tr|A0A7I2V3R4|A0A7I2V3R4_HUMAN:sp|Q9Y2H0|DLGP4_HUMAN:sp|Q9ULI4|KI26A_HUMAN:sp|Q96BD0|SO4A1_HUMAN:sp|Q8IZL8|PELP1_HUMAN:sp|Q9HCE9|ANO8_HUMAN:sp|O60741|HCN1_HUMAN:sp|P26196|DDX6_HUMAN:sp|Q92900|RENT1_HUMAN:sp|Q7RTS3|PTF1A_HUMAN:sp|Q9Y5P8|P2R3B_HUMAN:sp|P49321|NASP_HUMAN:sp|Q9NR80|ARHG4_HUMAN:sp|O15197|EPHB6_HUMAN:sp|P15924|DESP_HUMAN:sp|P56703|WNT3_HUMAN:sp|Q01860|PO5F1_HUMAN:sp|Q8NFJ8|BHE22_HUMAN:sp|Q3MJ16|PA24E_HUMAN:sp|Q96H79|ZCCHL_HUMAN:sp|O14917|PCD17_HUMAN:sp|P58549|FXYD7_HUMAN:sp|Q96QZ7|MAGI1_HUMAN:sp|Q9Y618|NCOR2_HUMAN:sp|Q96G74|OTUD5_HUMAN:sp|Q14847|LASP1_HUMAN:sp|Q32P44|EMAL3_HUMAN:sp|Q3T906|GNPTA_HUMAN:sp|Q9H6S0|YTDC2_HUMAN:sp|Q9NP80|PLPL8_HUMAN:sp|Q8NEY1|NAV1_HUMAN:sp|Q9BWG4|SSBP4_HUMAN:sp|Q99943|PLCA_HUMAN:sp|Q8IXQ3|CI040_HUMAN:sp|Q8WXQ8|CBPA5_HUMAN:MARCKS_DEL_A-p.K155Rfs*12_::chr6:113859534-113860534_frame=-1:sp|Q9H461|FZD8_HUMAN:sp|P09629|HXB7_HUMAN:sp|P0DPK4|NT2NC_HUMAN:sp|Q8N9Y4|F181A_HUMAN:sp|P11831|SRF_HUMAN:tr|A0A075B6W8|A0A075B6W8_HUMAN:sp|Q8TAU0|NKX23_HUMAN:sp|Q9NWM3|CUED1_HUMAN:sp|P39060|COIA1_HUMAN:sp|Q7Z4P5|GDF7_HUMAN:sp|O14841|OPLA_HUMAN:ENO4_DEL_A-p.K207Rfs*32_::chr10:116858617-116859617_frame=-1:sp|Q9Y2X9|ZN281_HUMAN:sp|A6NCS4|NKX26_HUMAN:sp|P28329|CLAT_HUMAN:sp|Q13936|CAC1C_HUMAN:sp|P31276|HXC13_HUMAN:sp|Q17RY0|CPEB4_HUMAN:sp|Q01167|FOXK2_HUMAN:sp|Q06416|P5F1B_HUMAN:TVP23A_DEL_A-p.F140Lfs*7_::chr16:10772846-10773846_frame=-2:sp|A6NL88|SHSA7_HUMAN:sp|Q8IXJ9|ASXL1_HUMAN:sp|Q9C0I1|MTMRC_HUMAN:sp|A8MZF0|PRR33_HUMAN:sp|Q9UHB9|SRP68_HUMAN:sp|P51805|PLXA3_HUMAN:sp|Q9UG01|IF172_HUMAN:sp|Q06587|RING1_HUMAN:sp|Q8ND25|ZNRF1_HUMAN:sp|Q9H8H2|DDX31_HUMAN:sp|Q8N6Y1|PCD20_HUMAN:sp|Q6UXY1|BI2L2_HUMAN:sp|Q15772|SPEG_HUMAN:sp|P47974|TISD_HUMAN:sp|Q13136|LIPA1_HUMAN:sp|Q96CM4|NXNL1_HUMAN:sp|Q8TD19|NEK9_HUMAN:sp|O00268|TAF4_HUMAN:sp|Q9UJ96|KCNG2_HUMAN:sp|Q9NPC8|SIX2_HUMAN:tr|A0A2R8YE69|A0A2R8YE69_HUMAN:sp|Q6ZMQ8|LMTK1_HUMAN:sp|Q8IYR6|TEFF1_HUMAN:sp|O95096|NKX22_HUMAN:sp|P20264|PO3F3_HUMAN:sp|Q96PC5|MIA2_HUMAN:sp|P31277|HXD11_HUMAN:sp|Q8TD26|CHD6_HUMAN:sp|Q8IZN3|ZDH14_HUMAN:sp|O94910|AGRL1_HUMAN:sp|Q7Z7M8|B3GN8_HUMAN:sp|Q16538|GP162_HUMAN:sp|O95197|RTN3_HUMAN:sp|Q92623|TTC9A_HUMAN:sp|Q86UU0|BCL9L_HUMAN:sp|Q9NS37|ZHANG_HUMAN:sp|Q9C0B9|ZCHC2_HUMAN:BAX_DEL_G-p.E41Rfs*19_::chr19:48955214-48956214_frame=1:sp|Q9Y4X5|ARI1_HUMAN:sp|Q96IK1|BOD1_HUMAN:sp|P10276|RARA_HUMAN:sp|Q00653|NFKB2_HUMAN:sp|Q14332|FZD2_HUMAN,DeepNovo
F(+42.01)GDLHPVGLAVKEKYAK,89.75,1913.0410,17,58.8,17,2.5,479.26874,4,43.3878,-9.4122,0.16,16764,HFX193_IPP292_GEL_CRC_324_Odd.raw,7.15E5,4.15E6,1,1,1,1,"Acetylation (N-term)",,0 0 0 6 0 0 1 0 33 23 23 15 5 5 3 3 5,F(+42.01)GDLHPVGLAVKEKYAK,sp|Q96JX3|SRAC1_HUMAN:sp|Q9NRG4|SMYD2_HUMAN:sp|Q92624|APBP2_HUMAN:sp|Q9H972|CN093_HUMAN:sp|Q9NRF8|PYRG2_HUMAN:sp|Q06323|PSME1_HUMAN:sp|Q7Z4J2|GL6D1_HUMAN:sp|O75955|FLOT1_HUMAN:sp|Q9NXN4|GDAP2_HUMAN:sp|Q562E7|WDR81_HUMAN:sp|P49748|ACADV_HUMAN:sp|P0C604|OR4A8_HUMAN:sp|A2A368|MAGBG_HUMAN:sp|Q86Y26|NUTM1_HUMAN:sp|P21754|ZP3_HUMAN:sp|Q504Y0|S39AC_HUMAN:sp|Q9P225|DYH2_HUMAN:sp|Q6XZF7|DNMBP_HUMAN:sp|Q9Y5B9|SP16H_HUMAN:sp|P46821|MAP1B_HUMAN:sp|Q9H446|RWDD1_HUMAN:sp|Q99795|GPA33_HUMAN:sp|P0DPF3|NBPF9_HUMAN:sp|Q8IUZ5|AT2L2_HUMAN:sp|Q5TZA2|CROCC_HUMAN:sp|Q9GZU2|PEG3_HUMAN:sp|P51587|BRCA2_HUMAN:sp|Q96T92|INSM2_HUMAN:sp|Q9NXJ5|PGPI_HUMAN:sp|Q96A44|SPSB4_HUMAN:sp|Q9Y2W1|TR150_HUMAN:sp|Q3BBV2|NBPF8_HUMAN:sp|O15479|MAGB2_HUMAN:sp|O00238|BMR1B_HUMAN:sp|P15924|DESP_HUMAN:sp|P50281|MMP14_HUMAN:sp|Q96NW7|LRRC7_HUMAN:sp|P04629|NTRK1_HUMAN:sp|O15146|MUSK_HUMAN:sp|Q86UD5|SL9B2_HUMAN:sp|Q6ZP01|RBM44_HUMAN:ANO10_DEL_T-p.D45Mfs*12_::chr3:43605221-43606221_frame=1:sp|O76021|RL1D1_HUMAN:sp|Q96EK7|F120B_HUMAN:sp|Q96E52|OMA1_HUMAN:sp|Q9UKA4|AKA11_HUMAN:sp|Q13609|DNSL3_HUMAN:sp|P09093|CEL3A_HUMAN:sp|Q8NER5|ACV1C_HUMAN:sp|O15037|KHNYN_HUMAN:sp|Q9NX61|T161A_HUMAN:sp|O15552|FFAR2_HUMAN:sp|Q9NRR8|C42S1_HUMAN:sp|O15230|LAMA5_HUMAN:sp|Q8NHV4|NEDD1_HUMAN:sp|Q9BY08|EBPL_HUMAN:sp|Q6IC98|GRAM4_HUMAN:sp|Q8IZD9|DOCK3_HUMAN:sp|Q6WKZ4|RFIP1_HUMAN:sp|Q9UDT6|CLIP2_HUMAN:sp|Q9NX04|CA109_HUMAN:sp|Q96JY0|MAEL_HUMAN:sp|Q27J81|INF2_HUMAN:sp|Q9UPU3|SORC3_HUMAN:sp|Q96PY5|FMNL2_HUMAN:sp|Q5TAG4|NBPFC_HUMAN:sp|Q9NP94|S39A2_HUMAN:sp|Q8WZ42|TITIN_HUMAN:sp|Q68DU8|KCD16_HUMAN:sp|P50052|AGTR2_HUMAN:sp|Q13402|MYO7A_HUMAN:sp|P14868|SYDC_HUMAN:sp|Q9BUM1|G6PC3_HUMAN:sp|Q9Y2I7|FYV1_HUMAN:sp|O15417|TNC18_HUMAN:sp|P51790|CLCN3_HUMAN:sp|Q9BYT3|STK33_HUMAN:sp|Q9ULE0|WWC3_HUMAN:sp|Q9H347|UBQL3_HUMAN:sp|Q8NI28|R32DT_HUMAN:sp|P49961|ENTP1_HUMAN:sp|Q70EL4|UBP43_HUMAN:sp|Q9UIA9|XPO7_HUMAN:sp|P51398|RT29_HUMAN:sp|P43355|MAGA1_HUMAN:sp|Q8TDX5|ACMSD_HUMAN:sp|Q9HCI7|MSL2_HUMAN:sp|Q07075|AMPE_HUMAN:sp|O43149|ZZEF1_HUMAN:sp|Q9UBZ9|REV1_HUMAN:sp|Q8IWE2|NXP20_HUMAN:sp|Q99959|PKP2_HUMAN:sp|P07814|SYEP_HUMAN:sp|Q9NZJ4|SACS_HUMAN:sp|Q5BJE1|CC178_HUMAN:sp|O95757|HS74L_HUMAN:sp|P55289|CAD12_HUMAN:sp|P46782|RS5_HUMAN:sp|P34932|HSP74_HUMAN:sp|Q9Y3A3|PHOCN_HUMAN:sp|Q13621|S12A1_HUMAN:sp|O43586|PPIP1_HUMAN:sp|Q15126|PMVK_HUMAN:sp|P16455|MGMT_HUMAN:sp|Q8NEM7|SP20H_HUMAN:sp|Q9NQT8|KI13B_HUMAN:sp|Q6ZN03|CU136_HUMAN:sp|P55273|CDN2D_HUMAN:sp|P98088|MUC5A_HUMAN:sp|Q03701|CEBPZ_HUMAN:sp|Q9UJQ4|SALL4_HUMAN:sp|P25788|PSA3_HUMAN:sp|Q9Y2M5|KLH20_HUMAN:sp|Q16671|AMHR2_HUMAN:sp|P0DPF2|NBPFK_HUMAN:sp|Q7Z2W7|TRPM8_HUMAN:XYLT2_DEL_C-p.G529Afs*78_::chr17:50356106-50357106_frame=2:sp|Q9NW68|BSDC1_HUMAN:sp|Q96NI6|LRFN5_HUMAN:sp|Q9NR61|DLL4_HUMAN,DeepNovo
F(+42.01)GHVTHF,19.28,885.4133,7,71.4,7,4.2,443.71579,2,38.4940,1.8940,0.70,14711,HFX193_IPP292_GEL_CRC_324_Even.raw,6.06E6,2.18E7,3,3,3,3,"Acetylation (N-term)",,0 0 2 10 11 28 5,F(+42.01)GHVTHF,,DeepNovo
F(+42.01)HM(+15.99)ETAAPAVAETPDLKL,93.68,1997.9768,18,50.0,18,-2.6,999.99310,2,77.0082,-7.7918,0.53,30102,HFX193_IPP292_GEL_CRC_324_Even.raw,3.5E6,1.89E7,2,2,2,2,"Acetylation (N-term);Oxidation (M)",,0 0 0 13 14 14 35 1 1 5 4 4 14 1 1 7 0 0,F(+42.01)HM(+15.99)ETAAPAVAETPDLKL,sp|Q8NA61|CBY2_HUMAN:sp|Q9BWH6|RPAP1_HUMAN:sp|O14654|IRS4_HUMAN:sp|Q6ZMM2|ATL5_HUMAN:sp|Q9Y620|RA54B_HUMAN:sp|Q9H9F9|ARP5_HUMAN:sp|P42858|HD_HUMAN:sp|Q9UF56|FXL17_HUMAN:sp|A4QPH2|PI4P2_HUMAN:sp|P07101|TY3H_HUMAN:sp|Q8TDV0|GP151_HUMAN:sp|Q9H4D0|CSTN2_HUMAN:sp|Q8TE85|GRHL3_HUMAN:sp|Q86TL2|STIMA_HUMAN:sp|O95947|TBX6_HUMAN:sp|P0C7V6|SP202_HUMAN:sp|A4D0S4|LAMB4_HUMAN:sp|Q9UQV4|LAMP3_HUMAN:sp|Q15415|RBY1F_HUMAN:sp|Q4VCS5|AMOT_HUMAN:sp|Q96RK0|CIC_HUMAN:sp|Q96IV0|NGLY1_HUMAN:sp|Q9C093|SPEF2_HUMAN:sp|Q96MF7|NSE2_HUMAN:MXRA8_DEL_G-p.R301Gfs*107_::chr1:1354230-1355230_frame=-1:sp|Q2VWA4|SKOR2_HUMAN:sp|P55895|RAG2_HUMAN:sp|Q5TIA1|MEI1_HUMAN:sp|O15067|PUR4_HUMAN:sp|Q709C8|VP13C_HUMAN:sp|Q9BZF1|OSBL8_HUMAN:sp|Q9ULI4|KI26A_HUMAN:sp|Q9NS23|RASF1_HUMAN:sp|Q99828|CIB1_HUMAN:sp|Q86YF9|DZIP1_HUMAN:sp|Q0VG99|MESP2_HUMAN:sp|Q9NYQ3|HAOX2_HUMAN:sp|P82970|HMGN5_HUMAN:sp|Q96PX9|PKH4B_HUMAN:sp|Q8WWC4|MAIP1_HUMAN:sp|O14896|IRF6_HUMAN:sp|Q502X0|MORN2_HUMAN:sp|O75970|MPDZ_HUMAN:sp|P51610|HCFC1_HUMAN:sp|Q13201|MMRN1_HUMAN:sp|Q6ZNG9|KRBA2_HUMAN:sp|Q9NZP0|OR6C3_HUMAN:sp|Q86UU5|GGN_HUMAN:sp|Q6DHV7|ADAL_HUMAN:sp|Q9Y618|NCOR2_HUMAN:sp|Q15154|PCM1_HUMAN:sp|Q9BQT9|CSTN3_HUMAN:sp|A7E2V4|ZSWM8_HUMAN:sp|Q14CZ7|FAKD3_HUMAN:sp|Q6AI39|BICRL_HUMAN:sp|Q96PR1|KCNC2_HUMAN:sp|Q9H040|SPRTN_HUMAN:sp|Q13131|AAPK1_HUMAN:sp|Q86XN8|MEX3D_HUMAN:sp|Q9BZJ6|GPR63_HUMAN:sp|Q9Y4C4|MFHA1_HUMAN:sp|O15054|KDM6B_HUMAN:sp|P10589|COT1_HUMAN:sp|A1L020|MEX3A_HUMAN:sp|O75116|ROCK2_HUMAN:sp|P53708|ITA8_HUMAN:sp|B1ATL7|PRR32_HUMAN:sp|O75129|ASTN2_HUMAN:sp|O95622|ADCY5_HUMAN:sp|Q8TEK3|DOT1L_HUMAN:sp|Q9UFH2|DYH17_HUMAN:sp|P0C7P1|RBY1D_HUMAN:sp|O75925|PIAS1_HUMAN:sp|P53701|CCHL_HUMAN:sp|Q15477|SKI2_HUMAN:sp|Q96KQ7|EHMT2_HUMAN:sp|O95235|KI20A_HUMAN:sp|Q8WZ42|TITIN_HUMAN:sp|Q8N9H8|MUT7_HUMAN:sp|Q9NR99|MXRA5_HUMAN:sp|Q8WUM4|PDC6I_HUMAN:sp|Q9P206|K1522_HUMAN:sp|Q96GM1|PLPR2_HUMAN:tr|A0A2R8Y4L6|A0A2R8Y4L6_HUMAN:sp|O95999|BCL10_HUMAN:sp|Q9UEW8|STK39_HUMAN:sp|Q86US8|EST1A_HUMAN:sp|Q9P244|LRFN1_HUMAN:sp|Q96BU1|S1PBP_HUMAN:sp|Q86W56|PARG_HUMAN:sp|P05412|JUN_HUMAN:sp|Q9H0H5|RGAP1_HUMAN:sp|A6NEQ0|RBY1E_HUMAN:sp|Q9NVR0|KLH11_HUMAN:sp|Q9UHC1|MLH3_HUMAN:sp|P98196|AT11A_HUMAN:sp|P50851|LRBA_HUMAN:sp|P42356|PI4KA_HUMAN:sp|Q9Y253|POLH_HUMAN:sp|P35658|NU214_HUMAN:sp|P46782|RS5_HUMAN:sp|Q6ZT62|BGIN_HUMAN:sp|P01042|KNG1_HUMAN:sp|O00268|TAF4_HUMAN:sp|Q8NFZ3|NLGNY_HUMAN:sp|P78367|NKX32_HUMAN:sp|P08697|A2AP_HUMAN:sp|O95407|TNF6B_HUMAN:sp|P55197|AF10_HUMAN:sp|P08648|ITA5_HUMAN:sp|Q8IVS8|GLCTK_HUMAN:sp|O15169|AXIN1_HUMAN:sp|Q9ULE4|F184B_HUMAN:sp|Q9BYN0|SRXN1_HUMAN:sp|P52746|ZN142_HUMAN:sp|Q99567|NUP88_HUMAN:sp|P48047|ATPO_HUMAN:sp|O96013|PAK4_HUMAN:sp|A4D2B8|PM2P1_HUMAN:sp|Q8NHW5|RLA0L_HUMAN,DeepNovo
F(+42.01)LGGRKALVEAAR,54.36,1428.8201,13,46.2,13,-1.6,477.27988,3,24.6522,-5.7478,0.09,9120,HFX193_IPP292_GEL_CRC_324_Even.raw,2.1E6,1.7E7,4,4,2,2,"Acetylation (N-term)",,0 0 0 0 2 6 6 13 7 2 0 0 0,F(+42.01)LGGRKALVEAAR,sp|P58107|EPIPL_HUMAN:sp|Q70Z35|PREX2_HUMAN:sp|Q96A05|VATE2_HUMAN:sp|Q6ZVC0|NYAP1_HUMAN:sp|Q9NVK5|FGOP2_HUMAN:sp|P35222|CTNB1_HUMAN:sp|A6NM10|AQ12B_HUMAN:sp|Q8NF37|PCAT1_HUMAN:sp|Q7Z6I6|RHG30_HUMAN:sp|Q6ZRS2|SRCAP_HUMAN:sp|O43716|GATC_HUMAN:sp|O96001|PPR17_HUMAN:sp|Q96C03|MID49_HUMAN:sp|Q9P2K6|KLH42_HUMAN:sp|Q7Z7H5|TMED4_HUMAN:sp|P09848|LPH_HUMAN:sp|P49748|ACADV_HUMAN:sp|Q9H254|SPTN4_HUMAN:sp|P54922|ADPRH_HUMAN:sp|O75208|COQ9_HUMAN:sp|O75382|TRIM3_HUMAN:sp|Q400G9|AMZ1_HUMAN:sp|P06744|G6PI_HUMAN:sp|Q8IYD2|KLD8A_HUMAN:sp|Q8WU76|SCFD2_HUMAN:sp|Q8N3P4|VPS8_HUMAN:sp|Q9BQG0|MBB1A_HUMAN:sp|Q93073|SBP2L_HUMAN:sp|Q9NYC9|DYH9_HUMAN:sp|P63133|POK8_HUMAN:sp|Q9NRD9|DUOX1_HUMAN:sp|Q8NDG6|TDRD9_HUMAN:sp|Q14CX5|MF13A_HUMAN:sp|P98175|RBM10_HUMAN:sp|O75146|HIP1R_HUMAN:sp|Q8IZ40|RCOR2_HUMAN:sp|P82987|ATL3_HUMAN:sp|Q9UBR1|BUP1_HUMAN:sp|Q96AC6|KIFC2_HUMAN:sp|Q9C099|LRCC1_HUMAN:sp|Q9P273|TEN3_HUMAN:sp|P31483|TIA1_HUMAN:tr|A0A2R8YFR7|A0A2R8YFR7_HUMAN:sp|Q12774|ARHG5_HUMAN:sp|P14866|HNRPL_HUMAN:sp|P47755|CAZA2_HUMAN:sp|Q8WVV9|HNRLL_HUMAN:sp|Q8NHS2|AATC2_HUMAN:sp|Q96RT7|GCP6_HUMAN:sp|P04798|CP1A1_HUMAN:sp|P23526|SAHH_HUMAN:sp|Q70J99|UN13D_HUMAN:sp|Q2WGJ6|KLH38_HUMAN:sp|Q5H8C1|FREM1_HUMAN:sp|Q6DKJ4|NXN_HUMAN:sp|P11532|DMD_HUMAN:sp|Q9H6E5|STPAP_HUMAN:sp|P62910|RL32_HUMAN:sp|Q14517|FAT1_HUMAN:sp|Q96MI9|CBPC4_HUMAN:sp|O15229|KMO_HUMAN:sp|A6NHL2|TBAL3_HUMAN:sp|P24821|TENA_HUMAN:sp|P62854|RS26_HUMAN:sp|O75344|FKBP6_HUMAN:sp|A0PK11|CLRN2_HUMAN:sp|P30281|CCND3_HUMAN:sp|Q8N4B1|SESQ1_HUMAN:sp|O94952|FBX21_HUMAN:sp|Q9UPU3|SORC3_HUMAN:sp|Q9C0H2|TTYH3_HUMAN:sp|Q9NUR3|TM74B_HUMAN:sp|O60391|NMD3B_HUMAN:sp|Q5VU43|MYOME_HUMAN:sp|Q7Z5J8|ANKAR_HUMAN:sp|P12956|XRCC6_HUMAN:sp|Q9GZQ6|NPFF1_HUMAN:sp|A6NCS6|CB072_HUMAN:sp|A6NC98|CC88B_HUMAN:sp|Q13112|CAF1B_HUMAN:sp|Q13042|CDC16_HUMAN:sp|P01031|CO5_HUMAN:sp|P33527|MRP1_HUMAN:sp|Q3T8J9|GON4L_HUMAN:sp|P56704|WNT3A_HUMAN:sp|Q5JNZ5|RS26L_HUMAN:sp|Q9UIA9|XPO7_HUMAN:sp|Q8NEE6|DRC6_HUMAN:sp|Q8IYX4|DND1_HUMAN:sp|Q9NYQ8|FAT2_HUMAN:sp|Q6AZZ1|TRI68_HUMAN:sp|Q9BX68|HINT2_HUMAN:sp|Q96A33|CCD47_HUMAN:sp|Q4ZHG4|FNDC1_HUMAN:sp|Q9NYQ6|CELR1_HUMAN:sp|P46060|RAGP1_HUMAN:sp|P22105|TENX_HUMAN:sp|Q96P53|WDFY2_HUMAN:sp|O96028|NSD2_HUMAN:sp|Q8TCU6|PREX1_HUMAN:sp|Q4ADV7|RIC1_HUMAN:sp|Q8IXV7|KLD8B_HUMAN:sp|Q6ZT62|BGIN_HUMAN:sp|P37287|PIGA_HUMAN:sp|Q99590|SCAFB_HUMAN:sp|P29475|NOS1_HUMAN:sp|A8MU46|SMTL1_HUMAN:sp|Q9UHL9|GT2D1_HUMAN:sp|Q9H6A9|PCX3_HUMAN:sp|Q86WT1|TT30A_HUMAN:sp|P20160|CAP7_HUMAN:sp|O95754|SEM4F_HUMAN:sp|Q8IZS8|CA2D3_HUMAN:sp|P49773|HINT1_HUMAN:sp|Q5TH69|BIG3_HUMAN:sp|Q9NRH2|SNRK_HUMAN:sp|P31629|ZEP2_HUMAN:sp|Q01085|TIAR_HUMAN:sp|P43007|SATT_HUMAN:sp|Q9NZJ5|E2AK3_HUMAN,DeepNovo
F(+42.01)PRTKSFHF,34.69,1207.6138,9,22.2,9,0.3,403.54535,3,45.8484,-5.4516,0.17,17785,HFX193_IPP292_GEL_CRC_324_Even.raw,1.43E5,1.13E6,1,1,1,1,"Acetylation (N-term)",,0 0 0 1 1 1 1 2 2,F(+42.01)PRTKSFHF,sp|Q9H706|GARE1_HUMAN:sp|Q9Y2C9|TLR6_HUMAN:sp|Q96K75|ZN514_HUMAN:sp|Q9GZQ4|NMUR2_HUMAN:sp|Q9C0B5|ZDHC5_HUMAN:sp|Q8IXT1|DDIAS_HUMAN:sp|P0C869|PA24B_HUMAN:sp|Q9NQQ7|S35C2_HUMAN:sp|Q9NUA8|ZBT40_HUMAN,DeepNovo
F(+42.01)RGKDGPHLLW,52.01,1366.7146,11,54.5,11,-0.9,684.36395,2,64.5042,-2.3958,0.56,25158,HFX193_IPP292_GEL_CRC_324_Even.raw,3.17E5,1.98E6,1,1,1,1,"Acetylation (N-term)",,1 1 0 2 2 0 0 27 61 10 5,F(+42.01)RGKDGPHLLW,sp|A6NFC9|OR2W5_HUMAN:sp|P42356|PI4KA_HUMAN:sp|Q58WW2|DCAF6_HUMAN:sp|Q9Y334|VWA7_HUMAN,DeepNovo
F(+42.01)SKRKPGGFGLGAGDLGAPK,99.37,2001.0795,20,45.0,20,1.2,668.03461,3,38.0857,-3.1144,0.50,14602,HFX193_IPP292_GEL_CRC_324_Even.raw,7.18E6,5.05E7,3,3,2,2,"Acetylation (N-term)",,0 0 2 1 0 0 0 0 6 11 13 6 1 0 4 12 0 0 3 3,F(+42.01)SKRKPGGFGLGAGDLGAPK,sp|Q6ZPD9|D19L3_HUMAN:sp|O14924|RGS12_HUMAN:sp|Q2M385|MPEG1_HUMAN:sp|Q2NL67|PARP6_HUMAN:sp|Q9NYQ7|CELR3_HUMAN:sp|Q9NRF8|PYRG2_HUMAN:sp|P37198|NUP62_HUMAN:sp|O43772|MCAT_HUMAN:sp|P42768|WASP_HUMAN:sp|O75128|COBL_HUMAN:sp|Q9NR83|S2A4R_HUMAN:sp|P13612|ITA4_HUMAN:sp|P02538|K2C6A_HUMAN:sp|Q0VDD8|DYH14_HUMAN:sp|Q9NSN8|SNTG1_HUMAN:sp|Q9UPA5|BSN_HUMAN:sp|Q96AG3|S2546_HUMAN:sp|Q496J9|SV2C_HUMAN:sp|Q9BUP0|EFHD1_HUMAN:sp|P35498|SCN1A_HUMAN:sp|Q99250|SCN2A_HUMAN:sp|P16144|ITB4_HUMAN:sp|P21673|SAT1_HUMAN:sp|Q14781|CBX2_HUMAN:sp|Q99973|TEP1_HUMAN:sp|A6NE01|F186A_HUMAN:sp|Q9NQI0|DDX4_HUMAN:sp|O94986|CE152_HUMAN:sp|Q9NRM0|GTR9_HUMAN:sp|O95718|ERR2_HUMAN:sp|Q7Z7K6|CENPV_HUMAN:sp|P13647|K2C5_HUMAN:sp|Q8N4V2|SVOP_HUMAN:sp|Q9P2P6|STAR9_HUMAN:sp|P12111|CO6A3_HUMAN:sp|P54886|P5CS_HUMAN:sp|O94761|RECQ4_HUMAN:sp|Q7Z5J1|DHI1L_HUMAN:sp|P55809|SCOT1_HUMAN:sp|P17676|CEBPB_HUMAN:sp|P13942|COBA2_HUMAN:sp|O15230|LAMA5_HUMAN:sp|Q5T601|AGRF1_HUMAN:sp|Q13797|ITA9_HUMAN:sp|Q96CX2|KCD12_HUMAN:sp|Q8N0W7|FMR1N_HUMAN:sp|P09172|DOPO_HUMAN:sp|Q99435|NELL2_HUMAN:sp|Q2M1V0|ISX_HUMAN:sp|O60294|TYW4_HUMAN:sp|Q9NV29|TM100_HUMAN:sp|Q10570|CPSF1_HUMAN:sp|Q9H609|ZN576_HUMAN:sp|Q05586|NMDZ1_HUMAN:sp|Q16853|AOC3_HUMAN:sp|P23229|ITA6_HUMAN:sp|Q96JE9|MAP6_HUMAN:sp|P48668|K2C6C_HUMAN:sp|Q96GF1|RN185_HUMAN:sp|Q9Y6K1|DNM3A_HUMAN:sp|A0PJW6|TM223_HUMAN:sp|P04259|K2C6B_HUMAN:sp|O95222|OR6A2_HUMAN:sp|P31276|HXC13_HUMAN:sp|Q5FYB1|ARSI_HUMAN:sp|P56715|RP1_HUMAN:sp|Q6UWB1|I27RA_HUMAN:sp|A6NES4|MRO2A_HUMAN:sp|P36402|TCF7_HUMAN:sp|Q8IY63|AMOL1_HUMAN:sp|Q5JT25|RAB41_HUMAN:sp|Q8TCX5|RHPN1_HUMAN:sp|P49327|FAS_HUMAN:sp|Q2KHT3|CL16A_HUMAN:sp|Q96IR7|HPDL_HUMAN:sp|Q8N2S1|LTBP4_HUMAN:sp|P17181|INAR1_HUMAN:sp|P02458|CO2A1_HUMAN:sp|Q9GZV3|SC5A7_HUMAN:sp|Q86Y07|VRK2_HUMAN:sp|Q92540|SMG7_HUMAN:sp|Q96C19|EFHD2_HUMAN:sp|O00522|KRIT1_HUMAN:sp|Q7L1S5|CHST9_HUMAN:sp|Q9Y577|TRI17_HUMAN:sp|Q56VL3|OCAD2_HUMAN:sp|O95125|ZN202_HUMAN:sp|Q5TGZ0|MIC10_HUMAN:sp|Q96NR3|PTHD1_HUMAN:sp|Q8IUH8|SPP2C_HUMAN:sp|Q9BYC2|SCOT2_HUMAN:sp|P02452|CO1A1_HUMAN:sp|P21953|ODBB_HUMAN:sp|O95754|SEM4F_HUMAN:sp|Q9NX74|DUS2L_HUMAN:sp|Q9Y5U4|INSI2_HUMAN:sp|Q9P2G3|KLH14_HUMAN:sp|O15554|KCNN4_HUMAN:sp|Q9BWW7|SCRT1_HUMAN:sp|Q96N76|HUTU_HUMAN:sp|Q9NZJ5|E2AK3_HUMAN,DeepNovo
F(+42.01)VLTSKYR,23.04,1054.5812,8,75.0,8,2.2,528.29901,2,32.4083,-8.5917,0.70,12320,HFX193_IPP292_GEL_CRC_324_Odd.raw,,,1,1,0,0,"Acetylation (N-term)",,5 12 29 9 1 1 2 4,F(+42.01)VLTSKYR,sp|Q9BVQ7|SPA5L_HUMAN:sp|O43897|TLL1_HUMAN:sp|Q8IXU6|S35F2_HUMAN:sp|P69905|HBA_HUMAN:sp|Q6ZMW3|EMAL6_HUMAN:sp|P98194|AT2C1_HUMAN:sp|Q2NL67|PARP6_HUMAN:sp|Q13576|IQGA2_HUMAN:sp|Q96DT7|ZBT10_HUMAN:sp|P12955|PEPD_HUMAN:sp|Q5SRE5|NU188_HUMAN:sp|Q92502|STAR8_HUMAN:sp|O14841|OPLA_HUMAN:sp|Q5T011|SZT2_HUMAN:sp|O75616|ERAL1_HUMAN:sp|Q8WW22|DNJA4_HUMAN:sp|P48067|SC6A9_HUMAN:sp|P38398|BRCA1_HUMAN:sp|Q8N1N0|CLC4F_HUMAN:sp|Q5VU65|P210L_HUMAN:sp|P19174|PLCG1_HUMAN:sp|P49590|SYHM_HUMAN:sp|P32418|NAC1_HUMAN:sp|Q9BQ61|TRIR_HUMAN:sp|Q6P0Q8|MAST2_HUMAN:sp|Q8NGY7|O10J6_HUMAN:sp|Q6Q759|SPG17_HUMAN:sp|Q9NZH0|GPC5B_HUMAN:sp|Q9HD20|AT131_HUMAN:sp|Q9UBP0|SPAST_HUMAN:sp|Q969F9|HPS3_HUMAN:sp|O75449|KTNA1_HUMAN:sp|Q86XI2|CNDG2_HUMAN:sp|Q9Y6L7|TLL2_HUMAN:sp|P16519|NEC2_HUMAN:sp|Q9HC77|CENPJ_HUMAN:sp|Q9BTY2|FUCO2_HUMAN:sp|O15068|MCF2L_HUMAN:sp|Q12907|LMAN2_HUMAN:sp|Q9UPR5|NAC2_HUMAN:sp|P54851|EMP2_HUMAN:sp|P42345|MTOR_HUMAN:sp|Q9P2H3|IFT80_HUMAN:sp|P50851|LRBA_HUMAN:sp|Q5M9N0|CD158_HUMAN:sp|Q9P2E9|RRBP1_HUMAN:sp|Q96TC7|RMD3_HUMAN:sp|Q8IZ52|CHSS2_HUMAN:sp|Q6T4R5|NHS_HUMAN:sp|Q04446|GLGB_HUMAN:sp|O00443|P3C2A_HUMAN:sp|Q9UKN7|MYO15_HUMAN:sp|P57103|NAC3_HUMAN:sp|Q9HCM1|RESF1_HUMAN:sp|Q6ZMT4|KDM7A_HUMAN:sp|O14786|NRP1_HUMAN:sp|Q13144|EI2BE_HUMAN:sp|O75197|LRP5_HUMAN:sp|Q6R2W3|SCND3_HUMAN:sp|Q6PIS1|S23A3_HUMAN:sp|Q8TET4|GANC_HUMAN:sp|Q13439|GOGA4_HUMAN:sp|Q96L50|LLR1_HUMAN:sp|Q9BSH5|HDHD3_HUMAN:sp|O75937|DNJC8_HUMAN:sp|Q96JI7|SPTCS_HUMAN:sp|Q9BW62|KATL1_HUMAN:sp|Q5T1Q4|S35F1_HUMAN:sp|Q9Y2G1|MYRF_HUMAN:sp|Q01432|AMPD3_HUMAN:sp|Q9NZP6|NPAP1_HUMAN:sp|P52739|ZN131_HUMAN:sp|O43448|KCAB3_HUMAN:sp|A6NHJ4|ZN860_HUMAN:sp|Q5VWC8|HACD4_HUMAN:sp|Q14814|MEF2D_HUMAN:sp|Q7Z745|MRO2B_HUMAN:sp|P13497|BMP1_HUMAN:sp|P11274|BCR_HUMAN:sp|Q969H0|FBXW7_HUMAN:sp|Q9H2C2|ARV1_HUMAN:sp|Q15149|PLEC_HUMAN,DeepNovo
G(+42.01)AAPGAGRLKEY,48.83,1230.6356,12,50.0,12,1.3,616.32593,2,44.1138,1.3138,0.08,17037,HFX193_IPP292_GEL_CRC_324_Odd.raw,3.72E5,3.22E6,2,2,1,1,"Acetylation (N-term)",,0 0 0 0 0 6 6 0 14 17 35 5,G(+42.01)AAPGAGRLKEY,sp|O75478|TAD2A_HUMAN:sp|Q9ULS5|TMCC3_HUMAN:sp|Q8N6I1|EID2_HUMAN:sp|Q96GR2|ACBG1_HUMAN:sp|O15439|MRP4_HUMAN:sp|P42858|HD_HUMAN:sp|B2RXF5|ZBT42_HUMAN:sp|Q9C0D2|CE295_HUMAN:sp|Q9NT68|TEN2_HUMAN:sp|Q8NHS3|MFSD8_HUMAN:sp|O95347|SMC2_HUMAN:sp|A7E2F4|GOG8A_HUMAN:sp|P26373|RL13_HUMAN:sp|Q9H254|SPTN4_HUMAN:sp|Q6N069|NAA16_HUMAN:sp|P00966|ASSY_HUMAN:sp|Q3SYG4|PTHB1_HUMAN:sp|P57105|SYJ2B_HUMAN:sp|Q5VYP0|S31A3_HUMAN:sp|A6NDK9|GOG6C_HUMAN:sp|O60841|IF2P_HUMAN:sp|Q9UNP9|PPIE_HUMAN:sp|Q9BZB8|CPEB1_HUMAN:sp|P0CG33|GOG6D_HUMAN:sp|Q8NAC3|I17RC_HUMAN:sp|Q96BW9|TAM41_HUMAN:sp|Q6KB66|K2C80_HUMAN:sp|O00160|MYO1F_HUMAN:sp|Q99758|ABCA3_HUMAN:sp|Q86XD8|ZFAN4_HUMAN:sp|Q63HQ0|AP1AR_HUMAN:sp|P26358|DNMT1_HUMAN:sp|O94885|SASH1_HUMAN:sp|Q5VVP1|S31A6_HUMAN:sp|Q96AC6|KIFC2_HUMAN:sp|Q9P273|TEN3_HUMAN:sp|Q99797|MIPEP_HUMAN:sp|O75970|MPDZ_HUMAN:sp|P57059|SIK1_HUMAN:sp|A8MQT2|GOG8B_HUMAN:sp|Q9NYA3|GOG6A_HUMAN:sp|Q96RI1|NR1H4_HUMAN:sp|Q9NZQ8|TRPM5_HUMAN:sp|O95674|CDS2_HUMAN:sp|O43818|U3IP2_HUMAN:sp|Q8IYR2|SMYD4_HUMAN:sp|Q8WUI4|HDAC7_HUMAN:sp|Q9NRW7|VPS45_HUMAN:sp|Q9P2Q2|FRM4A_HUMAN:sp|Q9UKV0|HDAC9_HUMAN:sp|Q9NPG3|UBN1_HUMAN:sp|P0DKV0|S31C1_HUMAN:sp|Q9H6E5|STPAP_HUMAN:sp|Q04637|IF4G1_HUMAN:sp|Q9BWV3|CDAC1_HUMAN:sp|O95073|FSBP_HUMAN:sp|P14651|HXB3_HUMAN:sp|Q99500|S1PR3_HUMAN:sp|Q9ULL5|PRR12_HUMAN:sp|Q6ZSI9|CAN12_HUMAN:sp|Q5H9R4|ARMX4_HUMAN:sp|Q9HBX8|LGR6_HUMAN:sp|O00232|PSD12_HUMAN:sp|Q5VU36|S31A5_HUMAN:sp|Q7Z3E5|ARMC9_HUMAN:sp|Q5TZJ5|S31A1_HUMAN:sp|O43365|HXA3_HUMAN:sp|O94906|PRP6_HUMAN:sp|Q6VEQ5|WASH2_HUMAN:sp|P62333|PRS10_HUMAN:sp|A8K0Z3|WASH1_HUMAN:sp|Q9NRC6|SPTN5_HUMAN:sp|O75445|USH2A_HUMAN:sp|Q8WY36|BBX_HUMAN:sp|P61221|ABCE1_HUMAN:sp|Q9NQA3|WASH6_HUMAN:sp|Q6P996|PDXD1_HUMAN:sp|A8MWX3|WASH4_HUMAN:sp|Q4VX76|SYTL3_HUMAN:sp|Q969F9|HPS3_HUMAN:sp|P33527|MRP1_HUMAN:sp|P13533|MYH6_HUMAN:sp|A6NDN3|GOG6B_HUMAN:sp|Q14258|TRI25_HUMAN:sp|Q15075|EEA1_HUMAN:sp|Q14005|IL16_HUMAN:sp|C4AMC7|WASH3_HUMAN:sp|A0A0B4J2F2|SIK1B_HUMAN:sp|P56524|HDAC4_HUMAN:sp|Q9Y3D6|FIS1_HUMAN:sp|Q9UQL6|HDAC5_HUMAN:sp|P10767|FGF6_HUMAN:sp|Q9UG01|IF172_HUMAN:sp|P42345|MTOR_HUMAN:sp|Q9BQ75|CMS1_HUMAN:sp|P40926|MDHM_HUMAN:sp|O75312|ZPR1_HUMAN:sp|Q8N1P7|CRBG2_HUMAN:sp|O00443|P3C2A_HUMAN:sp|Q8IZF3|AGRF4_HUMAN:sp|Q8IWB4|S31A7_HUMAN:sp|O43293|DAPK3_HUMAN:sp|O15018|PDZD2_HUMAN:sp|Q12802|AKP13_HUMAN:sp|O60307|MAST3_HUMAN:sp|Q8IZ73|RUSD2_HUMAN:sp|Q32M88|PGGHG_HUMAN:sp|Q2LD37|BLTP1_HUMAN:sp|B4DYI2|S31C2_HUMAN:sp|Q8N4S9|MALD2_HUMAN:sp|Q5T5U3|RHG21_HUMAN:sp|O15553|MEFV_HUMAN:sp|P11277|SPTB1_HUMAN:sp|Q6ZWH5|NEK10_HUMAN:sp|Q8NCM8|DYHC2_HUMAN:sp|Q7Z4V0|ZN438_HUMAN:sp|Q6P474|PDXD2_HUMAN:sp|P28356|HXD9_HUMAN:sp|Q86XX4|FRAS1_HUMAN:sp|Q15012|LAP4A_HUMAN,DeepNovo
G(+42.01)APM(+15.99)GTLKTKSLR,55.72,1416.7759,13,46.2,13,-4.3,473.26389,3,25.4600,6.8600,0.14,9426,HFX193_IPP292_GEL_CRC_324_Odd.raw,1.6E5,1.27E6,1,1,1,1,"Acetylation (N-term);Oxidation (M)",,0 0 0 0 0 6 6 41 7 3 1 1 3,G(+42.01)APM(+15.99)GTLKTKSLR,sp|Q92681|RSCA1_HUMAN:sp|P23467|PTPRB_HUMAN:sp|Q96J92|WNK4_HUMAN:sp|P35968|VGFR2_HUMAN:sp|Q6DN14|MCTP1_HUMAN:sp|Q96Q06|PLIN4_HUMAN:sp|Q12772|SRBP2_HUMAN:sp|Q92520|FAM3C_HUMAN:sp|Q9ULL0|K1210_HUMAN:sp|Q99469|STAC_HUMAN:sp|A6NFH5|FBP12_HUMAN:sp|O60518|RNBP6_HUMAN:sp|Q9NRL2|BAZ1A_HUMAN:sp|Q9HC62|SENP2_HUMAN:sp|Q86WS4|CL040_HUMAN:sp|Q9H765|ASB8_HUMAN:sp|O75665|OFD1_HUMAN:sp|Q9UBT7|CTNL1_HUMAN:sp|Q6ISB3|GRHL2_HUMAN:sp|Q8WWN9|ICEF1_HUMAN:sp|Q96L91|EP400_HUMAN:sp|P63133|POK8_HUMAN:sp|Q9NZR2|LRP1B_HUMAN:sp|Q9BUB7|TMM70_HUMAN:TVP23A_DEL_A-p.F140Lfs*7_::chr16:10772846-10773846_frame=3:sp|P15924|DESP_HUMAN:sp|O00533|NCHL1_HUMAN:sp|Q96NW7|LRRC7_HUMAN:sp|Q9BRV3|SWET1_HUMAN:sp|O43734|CIKS_HUMAN:sp|O76074|PDE5A_HUMAN:sp|Q6PEY2|TBA3E_HUMAN:sp|Q9UBS9|SUCO_HUMAN:sp|Q969J2|ZKSC4_HUMAN:sp|Q8N4C6|NIN_HUMAN:ZNF518A_DEL_A-p.T929Lfs*2_::chr10:96158599-96159599_frame=1:sp|O75165|DJC13_HUMAN:sp|Q96JI7|SPTCS_HUMAN:sp|Q9NQW6|ANLN_HUMAN:sp|Q9BVG3|TRI62_HUMAN:sp|Q8NEE8|TTC16_HUMAN:sp|Q9Y5H9|PCDA2_HUMAN:sp|Q92990|GLMN_HUMAN:sp|P0DPH8|TBA3D_HUMAN:sp|P35609|ACTN2_HUMAN:sp|Q14517|FAT1_HUMAN:sp|Q8N7H5|PAF1_HUMAN:sp|O75116|ROCK2_HUMAN:sp|Q9BQE3|TBA1C_HUMAN:sp|P24821|TENA_HUMAN:sp|Q9NYK6|EURL_HUMAN:sp|Q5VT25|MRCKA_HUMAN:sp|Q9C091|GRB1L_HUMAN:sp|Q9Y277|VDAC3_HUMAN:sp|Q8NGL6|O4A15_HUMAN:sp|Q7RTS9|DYM_HUMAN:sp|Q9UFH2|DYH17_HUMAN:sp|Q9BYP7|WNK3_HUMAN:sp|Q7Z333|SETX_HUMAN:sp|P01266|THYG_HUMAN:sp|Q03167|TGBR3_HUMAN:sp|A5PLN7|F149A_HUMAN:sp|O75387|LAT3_HUMAN:sp|Q6V1P9|PCD23_HUMAN:sp|P21796|VDAC1_HUMAN:sp|Q9C0C6|CIPC_HUMAN:sp|Q9H1M4|DB127_HUMAN:sp|Q71U36|TBA1A_HUMAN:sp|O95714|HERC2_HUMAN:sp|Q8N3X6|LCORL_HUMAN:sp|Q6AHZ1|Z518A_HUMAN:sp|Q9UKB5|AJAP1_HUMAN:sp|Q8IXH7|NELFD_HUMAN:sp|Q13523|PRP4B_HUMAN:sp|Q96PE3|INP4A_HUMAN:sp|Q96MM6|HS12B_HUMAN:sp|Q9BXR3|POK6_HUMAN:sp|Q8NH92|OR1S1_HUMAN:sp|O60412|OR7C2_HUMAN:sp|Q15198|PGFRL_HUMAN:sp|P00751|CFAB_HUMAN:sp|Q8TF72|SHRM3_HUMAN:sp|Q6ZQQ2|S31D1_HUMAN:sp|Q2NKX8|ERC6L_HUMAN:sp|Q8N136|DAW1_HUMAN:sp|Q8IY49|PAQRA_HUMAN:sp|Q8WVP7|LMBR1_HUMAN:sp|Q8TBJ4|PLPR1_HUMAN:sp|Q92619|HMHA1_HUMAN:sp|P38606|VATA_HUMAN:sp|Q5VU57|CBPC6_HUMAN:sp|P09327|VILI_HUMAN:sp|Q9C030|TRIM6_HUMAN:sp|Q9NT22|EMIL3_HUMAN:sp|Q12860|CNTN1_HUMAN:sp|Q9Y222|DMTF1_HUMAN:sp|Q9H3H5|GPT_HUMAN:sp|Q9BX59|TPSNR_HUMAN:sp|Q96JB2|COG3_HUMAN:sp|Q9NQW8|CNGB3_HUMAN:sp|B2RXH2|KDM4E_HUMAN:sp|P53804|TTC3_HUMAN:sp|Q8TC12|RDH11_HUMAN:sp|Q9BX97|PLVAP_HUMAN:sp|Q9UIX4|KCNG1_HUMAN:sp|O75330|HMMR_HUMAN:sp|O14862|AIM2_HUMAN:sp|C9JE40|PATL2_HUMAN:sp|Q9UK59|DBR1_HUMAN:sp|O95197|RTN3_HUMAN:sp|Q9Y6V0|PCLO_HUMAN:sp|Q17RW2|COOA1_HUMAN:sp|Q86UU0|BCL9L_HUMAN:sp|Q96PZ7|CSMD1_HUMAN:sp|Q96HE9|PRR11_HUMAN:sp|Q9NR30|DDX21_HUMAN:sp|Q13464|ROCK1_HUMAN:sp|Q9ULU4|ZMYD8_HUMAN:sp|G9CGD6|CNIPF_HUMAN:sp|P12814|ACTN1_HUMAN,DeepNovo
G(+42.01)C(+119.00)PGHLGTALK,37.06,1213.5583,11,63.6,11,-1.5,405.52612,3,29.6850,-7.1150,0.26,11201,HFX193_IPP292_GEL_CRC_324_Odd.raw,1.59E5,1.67E6,1,1,1,1,"Acetylation (N-term);Cysteinylation",,0 0 0 0 38 28 2 2 3 10 5,G(+42.01)C(+119.00)PGHLGTALK,sp|P29728|OAS2_HUMAN:sp|Q8N9I5|FADS6_HUMAN:sp|Q6ZS86|GLPK5_HUMAN:sp|O43781|DYRK3_HUMAN:sp|Q8TE56|ATS17_HUMAN:sp|Q13790|APOF_HUMAN:sp|P04066|FUCO_HUMAN:sp|Q7Z7N9|T179B_HUMAN:sp|P62266|RS23_HUMAN:sp|H7C241|CLD34_HUMAN:sp|P06756|ITAV_HUMAN:sp|Q7Z410|TMPS9_HUMAN:sp|P22059|OSBP1_HUMAN:sp|Q5SRE5|NU188_HUMAN:sp|Q460N5|PAR14_HUMAN:sp|P54278|PMS2_HUMAN:sp|Q9Y258|CCL26_HUMAN:sp|Q8IVB4|SL9A9_HUMAN:sp|Q8N9H8|MUT7_HUMAN:sp|O14734|ACOT8_HUMAN:sp|Q7Z5K2|WAPL_HUMAN:sp|P0CW24|PNM6A_HUMAN:sp|Q9UM44|HHLA2_HUMAN:sp|Q16644|MAPK3_HUMAN:sp|Q504Y0|S39AC_HUMAN:sp|Q9UMZ3|PTPRQ_HUMAN:sp|Q8NCK7|MOT11_HUMAN:sp|O14686|KMT2D_HUMAN:sp|P49279|NRAM1_HUMAN:sp|Q99623|PHB2_HUMAN:sp|Q86V35|CABP7_HUMAN:sp|Q8NA29|NLS1_HUMAN:sp|Q09019|DMWD_HUMAN:sp|Q8N398|VW5B2_HUMAN:sp|Q9NQG6|MID51_HUMAN:sp|Q96HE7|ERO1A_HUMAN:sp|O94812|BAIP3_HUMAN:sp|P27824|CALX_HUMAN:sp|P22102|PUR2_HUMAN:sp|Q92581|SL9A6_HUMAN:sp|Q86WI1|PKHL1_HUMAN:sp|Q9UP83|COG5_HUMAN:sp|Q8IXW5|RPAP2_HUMAN:sp|Q93008|USP9X_HUMAN:sp|O60337|MARH6_HUMAN:sp|Q9Y6K5|OAS3_HUMAN:sp|Q5JSZ5|PRC2B_HUMAN:sp|P00395|COX1_HUMAN:sp|Q9Y613|FHOD1_HUMAN:sp|Q14204|DYHC1_HUMAN:sp|Q7Z403|TMC6_HUMAN:sp|P60604|UB2G2_HUMAN:sp|Q9P296|C5AR2_HUMAN:sp|Q9NZJ4|SACS_HUMAN:sp|Q9Y2U2|KCNK7_HUMAN:sp|A6NI61|MYMK_HUMAN:sp|Q8NF91|SYNE1_HUMAN:sp|P50281|MMP14_HUMAN:sp|Q8IZ52|CHSS2_HUMAN:sp|P18146|EGR1_HUMAN:sp|Q6UX15|LAYN_HUMAN:sp|Q9H2V7|SPNS1_HUMAN:sp|Q7Z7L8|CK096_HUMAN:sp|Q96JW4|S41A2_HUMAN:sp|P09016|HXD4_HUMAN:sp|Q8N357|S35F6_HUMAN:sp|Q99527|GPER1_HUMAN:sp|A8K2U0|A2ML1_HUMAN:sp|Q9NRG7|D39U1_HUMAN:sp|Q9Y490|TLN1_HUMAN:sp|Q9H4Z2|ZN335_HUMAN:sp|Q2LD37|BLTP1_HUMAN:sp|Q6ZRI0|OTOG_HUMAN:sp|Q8TDY2|RBCC1_HUMAN:sp|Q04656|ATP7A_HUMAN:sp|Q96GC9|VMP1_HUMAN:sp|Q99504|EYA3_HUMAN:sp|Q15049|MLC1_HUMAN:sp|Q9UHD9|UBQL2_HUMAN:sp|A6NIM6|S15A5_HUMAN:sp|O60701|UGDH_HUMAN:sp|P55286|CADH8_HUMAN:sp|Q9Y694|S22A7_HUMAN:sp|Q86YB8|ERO1B_HUMAN:sp|Q14008|CKAP5_HUMAN:sp|Q9BZ29|DOCK9_HUMAN,DeepNovo
G(+42.01)DDEKLEVK,12.72,1073.5240,9,77.8,9,4.4,537.77167,2,37.7896,11.4896,0.23,14503,HFX193_IPP292_GEL_CRC_324_Odd.raw,4.17E5,3.81E6,1,1,1,1,"Acetylation (N-term)",,0 0 8 4 4 2 2 4 4,G(+42.01)DDEKLEVK,sp|Q9ULD5|ZN777_HUMAN:sp|Q70Z35|PREX2_HUMAN:sp|Q2M3C6|TM266_HUMAN:sp|Q9NYF5|FA13B_HUMAN:sp|Q5T197|DCST1_HUMAN:sp|Q9HC35|EMAL4_HUMAN:sp|Q6IPT2|GAR5A_HUMAN:sp|Q7Z6I6|RHG30_HUMAN:sp|O14744|ANM5_HUMAN:sp|Q99619|SPSB2_HUMAN:sp|O00566|MPP10_HUMAN:sp|Q9BZD4|NUF2_HUMAN:sp|P56915|GSC_HUMAN:sp|Q5T011|SZT2_HUMAN:sp|Q00872|MYPC1_HUMAN:sp|Q6IQ26|DEN5A_HUMAN:sp|Q96CW1|AP2M1_HUMAN:sp|Q9H4E7|DEFI6_HUMAN:sp|Q12968|NFAC3_HUMAN:sp|Q96NB3|ZN830_HUMAN:sp|P05198|IF2A_HUMAN:sp|Q96JB1|DYH8_HUMAN:sp|P30926|ACHB4_HUMAN:sp|Q6PI78|TMM65_HUMAN:sp|Q96GQ7|DDX27_HUMAN:sp|Q9Y6N5|SQOR_HUMAN:sp|P30622|CLIP1_HUMAN:sp|Q8IYB3|SRRM1_HUMAN:sp|Q96ST3|SIN3A_HUMAN:sp|Q96MK2|RIPR3_HUMAN:sp|Q86X45|DAA11_HUMAN:sp|Q5JYT7|K1755_HUMAN:sp|Q5JPF3|AN36C_HUMAN:sp|P15924|DESP_HUMAN:sp|Q29RF7|PDS5A_HUMAN:sp|Q7Z2Y5|NRK_HUMAN:sp|Q5VZK9|CARL1_HUMAN:sp|Q14980|NUMA1_HUMAN:sp|Q99755|PI51A_HUMAN:sp|A6NE01|F186A_HUMAN:sp|Q9H307|PININ_HUMAN:sp|Q5T0F9|C2D1B_HUMAN:sp|Q8IYD8|FANCM_HUMAN:sp|Q96SB8|SMC6_HUMAN:sp|Q8WVC0|LEO1_HUMAN:sp|P19474|RO52_HUMAN:sp|Q70J99|UN13D_HUMAN:sp|Q15642|CIP4_HUMAN:sp|Q96Q05|TPPC9_HUMAN:sp|P13796|PLSL_HUMAN:sp|Q12830|BPTF_HUMAN:sp|Q9Y6X6|MYO16_HUMAN:sp|P51649|SSDH_HUMAN:sp|Q86XH1|DRC11_HUMAN:sp|O60353|FZD6_HUMAN:sp|Q14008|CKAP5_HUMAN:sp|Q7L5L3|GDPD3_HUMAN:sp|Q92616|GCN1_HUMAN:sp|Q6ZMI0|PPR21_HUMAN:sp|Q92783|STAM1_HUMAN:sp|P24821|TENA_HUMAN:sp|Q7L014|DDX46_HUMAN:sp|Q9UDT6|CLIP2_HUMAN:sp|Q9Y5I1|PCDAB_HUMAN:sp|Q8IWA6|CCD60_HUMAN:tr|A0A8Q3SIG1|A0A8Q3SIG1_HUMAN:sp|Q9P2M7|CING_HUMAN:sp|Q9BV73|CP250_HUMAN:sp|P17787|ACHB2_HUMAN:sp|Q8TF61|FBX41_HUMAN:sp|O95235|KI20A_HUMAN:sp|Q8WZ42|TITIN_HUMAN:sp|P15882|CHIN_HUMAN:sp|Q0VF96|CGNL1_HUMAN:sp|Q96P88|GNRR2_HUMAN:sp|Q8TEY7|UBP33_HUMAN:sp|Q96FV9|THOC1_HUMAN:sp|Q9NYK5|RM39_HUMAN:sp|O75445|USH2A_HUMAN:sp|Q7RTU9|STRC_HUMAN:sp|P07196|NFL_HUMAN:sp|Q53EV4|LRC23_HUMAN:sp|Q9NTI5|PDS5B_HUMAN:sp|Q8TD55|PKHO2_HUMAN:sp|Q5T4T6|SYC2L_HUMAN:sp|P47872|SCTR_HUMAN:sp|O43670|ZN207_HUMAN:sp|Q6XE38|SG1D4_HUMAN:sp|Q6ZTK2|YP015_HUMAN:sp|O94915|FRYL_HUMAN:sp|Q9BXX2|AN30B_HUMAN:sp|Q4ADV7|RIC1_HUMAN:sp|Q9BTC8|MTA3_HUMAN:sp|Q9UKB1|FBW1B_HUMAN:sp|Q9NWS6|F118A_HUMAN:sp|Q8IVF7|FMNL3_HUMAN:sp|Q9HCE3|ZN532_HUMAN:sp|O15078|CE290_HUMAN:sp|Q9Y6W3|CAN7_HUMAN:sp|A6NJ46|NKX63_HUMAN:sp|P11387|TOP1_HUMAN:sp|Q9UIK5|TEFF2_HUMAN:sp|O00505|IMA4_HUMAN:sp|Q9P2N5|RBM27_HUMAN:sp|O60341|KDM1A_HUMAN:sp|Q02952|AKA12_HUMAN:sp|Q08174|PCDH1_HUMAN:sp|Q9Y592|CEP83_HUMAN:sp|P13535|MYH8_HUMAN:sp|Q9NWF9|RN216_HUMAN:sp|Q9Y2V3|RX_HUMAN:sp|P49792|RBP2_HUMAN:sp|Q15031|SYLM_HUMAN:sp|Q5R372|RBG1L_HUMAN:sp|O15530|PDPK1_HUMAN:sp|P20132|SDHL_HUMAN:sp|Q96Q91|B3A4_HUMAN:sp|Q9NQ89|CL004_HUMAN:sp|O75886|STAM2_HUMAN:sp|P13611|CSPG2_HUMAN,DeepNovo
G(+42.01)DGAVPTLSVN(+0.98)SGAGASDSSATN(+0.98)VVKC(+119.00)ASVP,153.57,2980.3276,31,77.4,31,-4.2,746.08606,4,39.6556,N/A,0.23,15245,HFX193_IPP292_GEL_CRC_324_Odd.raw,1.08E6,1.04E7,1,1,1,1,"Acetylation (N-term);Deamidation (NQ);Deamidation (NQ);Cysteinylation",,0 0 0 4 2 2 26 29 29 27 27 27 30 0 0 53 57 10 10 29 30 2 2 2 7 3 2 2 3 0 0,G(+42.01)DGAVPTLSVN(+0.98)SGAGASDSSATN(+0.98)VVKC(+119.00)ASVP,sp|Q68EM7|RHG17_HUMAN:sp|Q8IVG5|SAM9L_HUMAN:sp|Q8NF37|PCAT1_HUMAN:sp|Q7Z6I6|RHG30_HUMAN:sp|Q5D0E6|DALD3_HUMAN:sp|Q96LA5|FCRL2_HUMAN:sp|Q8IVV2|LOXH1_HUMAN:sp|Q13434|MKRN4_HUMAN:sp|Q6ZMP0|THSD4_HUMAN:sp|P11488|GNAT1_HUMAN:sp|B1AL46|NTM2E_HUMAN:sp|P35348|ADA1A_HUMAN:sp|Q14145|KEAP1_HUMAN:sp|Q96RK0|CIC_HUMAN:sp|P38398|BRCA1_HUMAN:sp|Q86Y26|NUTM1_HUMAN:sp|Q8IWA5|CTL2_HUMAN:sp|Q9Y5Z7|HCFC2_HUMAN:sp|Q8N7J2|AMER2_HUMAN:sp|P0DPF3|NBPF9_HUMAN:sp|Q9Y4C0|NRX3A_HUMAN:sp|Q96L91|EP400_HUMAN:sp|P24588|AKAP5_HUMAN:sp|Q6UXG2|ELAP1_HUMAN:sp|A6NCI4|VWA3A_HUMAN:sp|Q8NH83|OR4A5_HUMAN:sp|Q9H4K7|MTG2_HUMAN:sp|Q96PY0|K1908_HUMAN:sp|P27448|MARK3_HUMAN:sp|Q12788|TBL3_HUMAN:sp|Q9HBB8|CDHR5_HUMAN:sp|Q8J025|APCD1_HUMAN:sp|Q6ZMD2|SPNS3_HUMAN:sp|Q3BBV2|NBPF8_HUMAN:sp|Q9C0E4|GRIP2_HUMAN:sp|Q9P2S2|NRX2A_HUMAN:sp|Q8N0Z6|TTC5_HUMAN:sp|P00797|RENI_HUMAN:sp|Q9P1Y6|PHRF1_HUMAN:sp|Q495B1|AKD1A_HUMAN:sp|Q66LE6|2ABD_HUMAN:sp|Q7L590|MCM10_HUMAN:sp|O43298|ZBT43_HUMAN:sp|Q9H158|PCDC1_HUMAN:TEAD2_DEL_G-p.H299Mfs*12_::chr19:49346716-49347716_frame=2:sp|Q14674|ESPL1_HUMAN:sp|Q9Y228|T3JAM_HUMAN:sp|O43818|U3IP2_HUMAN:sp|P17813|EGLN_HUMAN:sp|Q9Y618|NCOR2_HUMAN:sp|Q9C0A6|SETD5_HUMAN:sp|Q6PCD5|RFWD3_HUMAN:sp|Q8NCD3|HJURP_HUMAN:sp|Q5T6S3|PHF19_HUMAN:sp|Q9ULD9|ZN608_HUMAN:sp|Q9UBB9|TFP11_HUMAN:sp|O75116|ROCK2_HUMAN:sp|Q6ZUA9|MROH5_HUMAN:sp|P0C2Y1|NBPF7_HUMAN:sp|Q9BYD9|ACTT3_HUMAN:sp|P22670|RFX1_HUMAN:sp|O15031|PLXB2_HUMAN:tr|A0A0A0MT82|A0A0A0MT82_HUMAN:sp|Q9Y4A8|NF2L3_HUMAN:sp|A6NKT7|RGPD3_HUMAN:sp|P01242|SOM2_HUMAN:sp|Q8TBK6|ZCH10_HUMAN:sp|Q06455|MTG8_HUMAN:sp|Q9NSD9|SYFB_HUMAN:sp|Q7Z333|SETX_HUMAN:sp|Q8N5D0|WDTC1_HUMAN:sp|Q96JY0|MAEL_HUMAN:sp|A2VDJ0|T131L_HUMAN:sp|O14715|RGPD8_HUMAN:sp|Q9C0A1|ZFHX2_HUMAN:sp|Q8NE28|STKL1_HUMAN:sp|P52758|RIDA_HUMAN:sp|Q15075|EEA1_HUMAN:sp|O00116|ADAS_HUMAN:sp|Q8TF72|SHRM3_HUMAN:sp|Q86US8|EST1A_HUMAN:sp|P0DJD1|RGPD2_HUMAN:sp|P14652|HXB2_HUMAN:sp|O75420|GGYF1_HUMAN:sp|P01241|SOMA_HUMAN:sp|Q92619|HMHA1_HUMAN:ACVR2A_DEL_A-p.K437Rfs*5_::chr2:147925617-147926617_frame=-2:sp|Q96CN7|ISOC1_HUMAN:sp|P22105|TENX_HUMAN:sp|P35711|SOX5_HUMAN:sp|Q15772|SPEG_HUMAN:sp|Q86T75|NBPFB_HUMAN:sp|Q7Z5J4|RAI1_HUMAN:sp|Q8NFZ3|NLGNY_HUMAN:sp|O14905|WNT9B_HUMAN:sp|O75113|N4BP1_HUMAN:sp|Q96KR7|PHAR3_HUMAN:sp|Q14449|GRB14_HUMAN:sp|Q75N90|FBN3_HUMAN:sp|Q9H161|ALX4_HUMAN:sp|Q9NRG7|D39U1_HUMAN:sp|Q86XN7|PRSR1_HUMAN:sp|Q8NG27|PJA1_HUMAN:sp|P53384|NUBP1_HUMAN:sp|O43167|ZBT24_HUMAN:sp|Q5TEC3|ZN697_HUMAN:sp|O75140|DEPD5_HUMAN:sp|Q96MT3|PRIC1_HUMAN:sp|Q9NYU1|UGGG2_HUMAN:sp|Q9UJQ4|SALL4_HUMAN:sp|P15848|ARSB_HUMAN:sp|P49792|RBP2_HUMAN:sp|Q6IQ20|NAPEP_HUMAN:sp|Q16821|PPR3A_HUMAN:sp|Q7Z5H3|RHG22_HUMAN:sp|P31629|ZEP2_HUMAN:sp|Q9H6K5|PRR36_HUMAN:sp|Q5VZR2|NTM2G_HUMAN:sp|Q8TE60|ATS18_HUMAN:sp|Q1W209|ESRG_HUMAN,DeepNovo
G(+42.01)GGPLFTRRPK,60.45,1226.6884,11,63.6,11,0.9,409.90375,3,33.8074,0.5074,0.02,12917,HFX193_IPP292_GEL_CRC_324_Odd.raw,1.76E5,1.09E6,1,1,1,1,"Acetylation (N-term)",,5 0 0 38 38 18 0 0 6 2 2,G(+42.01)GGPLFTRRPK,sp|Q8IZ26|ZNF34_HUMAN:sp|Q9BTY2|FUCO2_HUMAN:sp|O14654|IRS4_HUMAN:sp|Q14203|DCTN1_HUMAN:sp|P0CG42|F157B_HUMAN:sp|Q9GZT3|SLIRP_HUMAN:sp|P78524|DEN2B_HUMAN:sp|A1L4H1|SRCRL_HUMAN:sp|Q9Y467|SALL2_HUMAN:sp|Q7Z7G8|VP13B_HUMAN:sp|Q86UL8|MAGI2_HUMAN:sp|O60258|FGF17_HUMAN:sp|P45974|UBP5_HUMAN:sp|Q15572|TAF1C_HUMAN:sp|Q96DT7|ZBT10_HUMAN:sp|P14410|SUIS_HUMAN:sp|Q15772|SPEG_HUMAN:sp|Q5SVQ8|ZBT41_HUMAN:sp|Q96MA1|DMRTB_HUMAN:sp|Q2M2H8|MGAL_HUMAN:sp|Q6DN90|IQEC1_HUMAN:sp|Q9C009|FOXQ1_HUMAN:sp|O95206|PCDH8_HUMAN:sp|P35368|ADA1B_HUMAN:sp|Q9NR99|MXRA5_HUMAN:sp|Q99986|VRK1_HUMAN:sp|P35590|TIE1_HUMAN:sp|O43493|TGON2_HUMAN:sp|Q99466|NOTC4_HUMAN:sp|P60508|SYCY2_HUMAN:sp|Q8NCK7|MOT11_HUMAN:sp|Q9HAV4|XPO5_HUMAN:sp|P0CG43|F157C_HUMAN:sp|Q9NYL5|CP39A_HUMAN:sp|Q8N6R0|EFNMT_HUMAN:sp|C9JC47|F157A_HUMAN:sp|Q96BY6|DOC10_HUMAN:sp|Q8WUF5|IASPP_HUMAN:sp|O60318|GANP_HUMAN:sp|Q5SZK8|FREM2_HUMAN,DeepNovo
G(+42.01)GSGRVLGGETSGAHHN(+0.98)N(+0.98)LE,121.40,1991.8933,20,50.0,20,2.8,664.97357,3,34.0653,11.1653,0.35,12992,HFX193_IPP292_GEL_CRC_324_Odd.raw,7.29E6,4.98E7,3,3,3,3,"Acetylation (N-term);Deamidation (NQ);Deamidation (NQ)",,0 0 0 0 0 19 25 0 0 14 11 1 0 0 5 2 2 7 13 5,G(+42.01)GSGRVLGGETSGAHHN(+0.98)N(+0.98)LE,sp|P51808|DYLT3_HUMAN:sp|Q12767|TMM94_HUMAN:sp|Q99689|FEZ1_HUMAN:sp|Q5VZ46|K1614_HUMAN:sp|Q9ULH0|KDIS_HUMAN:sp|P16157|ANK1_HUMAN:sp|Q969M1|TM40L_HUMAN:sp|Q13627|DYR1A_HUMAN:sp|Q86TL0|ATG4D_HUMAN:sp|Q14974|IMB1_HUMAN:sp|Q9UPU3|SORC3_HUMAN:sp|I3L3R5|CCER2_HUMAN:sp|Q9BZQ6|EDEM3_HUMAN:sp|Q15003|CND2_HUMAN:sp|Q9BWW8|APOL6_HUMAN:sp|O75969|AKAP3_HUMAN:sp|O14678|ABCD4_HUMAN:sp|Q9Y2I7|FYV1_HUMAN:sp|Q15776|ZKSC8_HUMAN:sp|Q9H9A7|RMI1_HUMAN:sp|A6NC98|CC88B_HUMAN:sp|Q9Y5I4|PCDC2_HUMAN:sp|P21145|MAL_HUMAN:sp|P07225|PROS_HUMAN:sp|P26012|ITB8_HUMAN:sp|Q9P2E7|PCD10_HUMAN:sp|Q92831|KAT2B_HUMAN:sp|Q99856|ARI3A_HUMAN:sp|Q5TCQ9|MAGI3_HUMAN:sp|P02675|FIBB_HUMAN:sp|P22102|PUR2_HUMAN:sp|Q99708|CTIP_HUMAN:sp|P52179|MYOM1_HUMAN:sp|Q9C0C7|AMRA1_HUMAN:sp|Q9HC36|MRM3_HUMAN:sp|P37058|DHB3_HUMAN:sp|P49327|FAS_HUMAN:sp|Q68DQ2|CRBG3_HUMAN:sp|Q92830|KAT2A_HUMAN:sp|Q96GD0|PLPP_HUMAN:sp|Q6P9F7|LRC8B_HUMAN:sp|P51841|GUC2F_HUMAN:sp|P59044|NLRP6_HUMAN:sp|Q8N239|KLH34_HUMAN:sp|Q9NYQ6|CELR1_HUMAN:sp|Q6P179|ERAP2_HUMAN:sp|Q8WWM7|ATX2L_HUMAN:sp|Q9Y4W6|AFG32_HUMAN:sp|P78509|RELN_HUMAN:sp|Q6WRI0|IGS10_HUMAN:sp|Q9H7E2|TDRD3_HUMAN:sp|Q02388|CO7A1_HUMAN:sp|O95602|RPA1_HUMAN:sp|O15078|CE290_HUMAN:sp|Q7Z3T8|ZFY16_HUMAN:sp|Q8N1P7|CRBG2_HUMAN:sp|Q7L590|MCM10_HUMAN:sp|Q9UI33|SCNBA_HUMAN:sp|Q9UBU2|DKK2_HUMAN:sp|O14917|PCD17_HUMAN:sp|Q96FX8|PERP_HUMAN:sp|O75154|RFIP3_HUMAN:sp|Q99983|OMD_HUMAN:sp|Q9Y4K1|CRBG1_HUMAN:sp|Q14690|RRP5_HUMAN:sp|P06865|HEXA_HUMAN:sp|P12111|CO6A3_HUMAN:sp|Q96K49|TM87B_HUMAN:sp|Q9H4F1|SIA7D_HUMAN:sp|Q9P2G3|KLH14_HUMAN:sp|P28330|ACADL_HUMAN:tr|A0A590UJ96|A0A590UJ96_HUMAN:sp|Q9BSR8|YIPF4_HUMAN,DeepNovo
G(+42.01)GSKERAGAAL,50.19,1057.5516,11,45.5,11,1.3,529.78375,2,26.8484,16.1484,0.47,10057,HFX193_IPP292_GEL_CRC_324_Odd.raw,2.42E6,1.67E7,1,1,1,1,"Acetylation (N-term)",,0 0 1 28 8 1 0 0 4 10 5,G(+42.01)GSKERAGAAL,sp|P51587|BRCA2_HUMAN:sp|Q8N8A8|F169B_HUMAN:sp|P58107|EPIPL_HUMAN:sp|O14978|ZN263_HUMAN:sp|Q8IUR7|ARMC8_HUMAN:sp|Q9H0B6|KLC2_HUMAN:sp|Q15424|SAFB1_HUMAN:sp|Q8WYR1|PI3R5_HUMAN:sp|Q96Q42|ALS2_HUMAN:sp|P49750|YLPM1_HUMAN:sp|P49815|TSC2_HUMAN:sp|Q8N8K9|K1958_HUMAN:sp|Q96A22|CK052_HUMAN:sp|Q9Y4A5|TRRAP_HUMAN:sp|O00160|MYO1F_HUMAN:sp|P49683|PRLHR_HUMAN:sp|Q5T7B8|KIF24_HUMAN:sp|A1L390|PKHG3_HUMAN,DeepNovo
G(+42.01)GSLRHGGL,38.80,894.4672,9,33.3,9,1.1,448.24133,2,31.6420,1.5420,0.62,12001,HFX193_IPP292_GEL_CRC_324_Odd.raw,7.29E6,4.57E7,2,2,2,2,"Acetylation (N-term)",,0 0 0 6 3 1 0 0 3,G(+42.01)GSLRHGGL,sp|Q9NYG8|KCNK4_HUMAN:sp|Q6DHV5|C2D2B_HUMAN:sp|Q02246|CNTN2_HUMAN:sp|O14910|LIN7A_HUMAN:sp|P20701|ITAL_HUMAN:sp|Q96JH8|RADIL_HUMAN:sp|Q8TF30|WHAMM_HUMAN:sp|P49903|SPS1_HUMAN:sp|Q99611|SPS2_HUMAN:sp|O14684|PTGES_HUMAN:sp|O43765|SGTA_HUMAN:sp|Q8WZ74|CTTB2_HUMAN:sp|Q9Y6N9|USH1C_HUMAN:sp|O15120|PLCB_HUMAN:sp|Q6UB98|ANR12_HUMAN:sp|Q8NA75|DC4L2_HUMAN:sp|O00442|RTCA_HUMAN:sp|Q9HAP6|LIN7B_HUMAN:sp|A0A1B0GVM6|CK097_HUMAN:sp|Q9BV38|WDR18_HUMAN:sp|Q8TDT2|GP152_HUMAN:sp|Q8IZF0|NALCN_HUMAN:sp|P54259|ATN1_HUMAN:sp|Q9NZM4|BICRA_HUMAN:sp|Q13470|TNK1_HUMAN:sp|Q8N393|ZN786_HUMAN:sp|Q12923|PTN13_HUMAN:sp|P49643|PRI2_HUMAN:sp|O14981|BTAF1_HUMAN:sp|Q9NUP9|LIN7C_HUMAN,DeepNovo
G(+42.01)GSLVRHN(+0.98)L,55.64,994.5196,9,66.7,9,0.5,498.26730,2,36.2739,-9.0261,0.54,13853,HFX193_IPP292_GEL_CRC_324_Even.raw,5.82E6,3.73E7,2,2,2,2,"Acetylation (N-term);Deamidation (NQ)",,0 0 0 61 23 10 10 6 5,G(+42.01)GSLVRHN(+0.98)L,sp|P51784|UBP11_HUMAN:sp|A6NGW2|STRCL_HUMAN:sp|Q12947|FOXF2_HUMAN:sp|Q86XK2|FBX11_HUMAN:sp|Q92766|RREB1_HUMAN:sp|P32314|FOXN2_HUMAN:sp|Q9H334|FOXP1_HUMAN:sp|Q13129|RLF_HUMAN:tr|B7ZLF3|B7ZLF3_HUMAN:sp|O00409|FOXN3_HUMAN:sp|Q99619|SPSB2_HUMAN:sp|Q6TDP4|KLH17_HUMAN:sp|Q9C009|FOXQ1_HUMAN:sp|Q6P9A3|ZN549_HUMAN:tr|A0A8Q3WLD3|A0A8Q3WLD3_HUMAN:sp|O15409|FOXP2_HUMAN:sp|Q9NYW1|TA2R9_HUMAN:sp|Q8IVH2|FOXP4_HUMAN:sp|Q86TJ5|ZN554_HUMAN:sp|Q66K89|E4F1_HUMAN:sp|Q96JB1|DYH8_HUMAN:sp|Q96EG3|ZN837_HUMAN:sp|Q6AW86|Z324B_HUMAN:sp|Q96SN7|ORAI2_HUMAN:sp|O75467|Z324A_HUMAN:sp|Q7RTR8|T2R42_HUMAN:sp|Q7RTU9|STRC_HUMAN:sp|O95665|NTR2_HUMAN:sp|Q8TCU5|NMD3A_HUMAN:sp|Q96NZ1|FOXN4_HUMAN:sp|Q86UD4|ZN329_HUMAN:sp|Q5T4S7|UBR4_HUMAN:sp|Q12946|FOXF1_HUMAN:sp|Q9Y5Z0|BACE2_HUMAN:sp|O15353|FOXN1_HUMAN:sp|Q9UPN3|MACF1_HUMAN:sp|Q6PIV2|FOXR1_HUMAN,DeepNovo
G(+42.01)GSLVRTK,43.84,858.4923,8,75.0,8,1.2,430.25394,2,26.7968,5.7968,0.70,10037,HFX193_IPP292_GEL_CRC_324_Odd.raw,5.7E5,5.18E6,1,1,1,1,"Acetylation (N-term)",,0 0 4 74 24 5 5 5,G(+42.01)GSLVRTK,sp|Q15700|DLG2_HUMAN:sp|Q12959|DLG1_HUMAN:sp|P62241|RS8_HUMAN:sp|Q8TEU7|RPGF6_HUMAN:sp|Q8N135|LGI4_HUMAN:sp|O15231|ZN185_HUMAN:sp|P43657|LPAR6_HUMAN:tr|A0A8Q3SIG1|A0A8Q3SIG1_HUMAN:sp|O15270|SPTC2_HUMAN:sp|O15050|TRNK1_HUMAN:sp|P49750|YLPM1_HUMAN:sp|P59537|T2R43_HUMAN:sp|Q96DY2|DRC10_HUMAN:sp|A6NHR9|SMHD1_HUMAN:sp|O60512|B4GT3_HUMAN:sp|P59538|T2R31_HUMAN:sp|Q07820|MCL1_HUMAN:sp|A6NEM1|GG6L9_HUMAN:sp|Q68DE3|USF3_HUMAN:sp|Q4U2R8|S22A6_HUMAN:sp|P21754|ZP3_HUMAN:sp|Q8N1G2|CMTR1_HUMAN:sp|P15336|ATF2_HUMAN:sp|H0YKK7|GG6LS_HUMAN:sp|O43526|KCNQ2_HUMAN:sp|Q8N6Y0|USBP1_HUMAN:sp|Q9UPM8|AP4E1_HUMAN:sp|Q15047|SETB1_HUMAN:sp|Q92466|DDB2_HUMAN:sp|Q86WI1|PKHL1_HUMAN:sp|Q969X2|SIA7F_HUMAN:sp|Q96LJ8|UBX10_HUMAN:sp|O60306|AQR_HUMAN:sp|Q96N21|AP4AT_HUMAN:sp|O75420|GGYF1_HUMAN:sp|Q8N4T8|CBR4_HUMAN:sp|O75146|HIP1R_HUMAN:sp|Q6V0I7|FAT4_HUMAN:sp|P98196|AT11A_HUMAN:sp|A6NI86|GG6LA_HUMAN:sp|P78352|DLG4_HUMAN:sp|A9Z1Z3|FR1L4_HUMAN:sp|Q66K89|E4F1_HUMAN:sp|Q13439|GOGA4_HUMAN:sp|Q13601|KRR1_HUMAN:sp|Q12929|EPS8_HUMAN:sp|Q2NKJ3|CTC1_HUMAN:sp|Q13023|AKAP6_HUMAN:sp|O15511|ARPC5_HUMAN:sp|Q5VST9|OBSCN_HUMAN:sp|P21453|S1PR1_HUMAN:sp|A6NEF3|GG6L4_HUMAN:sp|Q9NXE4|NSMA3_HUMAN:sp|Q96PZ7|CSMD1_HUMAN:sp|Q86VP3|PACS2_HUMAN:sp|Q8IY18|SMC5_HUMAN:sp|Q49A17|GLTL6_HUMAN,DeepNovo
G(+42.01)GSN(+0.98)GGGLLK,43.77,901.4505,10,60.0,10,2.1,451.73346,2,33.9650,-8.6350,0.65,12933,HFX193_IPP292_GEL_CRC_324_Odd.raw,4.01E6,2.52E7,2,2,2,2,"Acetylation (N-term);Deamidation (NQ)",,0 0 7 31 0 0 3 3 57 5,G(+42.01)GSN(+0.98)GGGLLK,sp|O43490|PROM1_HUMAN:sp|P56747|CLD6_HUMAN:sp|P59046|NAL12_HUMAN:sp|P10646|TFPI1_HUMAN:sp|Q96JH7|VCIP1_HUMAN:tr|A0A0A0MTA2|A0A0A0MTA2_HUMAN:sp|Q6PIF6|MYO7B_HUMAN:sp|Q13492|PICAL_HUMAN:sp|Q99798|ACON_HUMAN:sp|Q86XP3|DDX42_HUMAN:sp|O60518|RNBP6_HUMAN:sp|Q5FYA8|ARSH_HUMAN:sp|P03915|NU5M_HUMAN:sp|Q96JN8|NEUL4_HUMAN:sp|Q9Y3D0|CIA2B_HUMAN:sp|P32241|VIPR1_HUMAN:sp|Q2VWA4|SKOR2_HUMAN:sp|Q86TX2|ACOT1_HUMAN:sp|Q9H4I2|ZHX3_HUMAN:sp|P30408|T4S1_HUMAN:sp|Q8N7J2|AMER2_HUMAN:sp|O95484|CLD9_HUMAN:sp|O95255|MRP6_HUMAN:sp|Q8NFJ9|BBS1_HUMAN:sp|Q9Y6I4|UBP3_HUMAN:sp|O95996|APCL_HUMAN:sp|Q5J8M3|EMC4_HUMAN:sp|P49753|ACOT2_HUMAN:sp|Q9UIW2|PLXA1_HUMAN:sp|Q9UPQ3|AGAP1_HUMAN:sp|Q8IZJ3|CPMD8_HUMAN:sp|P59827|BPIB4_HUMAN:sp|Q9ULI3|HEG1_HUMAN:sp|P46597|ASMT_HUMAN:sp|Q6KC79|NIPBL_HUMAN:sp|Q01201|RELB_HUMAN:sp|O14493|CLD4_HUMAN:sp|Q8IVV8|NKAI4_HUMAN:sp|O75323|NIPS2_HUMAN:sp|Q86YI8|PHF13_HUMAN:sp|Q86YT9|JAML_HUMAN:sp|Q8WUU5|GATD1_HUMAN:sp|Q8IY84|NIM1_HUMAN:sp|P59826|BPIB3_HUMAN:sp|O95486|SC24A_HUMAN:sp|Q6IQ55|TTBK2_HUMAN:sp|O60504|VINEX_HUMAN:sp|Q9Y490|TLN1_HUMAN:sp|P01767|HV353_HUMAN:sp|P21589|5NTD_HUMAN:sp|Q9UPS8|ANR26_HUMAN:sp|A0A2R8YCJ5|SIM41_HUMAN:sp|Q8NFW5|DMBX1_HUMAN:sp|Q9HA47|UCK1_HUMAN:sp|P52298|NCBP2_HUMAN:sp|P26022|PTX3_HUMAN:sp|O15466|SIA8E_HUMAN:sp|P14651|HXB3_HUMAN:sp|Q8N7H5|PAF1_HUMAN:sp|Q9ULD9|ZN608_HUMAN:sp|O94818|NOL4_HUMAN:sp|P48651|PTSS1_HUMAN:sp|Q9Y4A8|NF2L3_HUMAN:sp|Q8TEK3|DOT1L_HUMAN:sp|Q5TAH2|SL9C2_HUMAN:sp|Q7RTS9|DYM_HUMAN:sp|P39060|COIA1_HUMAN:sp|O15327|INP4B_HUMAN:sp|P78563|RED1_HUMAN:sp|Q9P055|JKAMP_HUMAN:sp|Q8WZ42|TITIN_HUMAN:sp|O43570|CAH12_HUMAN:sp|Q08AF3|SLFN5_HUMAN:sp|Q9UK96|FBX10_HUMAN:sp|Q5JPB2|ZN831_HUMAN:sp|Q15722|LT4R1_HUMAN:sp|O15417|TNC18_HUMAN:sp|Q66K66|TM198_HUMAN:sp|Q8TD08|MK15_HUMAN:sp|Q9Y6Q2|STON1_HUMAN:sp|O43159|RRP8_HUMAN:sp|P82650|RT22_HUMAN:sp|O00410|IPO5_HUMAN:sp|Q96GA7|SDSL_HUMAN:sp|O00231|PSD11_HUMAN:sp|P22102|PUR2_HUMAN:sp|Q8IWY4|SCUB1_HUMAN:sp|Q96IP4|TET5A_HUMAN:sp|O15260|SURF4_HUMAN:sp|P51795|CLCN5_HUMAN:sp|Q6PIJ6|FBX38_HUMAN:sp|Q9UL01|DSE_HUMAN:sp|Q9NQZ5|STAR7_HUMAN:sp|P51805|PLXA3_HUMAN:sp|Q9NYQ6|CELR1_HUMAN:sp|Q8N9L9|ACOT4_HUMAN:sp|P34059|GALNS_HUMAN:sp|Q6UXY1|BI2L2_HUMAN:sp|Q9Y253|POLH_HUMAN:sp|P43003|EAA1_HUMAN:sp|Q7Z5J4|RAI1_HUMAN:sp|Q6ZVT0|TTL10_HUMAN:sp|A0A0C4DH42|HV366_HUMAN:sp|Q9NXB0|MKS1_HUMAN:sp|Q9UGM3|DMBT1_HUMAN:sp|O95471|CLD7_HUMAN:sp|Q9HAV5|TNR27_HUMAN:sp|O43474|KLF4_HUMAN:sp|P19634|SL9A1_HUMAN:sp|P56373|P2RX3_HUMAN:sp|O60293|ZC3H1_HUMAN:sp|Q9Y6R1|S4A4_HUMAN:sp|Q5JQC9|AKAP4_HUMAN:sp|P25054|APC_HUMAN:sp|Q01851|PO4F1_HUMAN:sp|P20132|SDHL_HUMAN:sp|Q5THK1|PR14L_HUMAN:sp|Q96Q91|B3A4_HUMAN:sp|P78316|NOP14_HUMAN:sp|P13611|CSPG2_HUMAN,DeepNovo
G(+42.01)GSSKHLDF,44.89,988.4614,9,55.6,9,1.4,495.23865,2,36.9051,-8.8949,0.54,14117,HFX193_IPP292_GEL_CRC_324_Odd.raw,5.7E6,3.57E7,2,2,2,2,"Acetylation (N-term)",,0 0 0 0 7 2 17 46 5,G(+42.01)GSSKHLDF,sp|Q96JG8|MAGD4_HUMAN:sp|Q9UBN4|TRPC4_HUMAN:sp|Q96EB1|ELP4_HUMAN:sp|P46781|RS9_HUMAN:sp|Q9Y2I9|TBC30_HUMAN:sp|P51677|CCR3_HUMAN:sp|Q6ZSI9|CAN12_HUMAN:MNS1_DEL_TT-p.K202Afs*5_::chr15:56444025-56445026_frame=3:sp|Q8IVG5|SAM9L_HUMAN:sp|Q96MP5|ZSWM3_HUMAN:sp|Q86T65|DAAM2_HUMAN:sp|Q8TDJ6|DMXL2_HUMAN:sp|Q14999|CUL7_HUMAN:sp|Q5JSH3|WDR44_HUMAN:sp|P78352|DLG4_HUMAN:sp|Q9H270|VPS11_HUMAN:sp|Q13535|ATR_HUMAN:sp|Q6AI08|HEAT6_HUMAN:sp|Q07889|SOS1_HUMAN:sp|Q8IUC6|TCAM1_HUMAN:sp|P15498|VAV_HUMAN:sp|O00590|ACKR2_HUMAN:sp|P12259|FA5_HUMAN:sp|Q6ZNG0|ZN620_HUMAN:sp|P28332|ADH6_HUMAN:sp|P46821|MAP1B_HUMAN:sp|P36222|CH3L1_HUMAN:sp|Q8IVH8|M4K3_HUMAN:sp|Q02846|GUC2D_HUMAN:sp|P22083|FUT4_HUMAN:sp|Q5K651|SAMD9_HUMAN:sp|Q9UHW5|GPN3_HUMAN,DeepNovo
G(+42.01)GSSYHTHL,52.32,999.4410,9,66.7,9,0.3,500.72791,2,32.7655,7.1655,0.62,12468,HFX193_IPP292_GEL_CRC_324_Even.raw,3.25E5,2.28E6,1,1,1,1,"Acetylation (N-term)",,0 0 0 3 3 3 4 4 4,G(+42.01)GSSYHTHL,sp|Q8WXQ8|CBPA5_HUMAN:sp|Q6V1P9|PCD23_HUMAN:sp|P33897|ABCD1_HUMAN:sp|Q93074|MED12_HUMAN:sp|Q8NGX1|O2T34_HUMAN:sp|Q96EK7|F120B_HUMAN:sp|Q8NEV8|EXPH5_HUMAN:sp|Q8WUH2|TGFA1_HUMAN:sp|O15014|ZN609_HUMAN:sp|Q8NH02|O2T29_HUMAN:sp|Q6IEZ7|OR2T5_HUMAN:sp|Q8NH00|OR2T4_HUMAN:sp|Q96RU3|FNBP1_HUMAN:sp|Q9NPI9|KCJ16_HUMAN:sp|Q5VTM2|AGAP9_HUMAN:sp|Q14563|SEM3A_HUMAN:sp|Q8N865|CG031_HUMAN:sp|Q8NH03|OR2T3_HUMAN:sp|Q9UBJ2|ABCD2_HUMAN:sp|Q8TEQ6|GEMI5_HUMAN:sp|Q9BX79|STRA6_HUMAN:sp|M5A8F1|SUPYN_HUMAN,DeepNovo
G(+42.01)GSTKRLEL,47.18,1001.5505,9,55.6,9,0.8,501.78296,2,38.4399,-8.7601,0.56,14748,HFX193_IPP292_GEL_CRC_324_Even.raw,8.14E6,5.28E7,2,2,2,2,"Acetylation (N-term)",,0 0 0 17 9 0 2 2 5,G(+42.01)GSTKRLEL,,DeepNovo
G(+42.01)GSVARTHL,44.62,938.4933,9,55.6,9,1.1,470.25449,2,31.4727,-0.8273,0.59,11935,HFX193_IPP292_GEL_CRC_324_Even.raw,3.51E5,3.45E6,1,1,1,1,"Acetylation (N-term)",,0 0 0 34 4 1 2 5 5,G(+42.01)GSVARTHL,sp|Q92793|CBP_HUMAN:sp|Q96EK7|F120B_HUMAN:sp|Q96PQ6|ZN317_HUMAN:sp|P05155|IC1_HUMAN:sp|Q9NYQ6|CELR1_HUMAN:sp|Q9P2P6|STAR9_HUMAN:sp|Q702N8|XIRP1_HUMAN:sp|Q12891|HYAL2_HUMAN:sp|A6NE52|WDR97_HUMAN:sp|Q8NGX6|O10R2_HUMAN:sp|Q15738|NSDHL_HUMAN:sp|Q9H0M5|ZN700_HUMAN:sp|Q6ZT12|UBR3_HUMAN:sp|Q9P126|CLC1B_HUMAN:sp|Q9Y6X3|SCC4_HUMAN:sp|Q93070|NAR4_HUMAN:sp|Q8WZ42|TITIN_HUMAN:sp|Q9HBL0|TENS1_HUMAN:sp|Q8IWN7|RP1L1_HUMAN:sp|Q9H5H4|ZN768_HUMAN:sp|Q9HBL8|NMRL1_HUMAN:sp|A0A1W2PQ72|MSD7_HUMAN,DeepNovo
G(+42.01)GSVERTGAAL,58.56,1058.5356,11,54.5,11,1.4,530.27582,2,35.5019,-14.6981,0.41,13550,HFX193_IPP292_GEL_CRC_324_Even.raw,6.16E6,3.98E7,1,1,1,1,"Acetylation (N-term)",,0 0 6 90 18 0 5 0 0 36 5,G(+42.01)GSVERTGAAL,sp|O94827|PKHG5_HUMAN:sp|Q13868|EXOS2_HUMAN:sp|A2RTX5|SYTC2_HUMAN:sp|Q9UBT6|POLK_HUMAN:sp|P26639|SYTC_HUMAN:sp|Q96ST2|IWS1_HUMAN:sp|P35523|CLCN1_HUMAN:sp|Q9Y4E1|WAC2C_HUMAN:sp|Q9BW92|SYTM_HUMAN:sp|Q641Q2|WAC2A_HUMAN:sp|Q49SQ1|GPR33_HUMAN:sp|O00204|ST2B1_HUMAN:sp|P52272|HNRPM_HUMAN:sp|Q63HN8|RN213_HUMAN:sp|Q9NQW1|SC31B_HUMAN:sp|Q86SU0|ILDR1_HUMAN,DeepNovo
G(+42.01)HVGLHPRGL,34.73,1083.5938,10,60.0,10,4.2,362.20670,3,29.7891,-10.9109,0.64,11240,HFX193_IPP292_GEL_CRC_324_Odd.raw,2.46E5,2.21E6,2,2,1,1,"Acetylation (N-term)",,0 0 3 2 2 2 3 1 1 4,G(+42.01)HVGLHPRGL,sp|Q96Q40|CDK15_HUMAN:sp|P98164|LRP2_HUMAN:sp|Q5T089|MORN1_HUMAN:sp|Q5VST9|OBSCN_HUMAN:sp|Q96JP0|FEM1C_HUMAN:sp|Q96JF0|SIAT2_HUMAN:sp|Q7Z6B7|SRGP1_HUMAN:sp|Q6ZQW0|I23O2_HUMAN:sp|Q5JRA6|TGO1_HUMAN:sp|Q9UIF9|BAZ2A_HUMAN:sp|Q9NZR2|LRP1B_HUMAN:sp|Q4KMQ1|TPRN_HUMAN:sp|Q8NA19|LMBL4_HUMAN:sp|Q8NAG6|ANKL1_HUMAN,DeepNovo
G(+42.01)HVM(+15.99)GVLYKK,34.46,1188.6324,10,60.0,10,1.2,595.32422,2,27.6759,5.7759,0.33,10304,HFX193_IPP292_GEL_CRC_324_Even.raw,1.14E7,3.8E7,4,4,4,4,"Acetylation (N-term);Oxidation (M)",,0 0 2 2 0 0 4 5 18 5,G(+42.01)HVM(+15.99)GVLYKK,,DeepNovo
G(+42.01)KALVATP,14.67,797.4647,8,50.0,8,-3.5,798.46918,1,69.9785,13.5785,0.62,27283,HFX193_IPP292_GEL_CRC_324_Even.raw,1.26E5,3.34E5,1,1,1,1,"Acetylation (N-term)",,0 0 10 10 13 0 0 5,G(+42.01)KALVATP,sp|P19338|NUCL_HUMAN,DB Search
G(+42.01)KGLGAF,26.10,690.3701,7,28.6,7,1.4,691.37830,1,61.0881,-15.7119,0.33,23786,HFX193_IPP292_GEL_CRC_324_Even.raw,2.8E6,1.35E7,1,1,1,1,"Acetylation (N-term)",,0 0 1 31 1 1 5,G(+42.01)KGLGAF,sp|Q13233|M3K1_HUMAN:sp|Q13093|PAFA_HUMAN:sp|Q99487|PAFA2_HUMAN:sp|Q9NRM7|LATS2_HUMAN:sp|Q9UKF5|ADA29_HUMAN:sp|Q9ULM3|YETS2_HUMAN:sp|P30520|PURA2_HUMAN:sp|P15502|ELN_HUMAN:sp|Q8IVB5|LIX1L_HUMAN:sp|Q9UJT1|TBD_HUMAN:sp|Q96PD7|DGAT2_HUMAN:sp|Q16853|AOC3_HUMAN:sp|Q0VDI3|TM267_HUMAN:sp|Q9NYZ2|MFRN1_HUMAN:sp|Q96GF1|RN185_HUMAN:sp|O95861|BPNT1_HUMAN:sp|Q13332|PTPRS_HUMAN:sp|O14669|TMG2_HUMAN:sp|P78527|PRKDC_HUMAN:sp|Q8N142|PURA1_HUMAN:sp|O95835|LATS1_HUMAN:sp|Q96EP0|RNF31_HUMAN:sp|Q6NUK1|SCMC1_HUMAN:sp|Q32P44|EMAL3_HUMAN:sp|O43761|SNG3_HUMAN:sp|Q13057|COASY_HUMAN:sp|Q9NX74|DUS2L_HUMAN,DeepNovo
G(+42.01)KHLEPRAL,46.49,1061.5981,9,44.4,9,1.5,531.80713,2,39.2406,13.8406,0.47,15063,HFX193_IPP292_GEL_CRC_324_Odd.raw,5.59E6,2.2E7,2,2,2,2,"Acetylation (N-term)",,0 0 93 1 0 1 5 6 5,G(+42.01)KHLEPRAL,,DeepNovo
G(+42.01)KKKALLL,15.10,911.6168,8,50.0,8,2.5,456.81677,2,43.5677,4.8677,0.72,16830,HFX193_IPP292_GEL_CRC_324_Even.raw,3.05E5,2.24E6,1,1,1,1,"Acetylation (N-term)",,0 0 6 0 0 2 12 5,G(+42.01)KKKALLL,,DeepNovo
G(+42.01)KKKLSRFL,16.92,1117.6971,9,55.6,9,0.8,373.57330,3,43.0771,12.5771,0.53,16643,HFX193_IPP292_GEL_CRC_324_Odd.raw,1.19E5,7.33E5,1,1,1,1,"Acetylation (N-term)",,0 0 16 16 20 0 0 13 5,G(+42.01)KKKLSRFL,sp|Q8WUJ3|CEMIP_HUMAN:sp|Q9Y5V0|ZN706_HUMAN:sp|Q04726|TLE3_HUMAN:sp|Q16827|PTPRO_HUMAN:sp|Q9H7M6|ZSWM4_HUMAN:sp|Q92901|RL3L_HUMAN:sp|P05107|ITB2_HUMAN:sp|P11055|MYH3_HUMAN:sp|P19174|PLCG1_HUMAN:sp|Q96JB1|DYH8_HUMAN:sp|P42768|WASP_HUMAN:sp|Q86WI3|NLRC5_HUMAN:sp|Q6IQ32|ADNP2_HUMAN:sp|Q5T5X7|BEND3_HUMAN:sp|O95255|MRP6_HUMAN:sp|Q9P2D7|DYH1_HUMAN:sp|Q8WUX9|CHMP7_HUMAN:sp|Q8IUZ5|AT2L2_HUMAN:sp|A1E959|ODAM_HUMAN:sp|O95864|FADS2_HUMAN:sp|Q96BK5|PINX1_HUMAN:sp|Q15527|SURF2_HUMAN:sp|Q02446|SP4_HUMAN:sp|P37108|SRP14_HUMAN:sp|O15297|PPM1D_HUMAN:sp|P39023|RL3_HUMAN:sp|Q96BN2|TADA1_HUMAN:sp|P78312|F193A_HUMAN:sp|Q8N9N5|BANP_HUMAN:sp|A6NNM8|TTL13_HUMAN:sp|Q9UKX2|MYH2_HUMAN:sp|Q8NDH2|CC168_HUMAN:sp|P46063|RECQ1_HUMAN:sp|A6NNW6|ENO4_HUMAN:sp|A8K0R7|ZN839_HUMAN:sp|Q14511|CASL_HUMAN:sp|Q9UKX3|MYH13_HUMAN:sp|Q5T1N1|AKND1_HUMAN:sp|Q9BYE2|TMPSD_HUMAN:sp|Q9BQS6|HSPB9_HUMAN:sp|Q9P2W1|HOP2_HUMAN:sp|P0C874|S31D3_HUMAN:sp|P12882|MYH1_HUMAN:sp|Q15746|MYLK_HUMAN:sp|Q96DT0|LEG12_HUMAN:sp|Q9NXE4|NSMA3_HUMAN:sp|P23219|PGH1_HUMAN:sp|O43427|FIBP_HUMAN:sp|Q6ZUB0|S31D4_HUMAN:sp|Q8TEP8|CE192_HUMAN:sp|Q8NHY0|B4GN2_HUMAN:sp|P00738|HPT_HUMAN:sp|Q8IVL1|NAV2_HUMAN:sp|Q5T7N2|LITD1_HUMAN:sp|P41221|WNT5A_HUMAN:sp|Q02086|SP2_HUMAN:sp|P0DKL9|A14EL_HUMAN:sp|Q9H900|ZWILC_HUMAN:sp|P35354|PGH2_HUMAN:sp|A6NC57|ANR62_HUMAN:sp|Q12933|TRAF2_HUMAN:sp|Q5JRC9|FA47A_HUMAN:sp|Q9C0B2|CFA74_HUMAN:sp|Q9BTX3|TM208_HUMAN:sp|Q15393|SF3B3_HUMAN:sp|Q96DR7|ARHGQ_HUMAN:sp|Q9HCM2|PLXA4_HUMAN:sp|P54278|PMS2_HUMAN:sp|B2RTY4|MYO9A_HUMAN:sp|Q14439|GP176_HUMAN:sp|P01148|GON1_HUMAN:sp|P07098|LIPG_HUMAN:sp|Q6UWW8|EST3_HUMAN:sp|Q9BTC0|DIDO1_HUMAN:sp|Q04724|TLE1_HUMAN:sp|Q6PID8|KLD10_HUMAN:sp|Q15459|SF3A1_HUMAN:sp|P38935|SMBP2_HUMAN:sp|Q07283|TRHY_HUMAN:sp|Q9ULL1|PKHG1_HUMAN:sp|P00739|HPTR_HUMAN:sp|Q9P217|ZSWM5_HUMAN:sp|Q8N442|GUF1_HUMAN:sp|A8MWK0|FS2P1_HUMAN:sp|P56589|PEX3_HUMAN:sp|P13533|MYH6_HUMAN:sp|Q9ULE3|DEN2A_HUMAN:sp|Q96M86|DNHD1_HUMAN:sp|Q9NQ66|PLCB1_HUMAN:sp|Q6ZQQ2|S31D1_HUMAN:sp|Q9H6R7|WDCP_HUMAN:sp|Q9HD47|MOG1_HUMAN:sp|Q8WU79|SMAP2_HUMAN:sp|P49454|CENPF_HUMAN:sp|Q8TEM1|PO210_HUMAN:sp|Q96LW2|KS6R_HUMAN:MIS18BP1_DEL_T-p.K157Nfs*24_::chr14:45246316-45247316_frame=-2:sp|Q9BVP2|GNL3_HUMAN:sp|P54840|GYS2_HUMAN:sp|Q9NPF5|DMAP1_HUMAN:sp|P61353|RL27_HUMAN:sp|Q15788|NCOA1_HUMAN:sp|A5PLL1|AN34B_HUMAN:sp|P54098|DPOG1_HUMAN:sp|Q9Y623|MYH4_HUMAN:sp|P06396|GELS_HUMAN:sp|Q9H5L6|THAP9_HUMAN:sp|P12883|MYH7_HUMAN:sp|P36222|CH3L1_HUMAN:sp|P13535|MYH8_HUMAN:sp|Q9HCJ5|ZSWM6_HUMAN:sp|Q9HAS3|S28A3_HUMAN:sp|Q99832|TCPH_HUMAN:sp|P0CG23|ZN853_HUMAN:sp|Q969I6|S38A4_HUMAN:sp|Q92736|RYR2_HUMAN:sp|Q96KP4|CNDP2_HUMAN,DeepNovo
G(+42.01)KKLKLHTF,49.38,1112.6705,9,55.6,9,1.8,557.34357,2,42.0399,17.6399,0.75,16238,HFX193_IPP292_GEL_CRC_324_Odd.raw,2.71E6,1.53E7,3,3,3,3,"Acetylation (N-term)",,0 0 10 4 1 1 4 5 5,G(+42.01)KKLKLHTF,sp|Q8IYA2|C144C_HUMAN:sp|P58107|EPIPL_HUMAN:sp|Q8IX94|CTGE4_HUMAN:sp|Q14493|SLBP_HUMAN:sp|P42858|HD_HUMAN:sp|Q86YV6|MYLK4_HUMAN:sp|Q2NL67|PARP6_HUMAN:sp|O75031|HSF2B_HUMAN:sp|P20929|NEBU_HUMAN:sp|Q8IWU5|SULF2_HUMAN:sp|Q86WS5|TMPSC_HUMAN:sp|P57682|KLF3_HUMAN:sp|Q460N5|PAR14_HUMAN:sp|O00338|ST1C2_HUMAN:sp|Q8NA42|ZN383_HUMAN:sp|Q8NGG4|OR8H1_HUMAN:sp|Q6V9R5|ZN562_HUMAN:sp|Q400G9|AMZ1_HUMAN:sp|Q2VWA4|SKOR2_HUMAN:sp|Q5TBB1|RNH2B_HUMAN:sp|Q8TEL6|TP4AP_HUMAN:sp|Q7Z6E9|RBBP6_HUMAN:sp|Q8N7X0|ADGB_HUMAN:sp|P43246|MSH2_HUMAN:sp|Q75T13|PGAP1_HUMAN:sp|Q96T59|CDRTF_HUMAN:sp|Q9NYW2|TA2R8_HUMAN:sp|A6NCI4|VWA3A_HUMAN:NDUFC2_DEL_AA-p.F69Cfs*9_::chr11:78072601-78073602_frame=3:sp|Q8IZL8|PELP1_HUMAN:sp|O14657|TOR1B_HUMAN:sp|Q4LDG9|DNAL1_HUMAN:sp|Q9BVR0|HRC23_HUMAN:sp|Q96K83|ZN521_HUMAN:sp|O43592|XPOT_HUMAN:sp|P0DJJ0|SRG2C_HUMAN:sp|O60281|ZN292_HUMAN:sp|Q7L190|DPPA4_HUMAN:sp|P0C221|CC175_HUMAN:sp|Q12980|NPRL3_HUMAN:sp|Q96P20|NLRP3_HUMAN:sp|Q86UW1|OSTA_HUMAN:sp|Q3MJ16|PA24E_HUMAN:sp|P15289|ARSA_HUMAN:sp|I6L899|GOG8R_HUMAN:sp|O75469|NR1I2_HUMAN:sp|Q14690|RRP5_HUMAN:sp|Q9NZ56|FMN2_HUMAN:sp|Q96T58|MINT_HUMAN:sp|Q12830|BPTF_HUMAN:sp|Q8N9B5|JMY_HUMAN:sp|P11532|DMD_HUMAN:sp|Q86U86|PB1_HUMAN:sp|Q8IUG5|MY18B_HUMAN:sp|Q8N960|CE120_HUMAN:sp|Q9H875|PKRI1_HUMAN:sp|Q86UV5|UBP48_HUMAN:sp|Q9UQB3|CTND2_HUMAN:sp|Q2TAL8|QRIC1_HUMAN:sp|Q6NYC8|PPR18_HUMAN:sp|Q8NHY0|B4GN2_HUMAN:sp|O00587|MFNG_HUMAN:sp|O75367|H2AY_HUMAN:sp|O43566|RGS14_HUMAN:sp|P49407|ARRB1_HUMAN:sp|Q9BZE4|GTPB4_HUMAN:sp|A6NGN4|PRA25_HUMAN:sp|O43194|GPR39_HUMAN:sp|Q9BY66|KDM5D_HUMAN:sp|Q5VVC0|SPO16_HUMAN:sp|Q9UPR6|ZFR2_HUMAN:sp|Q9BTC0|DIDO1_HUMAN:sp|Q9UIA0|CYH4_HUMAN:sp|Q9NRC6|SPTN5_HUMAN:sp|Q8NEV8|EXPH5_HUMAN:sp|Q13117|DAZ2_HUMAN:sp|Q8TF39|ZN483_HUMAN:sp|Q70EK8|UBP53_HUMAN:sp|O60890|OPHN1_HUMAN:sp|Q5VWK5|IL23R_HUMAN:sp|P33527|MRP1_HUMAN:sp|Q70CQ2|UBP34_HUMAN:sp|Q7Z406|MYH14_HUMAN:sp|Q969X6|UTP4_HUMAN:sp|Q6ZR08|DYH12_HUMAN:sp|Q5W0B1|OBI1_HUMAN:sp|P08047|SP1_HUMAN:sp|O43156|TTI1_HUMAN:sp|P19013|K2C4_HUMAN:sp|P46199|IF2M_HUMAN:sp|Q969L4|LSM10_HUMAN:sp|Q5BJE1|CC178_HUMAN:sp|Q9C030|TRIM6_HUMAN:sp|O95757|HS74L_HUMAN:sp|Q9HCE3|ZN532_HUMAN:sp|O15078|CE290_HUMAN:sp|O60721|NCKX1_HUMAN:sp|O00268|TAF4_HUMAN:sp|Q86SR1|GLT10_HUMAN:sp|Q8WWQ2|HPSE2_HUMAN:sp|P17024|ZNF20_HUMAN:sp|Q99590|SCAFB_HUMAN:sp|Q13488|VPP3_HUMAN:MSH3_DEL_A-p.K383Rfs*32_::chr5:80674596-80675596_frame=-3:sp|Q9NQH7|XPP3_HUMAN:sp|Q00587|BORG5_HUMAN:sp|Q96AX1|VP33A_HUMAN:sp|Q9H7V2|SYNG1_HUMAN:sp|Q96AY4|TTC28_HUMAN:sp|Q7Z422|SZRD1_HUMAN:sp|Q8N146|OR8H3_HUMAN:sp|Q03164|KMT2A_HUMAN:sp|Q13190|STX5_HUMAN:sp|Q9NVR7|TBCC1_HUMAN:sp|Q14814|MEF2D_HUMAN:sp|Q8NCM8|DYHC2_HUMAN:sp|Q8WTT2|NOC3L_HUMAN:sp|Q9UER7|DAXX_HUMAN:sp|P06400|RB_HUMAN:sp|Q96JM2|ZN462_HUMAN,DeepNovo
G(+42.01)KLAKLTRA,36.13,998.6237,9,77.8,9,0.7,333.88205,3,27.0973,0.9973,0.36,10140,HFX193_IPP292_GEL_CRC_324_Even.raw,,,1,1,0,0,"Acetylation (N-term)",,0 0 16 16 22 15 8 8 5,G(+42.01)KLAKLTRA,sp|P28908|TNR8_HUMAN:sp|Q9GZN7|ROGDI_HUMAN:sp|Q15782|CH3L2_HUMAN:sp|O15062|ZBTB5_HUMAN:sp|Q96IG2|FXL20_HUMAN:sp|Q9NX63|MIC19_HUMAN:sp|Q9UK05|GDF2_HUMAN:sp|Q8TE76|MORC4_HUMAN:sp|P52790|HXK3_HUMAN:sp|P54868|HMCS2_HUMAN:sp|P23786|CPT2_HUMAN:sp|Q9BX63|FANCJ_HUMAN:sp|Q96PH1|NOX5_HUMAN:sp|O60716|CTND1_HUMAN:sp|Q13884|SNTB1_HUMAN:sp|P17027|ZNF23_HUMAN:sp|Q6ZS72|PEAK3_HUMAN:sp|P11055|MYH3_HUMAN:sp|Q9Y5Y3|GPR45_HUMAN:sp|Q3KR16|PKHG6_HUMAN:sp|O94906|PRP6_HUMAN:sp|P18089|ADA2B_HUMAN:sp|Q86VH2|KIF27_HUMAN:sp|O94988|FA13A_HUMAN:sp|B1AL88|NALF1_HUMAN:sp|O00499|BIN1_HUMAN:sp|Q8N9K5|ZN565_HUMAN:sp|Q8IYM0|F186B_HUMAN:sp|Q96EY4|TMA16_HUMAN:sp|Q8N4T4|ARG39_HUMAN:sp|Q9P218|COKA1_HUMAN:sp|Q6P280|ZN529_HUMAN:sp|P00740|FA9_HUMAN:sp|Q96PQ0|SORC2_HUMAN:sp|Q96JJ3|ELMO2_HUMAN:sp|P38646|GRP75_HUMAN:sp|Q1ZYL8|IZUM4_HUMAN:sp|Q7RTP6|MICA3_HUMAN:sp|Q8N5U6|RNF10_HUMAN:sp|Q9Y3V2|RWDD3_HUMAN,DeepNovo
G(+42.01)KLDLD,20.76,701.3596,6,66.7,6,1.0,702.36755,1,70.9836,10.1836,0.72,27775,HFX193_IPP292_GEL_CRC_324_Even.raw,1.02E5,6.5E5,1,1,1,1,"Acetylation (N-term)",,0 0 88 86 15 5,G(+42.01)KLDLD,sp|P83111|LACTB_HUMAN,DB Search
G(+42.01)KLKKTVL,38.61,927.6117,8,62.5,8,1.4,464.81375,2,38.3592,21.0592,0.86,14719,HFX193_IPP292_GEL_CRC_324_Odd.raw,9.69E6,6.2E7,2,2,2,2,"Acetylation (N-term)",,0 0 25 8 0 2 6 5,G(+42.01)KLKKTVL,sp|P29728|OAS2_HUMAN:sp|Q9HAP2|MLXIP_HUMAN:sp|Q8IYA2|C144C_HUMAN:sp|Q8N283|ANR35_HUMAN:sp|Q9ULR5|PAI2B_HUMAN:sp|Q8N5C1|CAHM5_HUMAN:sp|Q5VT06|CE350_HUMAN:sp|Q6PI77|GASP3_HUMAN:sp|Q92626|PXDN_HUMAN:sp|Q13029|PRDM2_HUMAN:sp|P61201|CSN2_HUMAN:sp|O00330|ODPX_HUMAN:sp|Q9BTT6|LRRC1_HUMAN:sp|Q9ULU8|CAPS1_HUMAN:sp|Q86W34|AMZ2_HUMAN:sp|P59538|T2R31_HUMAN:sp|Q96JQ2|CLMN_HUMAN:sp|P54652|HSP72_HUMAN:sp|O75071|EFC14_HUMAN:sp|P25101|EDNRA_HUMAN:sp|Q9H3G5|CPVL_HUMAN:sp|Q5VTE6|ANGE2_HUMAN:sp|O75665|OFD1_HUMAN:TCF7L2_DEL_A-p.K485Sfs*23_::chr10:113165058-113166058_frame=-1:sp|A4UGR9|XIRP2_HUMAN:sp|P58417|NXPH1_HUMAN:sp|Q9UNA4|POLI_HUMAN:sp|A6NCI4|VWA3A_HUMAN:sp|Q05952|STP2_HUMAN:sp|P63133|POK8_HUMAN:sp|Q5TZA2|CROCC_HUMAN:sp|Q96QH2|PRAM_HUMAN:sp|Q96MK2|RIPR3_HUMAN:sp|Q8N1N4|K2C78_HUMAN:sp|Q9HCL0|PCD18_HUMAN:sp|Q9H7Z3|NRDE2_HUMAN:sp|P21359|NF1_HUMAN:sp|Q14160|SCRIB_HUMAN:sp|Q99969|RARR2_HUMAN:sp|Q76L83|ASXL2_HUMAN:sp|O95672|ECEL1_HUMAN:sp|Q5JPF3|AN36C_HUMAN:ZBTB20_DEL_G-p.P692Lfs*43_::chr3:114338656-114339656_frame=3:sp|Q6ZNE5|BAKOR_HUMAN:sp|P51692|STA5B_HUMAN:sp|Q86YC2|PALB2_HUMAN:sp|Q7Z417|NUFP2_HUMAN:sp|P23560|BDNF_HUMAN:sp|O00161|SNP23_HUMAN:sp|O43593|HAIR_HUMAN:sp|Q02487|DSC2_HUMAN:sp|P51531|SMCA2_HUMAN:sp|Q8NEA6|GLIS3_HUMAN:sp|Q9UM21|MGT4A_HUMAN:sp|Q8NHS9|SPT22_HUMAN:sp|Q9BV36|MELPH_HUMAN:sp|Q9Y6X6|MYO16_HUMAN:sp|P43235|CATK_HUMAN:sp|P11532|DMD_HUMAN:sp|Q8IUG5|MY18B_HUMAN:sp|Q4G148|GXLT1_HUMAN:sp|Q8N960|CE120_HUMAN:sp|Q8IVT5|KSR1_HUMAN:sp|Q6PEW0|PRS54_HUMAN:sp|Q9Y2K9|STB5L_HUMAN:sp|Q9Y4E6|WDR7_HUMAN:sp|Q96M32|KAD7_HUMAN:sp|Q9H799|CPLN1_HUMAN:sp|Q9P2M7|CING_HUMAN:sp|Q13576|IQGA2_HUMAN:sp|Q96PY5|FMNL2_HUMAN:sp|Q5VU43|MYOME_HUMAN:sp|O95613|PCNT_HUMAN:sp|Q9Y2I7|FYV1_HUMAN:sp|Q8WUM4|PDC6I_HUMAN:sp|P51530|DNA2_HUMAN:sp|Q13936|CAC1C_HUMAN:sp|Q9NRC6|SPTN5_HUMAN:sp|Q8NEV8|EXPH5_HUMAN:sp|P10074|TZAP_HUMAN:sp|O94779|CNTN5_HUMAN:sp|Q13127|REST_HUMAN:sp|Q68DN1|CB016_HUMAN:sp|Q15075|EEA1_HUMAN:sp|Q6IQ23|PKHA7_HUMAN:sp|Q16181|SEPT7_HUMAN:sp|Q6ZQQ2|S31D1_HUMAN:sp|P20908|CO5A1_HUMAN:sp|Q9NUQ9|CYRIB_HUMAN:sp|Q5VU69|CP141_HUMAN:sp|A6PVI3|NCB2L_HUMAN:sp|Q03519|TAP2_HUMAN:sp|O43353|RIPK2_HUMAN:sp|A0A1B0GTU1|ZC11B_HUMAN:sp|Q14186|TFDP1_HUMAN:sp|P18074|ERCC2_HUMAN:MIS18BP1_DEL_T-p.K157Nfs*24_::chr14:45246316-45247316_frame=-2:sp|Q15652|JHD2C_HUMAN:sp|Q2HXU8|CL12B_HUMAN:sp|Q92667|AKAP1_HUMAN:sp|P59542|T2R19_HUMAN:sp|A6NL46|YF016_HUMAN:sp|Q8N3K9|CMYA5_HUMAN:sp|Q96KR7|PHAR3_HUMAN:sp|Q96AE7|TTC17_HUMAN:sp|Q9H967|WDR76_HUMAN:sp|Q9BSC4|NOL10_HUMAN:sp|Q9ULD2|MTUS1_HUMAN:sp|P11387|TOP1_HUMAN:sp|P13725|ONCM_HUMAN:sp|O75800|ZMY10_HUMAN:sp|Q9NZC9|SMAL1_HUMAN:sp|O75152|ZC11A_HUMAN:sp|Q14676|MDC1_HUMAN:sp|Q9UDY2|ZO2_HUMAN:sp|Q9C0B9|ZCHC2_HUMAN:sp|Q14140|SRTD2_HUMAN:sp|Q9C0H9|SRCN1_HUMAN:sp|Q8N841|TTLL6_HUMAN:sp|Q9NZW5|PALS2_HUMAN,DeepNovo
G(+42.01)KLKVKL,18.18,826.5640,7,71.4,7,1.0,414.28970,2,45.1214,-0.7786,0.72,17461,HFX193_IPP292_GEL_CRC_324_Even.raw,5.42E5,3.74E6,2,2,2,2,"Acetylation (N-term)",,0 0 11 5 5 8 5,G(+42.01)KLKVKL,sp|Q86YS7|C2CD5_HUMAN:sp|O43173|SIA8C_HUMAN,DB Search
G(+42.01)KLRVL,14.21,726.4752,6,66.7,6,-0.2,364.24481,2,45.8751,-10.2248,0.58,17784,HFX193_IPP292_GEL_CRC_324_Odd.raw,2.73E5,1.82E6,1,1,1,1,"Acetylation (N-term)",,0 0 34 3 11 5,G(+42.01)KLRVL,sp|Q6JVE6|LCN10_HUMAN:sp|Q9H5Q4|TFB2M_HUMAN:sp|Q9UKN7|MYO15_HUMAN:sp|Q9Y2W3|S45A1_HUMAN,DB Search
G(+42.01)KQ(+0.98)LHAGVL,42.13,964.5342,9,44.4,9,1.9,483.27527,2,44.0094,-2.4906,0.50,17031,HFX193_IPP292_GEL_CRC_324_Odd.raw,1.61E5,2.04E6,1,1,1,1,"Acetylation (N-term);Deamidation (NQ)",,0 0 3 3 1 1 1 2 5,G(+42.01)KQ(+0.98)LHAGVL,sp|P51841|GUC2F_HUMAN:sp|P0DKX0|ZN728_HUMAN:sp|Q96KA5|CLP1L_HUMAN:sp|Q8N4S7|PAQR4_HUMAN:sp|Q9Y6R6|Z780B_HUMAN:sp|H3BNL1|CC084_HUMAN:sp|Q8WXI2|CNKR2_HUMAN:sp|P09529|INHBB_HUMAN:sp|Q14774|HLX_HUMAN:sp|Q6P9B9|INT5_HUMAN:sp|Q86V15|CASZ1_HUMAN:sp|Q96JK2|DCAF5_HUMAN:sp|Q16658|FSCN1_HUMAN:sp|Q9UEG4|ZN629_HUMAN:sp|Q86W34|AMZ2_HUMAN:sp|P17097|ZNF7_HUMAN:sp|Q8NBF1|GLIS1_HUMAN:sp|Q6P9H4|CNKR3_HUMAN:sp|Q14997|PSME4_HUMAN:sp|P62333|PRS10_HUMAN:sp|Q6AW86|Z324B_HUMAN:sp|O75467|Z324A_HUMAN:sp|Q01167|FOXK2_HUMAN:sp|O95140|MFN2_HUMAN:sp|Q96NL3|ZN599_HUMAN:sp|O95255|MRP6_HUMAN:sp|O43504|LTOR5_HUMAN:sp|Q6ZNH5|ZN497_HUMAN:sp|Q9H0B8|CRLD2_HUMAN:sp|P54886|P5CS_HUMAN:sp|Q9NSJ1|Z355P_HUMAN:sp|Q6PJF5|RHDF2_HUMAN:sp|Q8WTT2|NOC3L_HUMAN:sp|Q8N9Z0|ZN610_HUMAN:sp|Q9BRF8|CPPED_HUMAN:sp|G9CGD6|CNIPF_HUMAN:sp|Q9Y6A5|TACC3_HUMAN,DeepNovo
G(+42.01)KRLAL,10.51,698.4439,6,66.7,6,0.3,350.22934,2,44.3212,7.6212,0.42,17140,HFX193_IPP292_GEL_CRC_324_Odd.raw,2.57E5,2.15E6,1,1,1,1,"Acetylation (N-term)",,0 0 2 30 27 5,G(+42.01)KRLAL,sp|Q9BTU6|P4K2A_HUMAN:sp|Q16630|CPSF6_HUMAN:sp|Q2M2I3|FA83E_HUMAN,DB Search
G(+42.01)KRLLLHHL,42.84,1127.6927,9,66.7,9,1.3,376.90533,3,42.8718,8.2718,0.40,16579,HFX193_IPP292_GEL_CRC_324_Odd.raw,1.41E5,1.07E6,1,1,1,1,"Acetylation (N-term)",,0 0 0 7 3 3 3 2 2,G(+42.01)KRLLLHHL,sp|Q0VG06|FP100_HUMAN:sp|Q8WWB7|GLMP_HUMAN:sp|Q9UNS1|TIM_HUMAN:sp|O95992|CH25H_HUMAN:sp|O15439|MRP4_HUMAN:sp|Q8IU89|CERS3_HUMAN:sp|P00167|CYB5_HUMAN:sp|Q86UU1|PHLB1_HUMAN:sp|O94973|AP2A2_HUMAN:sp|Q6UWU4|CF089_HUMAN:sp|Q6AI08|HEAT6_HUMAN:sp|Q8TAQ5|ZN420_HUMAN:sp|O95994|AGR2_HUMAN:sp|Q96CS2|HAUS1_HUMAN:sp|B2RTY4|MYO9A_HUMAN:sp|Q9NYK1|TLR7_HUMAN:sp|Q8N5G2|MACOI_HUMAN:sp|O14497|ARI1A_HUMAN:sp|Q7Z6G8|ANS1B_HUMAN:sp|Q96KK4|O10C1_HUMAN:sp|Q8NH67|O52I2_HUMAN:sp|Q05BQ5|MBTD1_HUMAN:sp|A6NJI9|LRC72_HUMAN:sp|P46019|KPB2_HUMAN:sp|Q86VH2|KIF27_HUMAN:sp|Q14997|PSME4_HUMAN:sp|O95714|HERC2_HUMAN:sp|O00254|PAR3_HUMAN:sp|Q6NVY1|HIBCH_HUMAN:sp|Q96SD1|DCR1C_HUMAN:sp|Q6IQ32|ADNP2_HUMAN:sp|Q9BXW9|FACD2_HUMAN:sp|Q8NFD5|ARI1B_HUMAN:sp|Q96RE9|ZN300_HUMAN:sp|Q8NGH8|O56A4_HUMAN:sp|P86452|ZBED6_HUMAN:sp|Q8TF09|DLRB2_HUMAN:sp|Q86YE8|ZN573_HUMAN:sp|P01920|DQB1_HUMAN:sp|Q96ST3|SIN3A_HUMAN:sp|Q92521|PIGB_HUMAN:sp|P17025|ZN182_HUMAN:sp|Q16600|ZN239_HUMAN:SERPINB10_DEL_A-p.R76Gfs*7_::chr18:63917005-63918005_frame=-1:sp|Q9Y613|FHOD1_HUMAN:sp|Q5TCS8|KAD9_HUMAN:sp|Q2KHT3|CL16A_HUMAN:sp|Q9UDV7|ZN282_HUMAN:sp|O15197|EPHB6_HUMAN:sp|P42356|PI4KA_HUMAN:sp|Q9NZJ4|SACS_HUMAN:sp|Q8NF91|SYNE1_HUMAN:sp|Q5DID0|UROL1_HUMAN:sp|Q504Y2|PKDCC_HUMAN:sp|Q8IUC6|TCAM1_HUMAN:sp|P15538|C11B1_HUMAN:ADD3_INS_--A_p.E702Gfs*4::chr10:110133091-110134092_frame=1:sp|P46020|KPB1_HUMAN:sp|Q5T1N1|AKND1_HUMAN:sp|Q9BTV4|TMM43_HUMAN:sp|Q6NSI1|AR26L_HUMAN:sp|Q7Z3U7|MON2_HUMAN:sp|Q5T0F9|C2D1B_HUMAN:sp|P19099|C11B2_HUMAN:sp|Q15283|RASA2_HUMAN:sp|Q6ZP29|LAAT1_HUMAN:sp|P0C7T3|O56A5_HUMAN:sp|Q9HBI0|PARVG_HUMAN:sp|Q96EZ4|MYEOV_HUMAN:sp|Q7Z695|ADCK2_HUMAN:sp|Q9BX84|TRPM6_HUMAN:sp|Q96JF6|ZN594_HUMAN:sp|A0JNW5|BLT3B_HUMAN:sp|Q7Z6B7|SRGP1_HUMAN:sp|P54886|P5CS_HUMAN:sp|Q86U44|MTA70_HUMAN:sp|P51649|SSDH_HUMAN:sp|Q9HCG7|GBA2_HUMAN:sp|O43295|SRGP3_HUMAN:sp|Q8N141|ZFP82_HUMAN:sp|Q5TG30|RHG40_HUMAN:sp|P43007|SATT_HUMAN:sp|Q00722|PLCB2_HUMAN:sp|Q9UPN3|MACF1_HUMAN,DeepNovo
G(+42.01)KSAAAAAALGAAK,67.98,1198.6670,14,71.4,14,3.4,600.34277,2,36.5841,-4.1159,0.42,13990,HFX193_IPP292_GEL_CRC_324_Even.raw,1.94E6,1.27E7,1,1,1,1,"Acetylation (N-term)",,0 0 8 63 61 40 24 11 8 7 1 1 5 5,G(+42.01)KSAAAAAALGAAK,MARCKS_DEL_A-p.K155Rfs*12_::chr6:113859534-113860534_frame=1:sp|Q13461|FOXE3_HUMAN:sp|O60779|S19A2_HUMAN:sp|Q08289|CACB2_HUMAN:sp|Q504T8|MIDN_HUMAN:sp|Q9H4H8|FA83D_HUMAN:sp|Q4LEZ3|AARD_HUMAN:sp|Q5VWI1|TCRGL_HUMAN:sp|Q8N3Y3|LARG2_HUMAN:sp|Q9BYC9|RM20_HUMAN:SEC31A_INS_--T_p.I462Nfs*2::chr4:82863911-82864912_frame=-2:sp|Q9UNA1|RHG26_HUMAN:sp|Q9NQ79|CRAC1_HUMAN:sp|Q00403|TF2B_HUMAN:sp|Q8NFD5|ARI1B_HUMAN:MARCKS_DEL_A-p.K155Rfs*12_::chr6:113859534-113860534_frame=2:sp|Q8NBA8|DTWD2_HUMAN:DOCK3_DEL_C-p.P1852Qfs*45_::chr3:51379673-51380673_frame=-3:sp|Q8NAP8|ZBT8B_HUMAN:sp|A6NGR9|MROH6_HUMAN:sp|Q641Q2|WAC2A_HUMAN:sp|O15265|ATX7_HUMAN:sp|Q13620|CUL4B_HUMAN:sp|Q96T76|MMS19_HUMAN:sp|Q9NX05|F120C_HUMAN:sp|Q15025|TNIP1_HUMAN:sp|O14657|TOR1B_HUMAN:sp|P35408|PE2R4_HUMAN:sp|Q7RTS3|PTF1A_HUMAN:sp|Q8NF64|ZMIZ2_HUMAN:sp|P37108|SRP14_HUMAN:sp|Q6P6C2|ALKB5_HUMAN:sp|Q9P2S2|NRX2A_HUMAN:sp|Q99707|METH_HUMAN:sp|Q8IZ52|CHSS2_HUMAN:sp|Q9HAH7|FBRS_HUMAN:tr|A0A1W2PR80|A0A1W2PR80_HUMAN:sp|P27361|MK03_HUMAN:sp|Q9HA90|EFCC1_HUMAN:sp|Q99536|VAT1_HUMAN:sp|Q08493|PDE4C_HUMAN:sp|Q587I9|SFT2C_HUMAN:sp|O95665|NTR2_HUMAN:sp|Q5VWQ8|DAB2P_HUMAN:sp|Q0P6H9|TMM62_HUMAN:sp|P54315|LIPR1_HUMAN:sp|P16989|YBOX3_HUMAN:sp|Q9H6A0|DEN2D_HUMAN:sp|Q96T58|MINT_HUMAN:sp|Q59H18|TNI3K_HUMAN:sp|A6NHT5|HMX3_HUMAN:sp|Q8WXQ8|CBPA5_HUMAN:sp|Q99471|PFD5_HUMAN:sp|Q86U06|RBM23_HUMAN:MARCKS_DEL_A-p.K155Rfs*12_::chr6:113859534-113860534_frame=-1:sp|Q13671|RIN1_HUMAN:sp|Q496Y0|LONF3_HUMAN:sp|Q6UXC1|AEGP_HUMAN:sp|Q9BPX5|ARP5L_HUMAN:sp|P16260|GDC_HUMAN:sp|P11831|SRF_HUMAN:sp|P38484|INGR2_HUMAN:sp|Q969S8|HDA10_HUMAN:sp|O95622|ADCY5_HUMAN:sp|P28482|MK01_HUMAN:sp|Q96NT1|NP1L5_HUMAN:SETD1B_DEL_C-p.H8Tfs*27_::chr12:121804252-121805252_frame=-3:sp|P56270|MAZ_HUMAN:SEC31A_INS_--T_p.I462Nfs*2::chr4:82863911-82864912_frame=1:sp|O75925|PIAS1_HUMAN:sp|Q8NDY6|BHE23_HUMAN:MARCKS_DEL_A-p.K155Rfs*12_::chr6:113859534-113860534_frame=-2:sp|Q8N3F9|G137C_HUMAN:sp|P17010|ZFX_HUMAN:sp|Q9Y5J1|UTP18_HUMAN:sp|Q9UPR6|ZFR2_HUMAN:sp|Q9H2D6|TARA_HUMAN:sp|O75912|DGKI_HUMAN:sp|Q5VZB9|DMRTA_HUMAN:sp|Q5K4L6|S27A3_HUMAN:sp|O00410|IPO5_HUMAN:sp|Q13263|TIF1B_HUMAN:sp|O00116|ADAS_HUMAN:sp|Q86TG7|PEG10_HUMAN:sp|O75420|GGYF1_HUMAN:sp|Q9UK22|FBX2_HUMAN:sp|P30559|OXYR_HUMAN:sp|Q9NZV5|SELN_HUMAN:sp|Q8NE35|CPEB3_HUMAN:sp|Q8TE49|OTU7A_HUMAN:sp|Q8IYT3|CC170_HUMAN:sp|Q969W9|PMEPA_HUMAN:sp|P42345|MTOR_HUMAN:sp|Q9H4Q4|PRD12_HUMAN:SETD1B_DEL_C-p.H8Tfs*27_::chr12:121804252-121805252_frame=3:sp|Q9UJ14|GGT7_HUMAN:sp|Q96S59|RANB9_HUMAN:sp|Q8TE76|MORC4_HUMAN:sp|Q15652|JHD2C_HUMAN:sp|O75364|PITX3_HUMAN:sp|Q6ZMT4|KDM7A_HUMAN:sp|Q9NWL6|ASND1_HUMAN:sp|Q9HB15|KCNKC_HUMAN:sp|Q9NXT0|ZN586_HUMAN:sp|A6NGN9|IGLO5_HUMAN:sp|Q8IV76|PASD1_HUMAN:sp|Q8NEM7|SP20H_HUMAN:sp|P20264|PO3F3_HUMAN:sp|Q9NQS7|INCE_HUMAN:sp|P31277|HXD11_HUMAN:sp|Q9H707|ZN552_HUMAN:sp|P52746|ZN142_HUMAN:sp|Q03164|KMT2A_HUMAN:sp|Q14721|KCNB1_HUMAN:sp|Q9NS37|ZHANG_HUMAN:sp|Q9NR56|MBNL1_HUMAN:sp|Q9H0E3|SP130_HUMAN:sp|P31270|HXA11_HUMAN:sp|Q86X55|CARM1_HUMAN:sp|O00322|UPK1A_HUMAN,DeepNovo
G(+42.01)KSGGALF,31.38,777.4021,8,75.0,8,2.3,778.41113,1,59.5672,-11.3328,0.69,23238,HFX193_IPP292_GEL_CRC_324_Even.raw,9.72E5,7.5E6,1,1,1,1,"Acetylation (N-term)",,0 0 7 19 4 4 65 5,G(+42.01)KSGGALF,sp|Q15465|SHH_HUMAN:sp|Q8NE62|CHDH_HUMAN:sp|Q96FM1|PGAP3_HUMAN:sp|Q8TBR7|TLC3A_HUMAN:sp|Q9BZE0|GLIS2_HUMAN:sp|P46531|NOTC1_HUMAN:sp|P38570|ITAE_HUMAN:sp|P51788|CLCN2_HUMAN:sp|Q9BYP7|WNK3_HUMAN:sp|Q6ZRY4|RBPS2_HUMAN:sp|Q6VVX0|CP2R1_HUMAN:sp|Q7Z449|CP2U1_HUMAN:sp|P29016|CD1B_HUMAN:sp|Q7Z3U7|MON2_HUMAN:sp|O94986|CE152_HUMAN:sp|Q9NZ32|ARP10_HUMAN:sp|Q6P3S1|DEN1B_HUMAN:sp|P19532|TFE3_HUMAN:sp|Q8N6F1|CLD19_HUMAN:sp|Q4G0P3|HYDIN_HUMAN:sp|Q92995|UBP13_HUMAN:sp|Q96KN3|PKNX2_HUMAN:sp|Q9H300|PARL_HUMAN:sp|P56748|CLD8_HUMAN:sp|P19404|NDUV2_HUMAN:sp|Q9H6X5|CS044_HUMAN:sp|O94967|WDR47_HUMAN:sp|Q9NQS3|NECT3_HUMAN:sp|Q75VX8|GARE2_HUMAN:sp|O95832|CLD1_HUMAN:sp|O00187|MASP2_HUMAN:sp|Q8TD94|KLF14_HUMAN,DeepNovo
G(+42.01)KSGLEVHL,33.20,980.5291,9,77.8,9,-1.5,491.27106,2,59.9128,-13.6872,0.38,23350,HFX193_IPP292_GEL_CRC_324_Odd.raw,6.82E5,5.23E6,2,2,2,2,"Acetylation (N-term)",,0 0 2 2 2 6 6 2 2,G(+42.01)KSGLEVHL,sp|Q9H461|FZD8_HUMAN:sp|Q9H3Y0|CRSPL_HUMAN:sp|P24043|LAMA2_HUMAN:sp|Q02763|TIE2_HUMAN:sp|Q8TF68|ZN384_HUMAN:sp|Q6P2Q9|PRP8_HUMAN:sp|Q8N0Z9|VSI10_HUMAN:sp|Q3KNW5|SOAT_HUMAN:sp|Q9UP38|FZD1_HUMAN:sp|Q9Y6F1|PARP3_HUMAN:RNF43_DEL_C-p.G659Vfs*41_::chr17:58357300-58358300_frame=3:sp|O14641|DVL2_HUMAN:sp|P31689|DNJA1_HUMAN:sp|Q8WZ42|TITIN_HUMAN:sp|Q13467|FZD5_HUMAN:sp|O14578|CTRO_HUMAN:sp|Q8N3C0|ASCC3_HUMAN:sp|Q5VTD9|GFI1B_HUMAN:sp|P42566|EPS15_HUMAN:sp|Q13263|TIF1B_HUMAN:sp|Q9P2J2|TUTLA_HUMAN:sp|Q709C8|VP13C_HUMAN:sp|Q8WXH4|ASB11_HUMAN:sp|A0A0B4J2F2|SIK1B_HUMAN:sp|Q96QA5|GSDMA_HUMAN:sp|O95393|BMP10_HUMAN:sp|Q9UP83|COG5_HUMAN:sp|Q8WW59|SPRY4_HUMAN:sp|O00206|TLR4_HUMAN:sp|Q96AB6|NTAN1_HUMAN:sp|Q96MK2|RIPR3_HUMAN:sp|P50993|AT1A2_HUMAN:sp|Q8NHU6|TDRD7_HUMAN:sp|Q9H6R0|DHX33_HUMAN:sp|Q8N205|SYNE4_HUMAN:sp|Q01826|SATB1_HUMAN:sp|Q92997|DVL3_HUMAN:sp|P08637|FCG3A_HUMAN:sp|Q07954|LRP1_HUMAN:sp|O75084|FZD7_HUMAN:sp|P51610|HCFC1_HUMAN:sp|P57059|SIK1_HUMAN:sp|P16520|GBB3_HUMAN:sp|Q8NFW8|NEUA_HUMAN:sp|Q8WXG9|AGRV1_HUMAN:sp|Q12955|ANK3_HUMAN:sp|P00390|GSHR_HUMAN:sp|Q5TAQ9|DCAF8_HUMAN:sp|Q6ZSB3|CB046_HUMAN:sp|Q8IYD8|FANCM_HUMAN:sp|Q96L94|SNX22_HUMAN:sp|P36776|LONM_HUMAN:sp|P13637|AT1A3_HUMAN:sp|O75015|FCG3B_HUMAN:sp|Q5JWR5|DOP1_HUMAN:sp|Q9Y597|KCTD3_HUMAN:sp|Q99684|GFI1_HUMAN:sp|Q9Y6D9|MD1L1_HUMAN:sp|Q32M88|PGGHG_HUMAN:sp|Q9BSY9|DESI2_HUMAN:sp|Q9NX94|WBP1L_HUMAN:sp|Q05BV3|EMAL5_HUMAN:sp|Q5VYS8|TUT7_HUMAN:sp|Q99678|GPR20_HUMAN:sp|Q9NQG7|HPS4_HUMAN:sp|Q5VTL7|FNDC7_HUMAN:sp|O95711|LY86_HUMAN:sp|Q9Y2G9|SBNO2_HUMAN:sp|Q6ZUB1|S31E1_HUMAN:sp|Q14332|FZD2_HUMAN,DeepNovo
G(+42.01)KSHC(+119.00)C(+119.00)C(+119.00)C(+119.00)C(+119.00)SM(+15.99)DVAAFGGKL,116.03,2671.8223,20,40.0,20,4.0,668.96552,4,51.7653,3.1653,0.37,20122,HFX193_IPP292_GEL_CRC_324_Odd.raw,,,1,1,0,0,"Acetylation (N-term);Cysteinylation;Cysteinylation;Cysteinylation;Cysteinylation; more",,0 0 5 0 0 0 0 0 0 12 12 7 7 21 14 11 0 0 0 0,G(+42.01)KSHC(+119.00)C(+119.00)C(+119.00)C(+119.00)C(+119.00)SM(+15.99)DVAAFGGKL,sp|P09104|ENOG_HUMAN:sp|P98160|PGBM_HUMAN:sp|Q9GZZ6|ACH10_HUMAN:sp|O75400|PR40A_HUMAN:sp|P13929|ENOB_HUMAN:sp|Q9NT68|TEN2_HUMAN:sp|Q9UBG7|RBPJL_HUMAN:sp|P46531|NOTC1_HUMAN:sp|P29279|CCN2_HUMAN:sp|P06733|ENOA_HUMAN:sp|Q12955|ANK3_HUMAN:sp|P24534|EF1B_HUMAN:sp|O75132|ZBED4_HUMAN:sp|Q3SY69|AL1L2_HUMAN,DeepNovo
G(+42.01)KSLDLTK,24.74,902.5073,8,62.5,8,1.4,452.26154,2,32.0033,5.0033,0.24,12141,HFX193_IPP292_GEL_CRC_324_Odd.raw,1.21E6,1.14E7,2,2,2,2,"Acetylation (N-term)",,0 0 0 3 3 10 10 5,G(+42.01)KSLDLTK,sp|O43897|TLL1_HUMAN:sp|Q14691|PSF1_HUMAN:sp|Q13395|TARB1_HUMAN:sp|Q6DN14|MCTP1_HUMAN:sp|Q9UK28|TM59L_HUMAN:sp|P62269|RS18_HUMAN:sp|O00220|TR10A_HUMAN:sp|Q5SVS4|KMCP1_HUMAN:sp|Q5U623|MCAF2_HUMAN:sp|Q96T68|SETB2_HUMAN:sp|P39059|COFA1_HUMAN:sp|Q86WZ6|ZN227_HUMAN:sp|Q8IY95|TM192_HUMAN:sp|O14983|AT2A1_HUMAN:sp|Q00973|B4GN1_HUMAN:sp|Q9P2E7|PCD10_HUMAN:sp|O60449|LY75_HUMAN:sp|Q6ZSZ6|TSH1_HUMAN:sp|Q8WY54|PPM1E_HUMAN:sp|O95847|UCP4_HUMAN:sp|Q8NB25|F184A_HUMAN:sp|Q9BW71|HIRP3_HUMAN:sp|Q86VQ6|TRXR3_HUMAN:sp|Q9NSV4|DIAP3_HUMAN:sp|P17480|UBF1_HUMAN:sp|Q9HBG7|LY9_HUMAN:sp|Q9BZW7|TSG10_HUMAN:sp|Q63HK5|TSH3_HUMAN:sp|Q68CP9|ARID2_HUMAN:sp|Q53SF7|COBL1_HUMAN:sp|Q06033|ITIH3_HUMAN:sp|P10515|ODP2_HUMAN:sp|Q9NZN5|ARHGC_HUMAN:sp|Q494U1|PKHN1_HUMAN:sp|Q2TB90|HKDC1_HUMAN:sp|Q9UHL0|DDX25_HUMAN:sp|Q9H9Y6|RPA2_HUMAN:sp|Q9UKA1|FBXL5_HUMAN:sp|O75751|S22A3_HUMAN:sp|O43379|WDR62_HUMAN:sp|Q9P2K2|TXD16_HUMAN:sp|Q9P015|RM15_HUMAN:sp|Q9GZS0|DNAI2_HUMAN:sp|Q8IY92|SLX4_HUMAN:sp|Q92888|ARHG1_HUMAN:sp|Q9NRE2|TSH2_HUMAN:sp|Q9UKL3|C8AP2_HUMAN:sp|P42226|STAT6_HUMAN:sp|Q9NR30|DDX21_HUMAN:sp|Q9Y3C0|WASC3_HUMAN:sp|Q5QP82|DCA10_HUMAN:sp|Q9UJQ7|SCP2D_HUMAN:sp|O60242|AGRB3_HUMAN:sp|Q9NZJ5|E2AK3_HUMAN,DeepNovo
G(+42.01)KTLRRPPAAAAAALAGAK,107.94,1832.0743,19,57.9,19,1.7,459.02667,4,36.4927,-4.0073,0.25,13973,HFX193_IPP292_GEL_CRC_324_Odd.raw,8E5,4.37E6,1,1,1,1,"Acetylation (N-term)",,0 0 15 7 0 0 0 0 21 60 68 42 97 92 21 0 0 15 5,G(+42.01)KTLRRPPAAAAAALAGAK,MARCKS_DEL_A-p.K155Rfs*12_::chr6:113859534-113860534_frame=1:sp|Q13461|FOXE3_HUMAN:sp|Q9H7Z7|PGES2_HUMAN:sp|P56747|CLD6_HUMAN:sp|Q504T8|MIDN_HUMAN:sp|Q9H4H8|FA83D_HUMAN:sp|Q4LEZ3|AARD_HUMAN:sp|Q5VWI1|TCRGL_HUMAN:sp|Q9NSE4|SYIM_HUMAN:sp|Q9H7M9|VISTA_HUMAN:sp|P54652|HSP72_HUMAN:sp|Q01101|INSM1_HUMAN:sp|Q8NHW6|OTOSP_HUMAN:SEC31A_INS_--T_p.I462Nfs*2::chr4:82863911-82864912_frame=-2:sp|Q8NI99|ANGL6_HUMAN:sp|Q6V1X1|DPP8_HUMAN:sp|Q6P0Q8|MAST2_HUMAN:sp|Q9NQ79|CRAC1_HUMAN:sp|Q00403|TF2B_HUMAN:sp|Q8NFD5|ARI1B_HUMAN:sp|Q7Z6E9|RBBP6_HUMAN:MARCKS_DEL_A-p.K155Rfs*12_::chr6:113859534-113860534_frame=2:sp|Q8NBA8|DTWD2_HUMAN:DOCK3_DEL_C-p.P1852Qfs*45_::chr3:51379673-51380673_frame=-3:sp|Q8NAP8|ZBT8B_HUMAN:sp|Q641Q2|WAC2A_HUMAN:sp|Q5TZA2|CROCC_HUMAN:sp|Q8NBJ4|GOLM1_HUMAN:sp|Q13620|CUL4B_HUMAN:sp|Q9ULI4|KI26A_HUMAN:sp|Q96T76|MMS19_HUMAN:sp|O14657|TOR1B_HUMAN:sp|P35408|PE2R4_HUMAN:sp|Q7RTS3|PTF1A_HUMAN:sp|Q8NF64|ZMIZ2_HUMAN:sp|P37108|SRP14_HUMAN:sp|Q6P6C2|ALKB5_HUMAN:sp|Q86Y56|DAAF5_HUMAN:sp|Q8IZ52|CHSS2_HUMAN:sp|Q9HAH7|FBRS_HUMAN:tr|A0A1W2PR80|A0A1W2PR80_HUMAN:sp|Q8N461|FXL16_HUMAN:sp|P27361|MK03_HUMAN:sp|Q9HA90|EFCC1_HUMAN:sp|Q99536|VAT1_HUMAN:sp|Q17RB8|LONF1_HUMAN:sp|P61328|FGF12_HUMAN:sp|Q5VWQ8|DAB2P_HUMAN:sp|Q0P6H9|TMM62_HUMAN:sp|P16989|YBOX3_HUMAN:sp|Q9H6A0|DEN2D_HUMAN:sp|Q59H18|TNI3K_HUMAN:sp|A6NHT5|HMX3_HUMAN:sp|P78559|MAP1A_HUMAN:sp|Q9BQQ3|GORS1_HUMAN:sp|Q86U06|RBM23_HUMAN:MARCKS_DEL_A-p.K155Rfs*12_::chr6:113859534-113860534_frame=-1:sp|Q13671|RIN1_HUMAN:sp|Q9H5Q4|TFB2M_HUMAN:sp|Q9BPX5|ARP5L_HUMAN:sp|P16260|GDC_HUMAN:sp|P11831|SRF_HUMAN:sp|P38484|INGR2_HUMAN:sp|O95622|ADCY5_HUMAN:sp|P28482|MK01_HUMAN:sp|Q96NT1|NP1L5_HUMAN:SETD1B_DEL_C-p.H8Tfs*27_::chr12:121804252-121805252_frame=-3:sp|P56270|MAZ_HUMAN:sp|Q9BR39|JPH2_HUMAN:sp|Q9C0H2|TTYH3_HUMAN:SEC31A_INS_--T_p.I462Nfs*2::chr4:82863911-82864912_frame=1:sp|O75925|PIAS1_HUMAN:sp|Q8NDY6|BHE23_HUMAN:MARCKS_DEL_A-p.K155Rfs*12_::chr6:113859534-113860534_frame=-2:sp|Q96D31|CRCM1_HUMAN:sp|Q9Y5J1|UTP18_HUMAN:sp|A6NKX4|S22AV_HUMAN:sp|O75912|DGKI_HUMAN:sp|Q5VZB9|DMRTA_HUMAN:sp|Q5K4L6|S27A3_HUMAN:sp|O00410|IPO5_HUMAN:sp|Q13263|TIF1B_HUMAN:sp|Q9UEY8|ADDG_HUMAN:sp|Q96A99|PTX4_HUMAN:sp|Q03014|HHEX_HUMAN:sp|Q86VD7|S2542_HUMAN:sp|Q86TG7|PEG10_HUMAN:sp|O75420|GGYF1_HUMAN:sp|Q9UK22|FBX2_HUMAN:sp|Q9NQZ5|STAR7_HUMAN:sp|Q9NZV5|SELN_HUMAN:sp|Q8NE35|CPEB3_HUMAN:sp|Q8TE49|OTU7A_HUMAN:sp|Q969W9|PMEPA_HUMAN:sp|P42345|MTOR_HUMAN:sp|Q9H4Q4|PRD12_HUMAN:SETD1B_DEL_C-p.H8Tfs*27_::chr12:121804252-121805252_frame=3:sp|Q96S59|RANB9_HUMAN:sp|Q15652|JHD2C_HUMAN:sp|O75364|PITX3_HUMAN:sp|Q6ZMT4|KDM7A_HUMAN:sp|Q9NWL6|ASND1_HUMAN:RNF43_DEL_C-p.G659Vfs*41_::chr17:58357300-58358300_frame=2:sp|Q9NXT0|ZN586_HUMAN:sp|A6NGN9|IGLO5_HUMAN:sp|P55064|AQP5_HUMAN:sp|O94979|SC31A_HUMAN:sp|Q8IV76|PASD1_HUMAN:sp|Q8NEM7|SP20H_HUMAN:sp|P20264|PO3F3_HUMAN:sp|Q9NQS7|INCE_HUMAN:sp|P31277|HXD11_HUMAN:sp|Q9H707|ZN552_HUMAN:sp|P52746|ZN142_HUMAN:sp|P49137|MAPK2_HUMAN:sp|Q9NS37|ZHANG_HUMAN:sp|Q9NR56|MBNL1_HUMAN:sp|Q9H0E3|SP130_HUMAN:sp|P31270|HXA11_HUMAN:sp|Q86X55|CARM1_HUMAN,DeepNovo
G(+42.01)KVRTLSL,40.49,914.5549,8,75.0,8,-3.1,458.28333,2,56.9568,-4.4432,0.21,22165,HFX193_IPP292_GEL_CRC_324_Even.raw,6.25E5,5.31E6,1,1,1,1,"Acetylation (N-term)",,0 0 90 7 7 9 30 5,G(+42.01)KVRTLSL,sp|O75533|SF3B1_HUMAN:sp|Q8WXI7|MUC16_HUMAN:sp|O95248|MTMR5_HUMAN:sp|Q9UNX4|WDR3_HUMAN:sp|Q9NX02|NALP2_HUMAN:sp|Q8IWL8|STH_HUMAN:sp|Q9P0X4|CAC1I_HUMAN:sp|Q3KNW5|SOAT_HUMAN:sp|O15209|ZBT22_HUMAN:sp|Q9H788|SH24A_HUMAN:sp|Q96FS4|SIPA1_HUMAN:sp|Q92882|OSTF1_HUMAN:sp|Q66K80|RUAS1_HUMAN:sp|O60241|AGRB2_HUMAN:sp|P10071|GLI3_HUMAN:sp|Q8WX94|NALP7_HUMAN:sp|Q9NR99|MXRA5_HUMAN:sp|Q6UX68|XKR5_HUMAN:sp|O14513|NCKP5_HUMAN:sp|Q9UPW8|UN13A_HUMAN:sp|P57768|SNX16_HUMAN:sp|P38405|GNAL_HUMAN:sp|Q9NPC2|KCNK9_HUMAN:sp|Q8NB66|UN13C_HUMAN:sp|Q8IVF5|TIAM2_HUMAN:sp|Q8IWI9|MGAP_HUMAN:sp|P82914|RT15_HUMAN:sp|P82980|RET5_HUMAN:sp|Q9NXG6|P4HTM_HUMAN:sp|Q64LD2|WDR25_HUMAN:sp|Q99965|ADAM2_HUMAN:sp|Q92859|NEO1_HUMAN:sp|Q9NPG4|PCD12_HUMAN:sp|Q56P42|PYDC2_HUMAN:sp|O00418|EF2K_HUMAN:sp|Q53EP0|FND3B_HUMAN:sp|Q03113|GNA12_HUMAN:sp|Q86VD1|MORC1_HUMAN:sp|Q9P1Y6|PHRF1_HUMAN:sp|A8K0R7|ZN839_HUMAN:sp|Q05048|CSTF1_HUMAN:sp|O15034|RIMB2_HUMAN:sp|Q9H069|DRC3_HUMAN:sp|Q8IUC6|TCAM1_HUMAN:sp|P17658|KCNA6_HUMAN:sp|Q96L33|RHOV_HUMAN:sp|Q96PX1|RN157_HUMAN:sp|Q5VYK3|ECM29_HUMAN:sp|Q96J01|THOC3_HUMAN:sp|O14795|UN13B_HUMAN:sp|Q9UBY0|SL9A2_HUMAN:sp|Q8ND30|LIPB2_HUMAN:sp|Q6IF99|O10K2_HUMAN:sp|Q9H9K5|MER34_HUMAN:sp|O95644|NFAC1_HUMAN:sp|Q9NQW7|XPP1_HUMAN:sp|Q8N328|PGBD3_HUMAN:sp|Q9NRJ2|GSAS1_HUMAN:sp|Q9C0A6|SETD5_HUMAN:sp|Q96CN5|LRC45_HUMAN:sp|O43374|RASL2_HUMAN:sp|Q9UF12|HYPDH_HUMAN:sp|Q9BVS4|RIOK2_HUMAN:sp|C9J798|RAS4B_HUMAN:sp|Q5THK1|PR14L_HUMAN:sp|Q5XPI4|RN123_HUMAN:sp|Q8IZT6|ASPM_HUMAN:sp|Q5VW22|AGAP6_HUMAN:sp|Q8IWX7|UN45B_HUMAN,DeepNovo
G(+42.01)LPLLSRGGGLVVLGHVDSGKSTTTHLGLYK,200.00,3173.7561,31,38.7,31,-1.3,794.44525,4,41.1595,N/A,0.28,15914,HFX193_IPP292_GEL_CRC_324_Odd.raw,7.95E7,3.69E8,4,4,4,4,"Acetylation (N-term)",,0 0 0 4 4 0 0 0 0 0 3 6 5 4 3 1 1 3 1 0 1 2 1 1 1 0 0 0 4 4 4,G(+42.01)LPLLSRGGGLVVLGHVDSGKSTTTHLGLYK,sp|Q6UWY2|PRS57_HUMAN:sp|Q2M3C6|TM266_HUMAN:sp|P21817|RYR1_HUMAN:sp|A0A0B4J1V0|HV315_HUMAN:sp|Q9Y219|JAG2_HUMAN:sp|O60245|PCDH7_HUMAN:sp|Q9UPY3|DICER_HUMAN:sp|P04275|VWF_HUMAN:sp|A0A0A0MS15|HV349_HUMAN:sp|Q96DT7|ZBT10_HUMAN:sp|P01763|HV348_HUMAN:sp|Q8IXQ9|ETKMT_HUMAN:sp|P46013|KI67_HUMAN:sp|Q99447|PCY2_HUMAN:sp|P11488|GNAT1_HUMAN:sp|O43933|PEX1_HUMAN:sp|Q8TEV9|SMCR8_HUMAN:sp|O14863|ZNT4_HUMAN:sp|Q96JN8|NEUL4_HUMAN:sp|O15211|RGL2_HUMAN:sp|P38405|GNAL_HUMAN:sp|Q9Y6M5|ZNT1_HUMAN:sp|Q6PL18|ATAD2_HUMAN:sp|Q9P0K7|RAI14_HUMAN:sp|Q8NGG3|OR5T3_HUMAN:sp|Q9NRK6|ABCBA_HUMAN:sp|Q8NDG6|TDRD9_HUMAN:sp|Q9BYE9|CDHR2_HUMAN:sp|Q7Z2Y8|GVIN1_HUMAN:sp|P16415|ZN823_HUMAN:sp|P19087|GNAT2_HUMAN:sp|Q92900|RENT1_HUMAN:sp|Q9Y2Z9|COQ6_HUMAN:sp|Q8TAA3|PSMA8_HUMAN:sp|Q3KNW1|SNAI3_HUMAN:sp|Q5D862|FILA2_HUMAN:sp|Q14397|GCKR_HUMAN:sp|Q8N954|GPT11_HUMAN:sp|A0A0J9YX35|HV64D_HUMAN:sp|P21860|ERBB3_HUMAN:sp|Q96PX9|PKH4B_HUMAN:sp|Q9BRP4|PAAF1_HUMAN:sp|P13569|CFTR_HUMAN:TCF7L2_DEL_A-p.K485Sfs*23_::chr10:113165058-113166058_frame=-3:sp|Q8IVL0|NAV3_HUMAN:sp|P63096|GNAI1_HUMAN:sp|Q9BYW1|GTR11_HUMAN:sp|Q9Y2F5|ICE1_HUMAN:sp|Q8TE23|TS1R2_HUMAN:tr|A0A075B7E8|A0A075B7E8_HUMAN:sp|Q8IY84|NIM1_HUMAN:sp|Q9Y6F7|CDY2_HUMAN:sp|O43593|HAIR_HUMAN:sp|P60174|TPIS_HUMAN:sp|Q9HA47|UCK1_HUMAN:sp|Q05639|EF1A2_HUMAN:sp|Q14584|ZN266_HUMAN:sp|Q86XE3|MICU3_HUMAN:sp|A0A0C4DH36|HV338_HUMAN:sp|P25090|FPR2_HUMAN:sp|O15229|KMO_HUMAN:sp|A0A0C4DH30|HV316_HUMAN:sp|Q86UQ4|ABCAD_HUMAN:sp|Q12851|M4K2_HUMAN:sp|P24821|TENA_HUMAN:sp|A0A0C4DH35|HV335_HUMAN:sp|Q9Y6F8|CDY1_HUMAN:sp|Q4KMG9|TM52B_HUMAN:sp|P49916|DNLI3_HUMAN:sp|Q86VH5|LRRT3_HUMAN:sp|Q5VTE0|EF1A3_HUMAN:sp|P05423|RPC4_HUMAN:ZBTB20_DEL_G-p.P692Lfs*43_::chr3:114338656-114339656_frame=-2:sp|Q9NZ32|ARP10_HUMAN:sp|Q8WYQ9|ZCH14_HUMAN:sp|A6NCF5|KLH33_HUMAN:sp|P04899|GNAI2_HUMAN:sp|O60763|USO1_HUMAN:sp|P30679|GNA15_HUMAN:sp|O15226|NKRF_HUMAN:sp|Q92952|KCNN1_HUMAN:sp|A0AUZ9|KAL1L_HUMAN:sp|P30837|AL1B1_HUMAN:sp|Q96EQ8|RN125_HUMAN:sp|Q8NCL8|TM116_HUMAN:sp|P08754|GNAI3_HUMAN:sp|Q9BRH9|ZN251_HUMAN:sp|Q8TB37|NUBPL_HUMAN:sp|Q8N1L1|CV037_HUMAN:sp|P30279|CCND2_HUMAN:sp|O43520|AT8B1_HUMAN:sp|P04279|SEMG1_HUMAN:sp|Q03519|TAP2_HUMAN:sp|P42345|MTOR_HUMAN:sp|Q8IY33|MILK2_HUMAN:sp|O43156|TTI1_HUMAN:sp|P15170|ERF3A_HUMAN:sp|Q96P53|WDFY2_HUMAN:sp|Q9BWT3|PAPOG_HUMAN:sp|O75915|PRAF3_HUMAN:sp|Q8N6U8|GP161_HUMAN:sp|Q86UK0|ABCAC_HUMAN:sp|P32239|GASR_HUMAN:sp|P61224|RAP1B_HUMAN:sp|P55197|AF10_HUMAN:sp|Q92482|AQP3_HUMAN:sp|A6NGU5|GGT3_HUMAN:sp|P08237|PFKAM_HUMAN:sp|Q96AY4|TTC28_HUMAN:sp|P01762|HV311_HUMAN:sp|Q8IYW2|CFA46_HUMAN:sp|Q6P1M3|L2GL2_HUMAN:sp|Q9NYU1|UGGG2_HUMAN:sp|P68104|EF1A1_HUMAN:sp|Q2M3X9|ZN674_HUMAN:sp|P51826|AFF3_HUMAN:sp|Q6T423|S22AP_HUMAN:sp|O00712|NFIB_HUMAN:sp|A6NI73|LIRA5_HUMAN:sp|Q9NW68|BSDC1_HUMAN,DeepNovo
G(+42.01)M(+15.99)AAPHVHAGL,52.63,1117.5338,11,45.5,11,-1.5,559.77338,2,43.3359,2.0359,0.42,16728,HFX193_IPP292_GEL_CRC_324_Odd.raw,1.32E6,1.07E7,2,2,2,2,"Acetylation (N-term);Oxidation (M)",,0 0 0 0 8 4 12 12 0 0 5,G(+42.01)M(+15.99)AAPHVHAGL,sp|Q8N0W3|FCSK_HUMAN:sp|Q5JWF2|GNAS1_HUMAN:sp|Q12766|HMGX3_HUMAN:sp|P21860|ERBB3_HUMAN:sp|P50454|SERPH_HUMAN:sp|Q0VDD8|DYH14_HUMAN:sp|Q9HCK0|ZBT26_HUMAN:sp|Q8NGK3|O52K2_HUMAN:sp|Q9BQS7|HEPH_HUMAN:sp|P31939|PUR9_HUMAN:sp|Q0ZLH3|PJVK_HUMAN:sp|Q9H3S3|TMPS5_HUMAN:sp|Q96M86|DNHD1_HUMAN,DeepNovo
G(+42.01)M(+15.99)KKKTLAGL,51.21,1103.6372,10,30.0,10,0.9,552.82642,2,33.8700,4.9700,0.57,12914,HFX193_IPP292_GEL_CRC_324_Odd.raw,2.21E6,8.06E6,2,2,1,1,"Acetylation (N-term);Oxidation (M)",,0 0 16 7 1 1 1 0 0 5,G(+42.01)M(+15.99)KKKTLAGL,sp|Q13772|NCOA4_HUMAN:sp|O94901|SUN1_HUMAN:sp|Q68EM7|RHG17_HUMAN:TBC1D23_DEL_A-p.K649Nfs*18_::chr3:100320392-100321392_frame=-1:sp|B3SHH9|TM114_HUMAN:sp|Q8IUH5|ZDH17_HUMAN:sp|Q5H9B9|BM2KL_HUMAN:sp|Q96QE4|LR37B_HUMAN:sp|Q6ZRS2|SRCAP_HUMAN:sp|Q13077|TRAF1_HUMAN:sp|P20929|NEBU_HUMAN:sp|Q7Z589|EMSY_HUMAN:sp|Q9UJW0|DCTN4_HUMAN:sp|Q9Y2J0|RP3A_HUMAN:sp|Q8N6W0|CELF5_HUMAN:sp|O60309|L37A3_HUMAN:sp|Q8NC74|RB8NL_HUMAN:sp|Q8NBJ9|SIDT2_HUMAN:sp|Q9P225|DYH2_HUMAN:sp|Q9NRL2|BAZ1A_HUMAN:sp|B2RXF0|T229A_HUMAN:SAFB2_DEL_G-p.P945Rfs*49_::chr19:5586771-5587771_frame=2:sp|Q9Y2K7|KDM2A_HUMAN:sp|Q13330|MTA1_HUMAN:sp|O60841|IF2P_HUMAN:sp|A4UGR9|XIRP2_HUMAN:sp|Q13769|THOC5_HUMAN:sp|Q5SW79|CE170_HUMAN:sp|O75460|ERN1_HUMAN:sp|Q641Q2|WAC2A_HUMAN:sp|Q92733|PRCC_HUMAN:sp|Q96QE3|ATAD5_HUMAN:sp|Q8N895|ZN366_HUMAN:sp|Q92973|TNPO1_HUMAN:sp|Q8IWK6|AGRA3_HUMAN:sp|A8MYV0|DCD2C_HUMAN:sp|Q96N67|DOCK7_HUMAN:sp|Q0VDD5|CQ091_HUMAN:sp|Q99680|GPR22_HUMAN:sp|Q8N9I0|SYT2_HUMAN:sp|Q3KNW1|SNAI3_HUMAN:sp|O00238|BMR1B_HUMAN:sp|Q52LW3|RHG29_HUMAN:sp|Q969T3|SNX21_HUMAN:sp|O60563|CCNT1_HUMAN:sp|P51692|STA5B_HUMAN:sp|Q6KC79|NIPBL_HUMAN:sp|Q13201|MMRN1_HUMAN:sp|Q9NYA3|GOG6A_HUMAN:sp|Q13009|TIAM1_HUMAN:sp|Q9NZQ8|TRPM5_HUMAN:sp|Q7L5Y6|DET1_HUMAN:sp|P18124|RL7_HUMAN:sp|Q8IUD2|RB6I2_HUMAN:sp|O94986|CE152_HUMAN:sp|Q6AWC2|WWC2_HUMAN:sp|Q92764|KRT35_HUMAN:sp|Q9Y228|T3JAM_HUMAN:sp|Q8IU68|TMC8_HUMAN:sp|P0C264|SBK3_HUMAN:sp|P11021|BIP_HUMAN:sp|Q99728|BARD1_HUMAN:sp|Q9UKK3|PARP4_HUMAN:sp|Q6BCY4|NB5R2_HUMAN:sp|Q86XA9|HTR5A_HUMAN:sp|P00738|HPT_HUMAN:sp|Q86UQ4|ABCAD_HUMAN:sp|Q15021|CND1_HUMAN:sp|Q5JVG2|ZN484_HUMAN:sp|Q8WVF5|KCTD4_HUMAN:sp|Q9Y4E1|WAC2C_HUMAN:sp|Q9BXT8|RNF17_HUMAN:sp|Q9H799|CPLN1_HUMAN:sp|Q8NF50|DOCK8_HUMAN:sp|O15327|INP4B_HUMAN:sp|Q9H0K1|SIK2_HUMAN:sp|P28329|CLAT_HUMAN:sp|Q9H2D6|TARA_HUMAN:sp|Q9NRC6|SPTN5_HUMAN:sp|Q8WUA8|TSK_HUMAN:sp|Q8NFC6|BD1L1_HUMAN:sp|Q6AHZ1|Z518A_HUMAN:sp|Q8WUH2|TGFA1_HUMAN:sp|O75445|USH2A_HUMAN:sp|Q5JUK2|SOLH1_HUMAN:sp|P61221|ABCE1_HUMAN:sp|Q96PE3|INP4A_HUMAN:sp|O43719|HTSF1_HUMAN:sp|Q13127|REST_HUMAN:sp|Q8NFA0|UBP32_HUMAN:sp|Q9UHI7|S23A1_HUMAN:sp|Q14184|DOC2B_HUMAN:sp|Q8IWI9|MGAP_HUMAN:sp|Q8TB22|SPT20_HUMAN:sp|Q9NZV8|KCND2_HUMAN:sp|Q8TED9|AF1L1_HUMAN:sp|Q9UBZ9|REV1_HUMAN:sp|Q99959|PKP2_HUMAN:sp|Q8NBS3|S4A11_HUMAN:sp|P55289|CAD12_HUMAN:sp|O76036|NCTR1_HUMAN:sp|O75113|N4BP1_HUMAN:sp|Q99590|SCAFB_HUMAN:sp|Q9Y5M1|F215A_HUMAN:sp|Q0VD86|INCA1_HUMAN:sp|Q6IQ21|ZN770_HUMAN:sp|Q8NGI4|OR4DB_HUMAN:sp|Q92879|CELF1_HUMAN:sp|Q6IF99|O10K2_HUMAN:sp|P04839|CY24B_HUMAN:sp|P14151|LYAM1_HUMAN:sp|Q9HCH5|SYTL2_HUMAN:sp|P15848|ARSB_HUMAN:sp|Q9NR48|ASH1L_HUMAN:sp|Q14676|MDC1_HUMAN:sp|O75077|ADA23_HUMAN:sp|Q09472|EP300_HUMAN:sp|Q9NVR7|TBCC1_HUMAN:sp|Q99747|SNAG_HUMAN:sp|Q8NCU4|CC191_HUMAN,DeepNovo
G(+42.01)M(+15.99)VLSLDKTGPHSGPAL,81.21,1736.8767,17,88.2,17,-2.6,579.96466,3,64.1813,-9.2187,0.24,25056,HFX193_IPP292_GEL_CRC_324_Even.raw,,,1,1,0,0,"Acetylation (N-term);Oxidation (M)",,0 0 30 55 13 13 31 31 27 3 3 3 2 2 3 14 5,G(+42.01)M(+15.99)VLSLDKTGPHSGPAL,sp|P29728|OAS2_HUMAN:sp|A0AVI2|FR1L5_HUMAN:sp|Q86T82|UBP37_HUMAN:sp|Q6ZRS2|SRCAP_HUMAN:sp|Q9Y4L1|HYOU1_HUMAN:sp|O75486|SUPT3_HUMAN:sp|Q9GZU1|MCLN1_HUMAN:sp|Q9UKZ4|TEN1_HUMAN:sp|Q9Y5B6|PAXB1_HUMAN:sp|Q6ZRK6|CCD73_HUMAN:sp|Q9UHX3|AGRE2_HUMAN:sp|Q16394|EXT1_HUMAN:sp|Q8WVR3|TPC14_HUMAN:sp|Q5SYE7|NHSL1_HUMAN:sp|O43609|SPY1_HUMAN:sp|Q5VYJ5|MALR1_HUMAN:sp|Q9P225|DYH2_HUMAN:sp|P22897|MRC1_HUMAN:sp|Q6XZF7|DNMBP_HUMAN:sp|P25116|PAR1_HUMAN:sp|Q15437|SC23B_HUMAN:sp|Q9BQY4|RHXF2_HUMAN:sp|Q5SW79|CE170_HUMAN:sp|P27797|CALR_HUMAN:sp|Q92733|PRCC_HUMAN:sp|Q8WXI3|ASB10_HUMAN:sp|Q96RP3|UCN2_HUMAN:sp|P49643|PRI2_HUMAN:sp|Q12788|TBL3_HUMAN:sp|Q96MK2|RIPR3_HUMAN:sp|Q12765|SCRN1_HUMAN:sp|Q99467|CD180_HUMAN:sp|Q96RW7|HMCN1_HUMAN:sp|Q8WUY3|PRUN2_HUMAN:sp|Q9BY89|K1671_HUMAN:sp|Q86Y56|DAAF5_HUMAN:sp|P35372|OPRM_HUMAN:sp|Q8NDH2|CC168_HUMAN:sp|Q7Z2Y5|NRK_HUMAN:sp|A4D1E1|Z804B_HUMAN:sp|P23471|PTPRZ_HUMAN:sp|A6NN90|CB081_HUMAN:sp|Q9HCD5|NCOA5_HUMAN:sp|P46091|CML2_HUMAN:sp|Q9BZE2|PUS3_HUMAN:sp|Q9P2P1|NYNRI_HUMAN:sp|Q9NQX7|ITM2C_HUMAN:sp|Q13275|SEM3F_HUMAN:sp|Q9NX07|TSAP1_HUMAN:sp|Q9UPS8|ANR26_HUMAN:sp|P21108|PRPS3_HUMAN:sp|Q8IYS2|K2013_HUMAN:sp|Q08945|SSRP1_HUMAN:sp|Q8NDV3|SMC1B_HUMAN:sp|Q9UQB3|CTND2_HUMAN:sp|Q9H165|BC11A_HUMAN:sp|O15230|LAMA5_HUMAN:sp|Q14517|FAT1_HUMAN:sp|Q8IZD9|DOCK3_HUMAN:sp|P60891|PRPS1_HUMAN:sp|P30968|GNRHR_HUMAN:sp|Q12952|FOXL1_HUMAN:sp|Q8IZF2|AGRF5_HUMAN:sp|Q8WWF8|CAPSL_HUMAN:sp|Q9H777|RNZ1_HUMAN:sp|A2VDJ0|T131L_HUMAN:sp|Q7L4P6|BEND5_HUMAN:sp|Q9NYK1|TLR7_HUMAN:sp|Q4LE39|ARI4B_HUMAN:sp|P35555|FBN1_HUMAN:sp|Q8WZ42|TITIN_HUMAN:sp|Q9C0A1|ZFHX2_HUMAN:sp|A0PJW6|TM223_HUMAN:sp|P34969|5HT7R_HUMAN:sp|Q93063|EXT2_HUMAN:sp|Q9NRC6|SPTN5_HUMAN:sp|Q5UE93|PI3R6_HUMAN:sp|Q96KG7|MEG10_HUMAN:sp|Q9UPU5|UBP24_HUMAN:sp|Q7Z3F1|GP155_HUMAN:sp|O95155|UBE4B_HUMAN:sp|O95071|UBR5_HUMAN:sp|Q9P2D1|CHD7_HUMAN:sp|Q86W56|PARG_HUMAN:sp|P81133|SIM1_HUMAN:sp|P98160|PGBM_HUMAN:sp|Q9UH77|KLHL3_HUMAN:sp|Q12770|SCAP_HUMAN:sp|Q6PIJ6|FBX38_HUMAN:sp|P60900|PSA6_HUMAN:sp|Q92747|ARC1A_HUMAN:sp|Q6ZTK2|YP015_HUMAN:sp|P01814|HV270_HUMAN:sp|P41002|CCNF_HUMAN:sp|Q9H2F5|EPC1_HUMAN:sp|Q16589|CCNG2_HUMAN:sp|Q9NRJ4|TULP4_HUMAN:sp|Q6ZMC9|SIG15_HUMAN:sp|Q7Z2V1|TNT_HUMAN:sp|Q9H967|WDR76_HUMAN:sp|P49238|CX3C1_HUMAN:sp|Q9Y616|IRAK3_HUMAN:sp|Q9NXB0|MKS1_HUMAN:sp|P40818|UBP8_HUMAN:sp|Q9P2B2|FPRP_HUMAN:sp|P29320|EPHA3_HUMAN:sp|Q9Y210|TRPC6_HUMAN:sp|A0A0C4DH43|HV70D_HUMAN:sp|Q07864|DPOE1_HUMAN:sp|Q9NYV4|CDK12_HUMAN:sp|A6BM72|MEG11_HUMAN:sp|Q9UKL3|C8AP2_HUMAN:sp|Q03164|KMT2A_HUMAN:sp|P54852|EMP3_HUMAN:sp|Q8N9V3|WSDU1_HUMAN:sp|Q8NCM8|DYHC2_HUMAN:sp|Q9Y2G8|DJC16_HUMAN:sp|P11908|PRPS2_HUMAN:sp|P58215|LOXL3_HUMAN:sp|Q86YA3|ZGRF1_HUMAN,DeepNovo
G(+42.01)M(+15.99)YSHYVL,37.15,1026.4481,8,62.5,8,1.8,514.23224,2,61.4010,-15.0990,0.55,23928,HFX193_IPP292_GEL_CRC_324_Even.raw,4.28E5,2.57E6,1,1,1,1,"Acetylation (N-term);Oxidation (M)",,0 0 4 2 0 6 3 5,G(+42.01)M(+15.99)YSHYVL,,DeepNovo
G(+42.01)PRTFRLK,36.38,1015.5927,8,62.5,8,1.0,339.53851,3,25.1700,-12.3301,0.09,9350,HFX193_IPP292_GEL_CRC_324_Even.raw,1.28E6,9.97E6,1,1,1,1,"Acetylation (N-term)",,0 0 0 14 4 2 4 5,G(+42.01)PRTFRLK,sp|Q9NSD4|ZN275_HUMAN:sp|P62891|RL39_HUMAN:sp|Q6IV72|ZN425_HUMAN:sp|A0AVI2|FR1L5_HUMAN:sp|O60244|MED14_HUMAN:sp|Q6NTF7|ABC3H_HUMAN:sp|Q93009|UBP7_HUMAN:sp|Q9Y4F3|MARF1_HUMAN:sp|Q9P0X4|CAC1I_HUMAN:sp|O94813|SLIT2_HUMAN:sp|O94850|DEND_HUMAN:sp|O43497|CAC1G_HUMAN:sp|Q12809|KCNH2_HUMAN:sp|Q8N6V4|CJ053_HUMAN:sp|O75607|NPM3_HUMAN:sp|Q12805|FBLN3_HUMAN:sp|P0C091|FREM3_HUMAN:sp|O75093|SLIT1_HUMAN:sp|Q9H267|VP33B_HUMAN:sp|P30305|MPIP2_HUMAN:sp|O75821|EIF3G_HUMAN:sp|Q8WYQ9|ZCH14_HUMAN:sp|O95180|CAC1H_HUMAN:sp|Q14690|RRP5_HUMAN:sp|Q12889|OVGP1_HUMAN:sp|Q9ULL1|PKHG1_HUMAN:sp|Q96DT5|DYH11_HUMAN:sp|Q9UMX1|SUFU_HUMAN:sp|O95977|S1PR4_HUMAN:sp|Q92752|TENR_HUMAN:sp|A0A1B0GUY1|MRCOL_HUMAN:sp|Q16706|MA2A1_HUMAN:sp|O95759|TBCD8_HUMAN:sp|Q6ZWJ8|KCP_HUMAN:sp|Q5SZK8|FREM2_HUMAN:sp|Q8IXW5|RPAP2_HUMAN:sp|P98161|PKD1_HUMAN,DeepNovo
G(+42.01)RSKHLEF,33.93,1014.5247,8,62.5,8,2.0,508.27060,2,33.0853,8.6853,0.44,12587,HFX193_IPP292_GEL_CRC_324_Odd.raw,8.69E6,5.69E7,2,2,2,2,"Acetylation (N-term)",,0 0 0 2 17 21 48 5,G(+42.01)RSKHLEF,sp|Q07866|KLC1_HUMAN:sp|Q86UW6|N4BP2_HUMAN:sp|Q9NZH6|IL37_HUMAN:sp|Q9NSK0|KLC4_HUMAN:sp|O95971|BY55_HUMAN:sp|Q9Y4D8|HECD4_HUMAN:sp|A5PLK6|RGSL_HUMAN:sp|Q96D96|HVCN1_HUMAN:sp|Q09472|EP300_HUMAN:sp|O94967|WDR47_HUMAN:sp|Q9ULK5|VANG2_HUMAN:sp|Q9Y6J0|CABIN_HUMAN:sp|Q3SYC2|MOGT2_HUMAN,DeepNovo
G(+42.01)RSLLAK,24.18,785.4759,7,57.1,7,1.5,393.74582,2,27.0025,-2.8975,0.48,10100,HFX193_IPP292_GEL_CRC_324_Odd.raw,1.93E6,1.15E7,1,1,1,1,"Acetylation (N-term)",,0 0 0 7 23 21 5,G(+42.01)RSLLAK,sp|P98171|RHG04_HUMAN,DB Search
G(+42.01)SADGGGAGAGEAGGRVP,94.16,1483.6650,18,61.1,18,2.0,742.84131,2,31.1275,0.1275,0.67,11787,HFX193_IPP292_GEL_CRC_324_Odd.raw,4.01E5,3.83E6,1,1,1,1,"Acetylation (N-term)",,0 0 1 5 0 0 0 0 24 24 10 10 2 2 6 6 2 2,G(+42.01)SADGGGAGAGEAGGRVP,sp|P31641|SC6A6_HUMAN:sp|Q9BZZ2|SN_HUMAN:sp|Q5T197|DCST1_HUMAN:sp|Q9UQF2|JIP1_HUMAN:sp|Q16270|IBP7_HUMAN:sp|P55198|AF17_HUMAN:sp|Q76M96|CCD80_HUMAN:sp|Q9Y5F9|PCDGI_HUMAN:sp|Q99640|PMYT1_HUMAN:sp|Q9GZU1|MCLN1_HUMAN:sp|Q8IWZ3|ANKH1_HUMAN:sp|Q96RK0|CIC_HUMAN:sp|Q86Y26|NUTM1_HUMAN:sp|O75122|CLAP2_HUMAN:sp|Q2VWA4|SKOR2_HUMAN:sp|Q9C0B7|TNG6_HUMAN:sp|B2RXF0|T229A_HUMAN:sp|Q8WZ75|ROBO4_HUMAN:sp|Q8IX07|FOG1_HUMAN:sp|P08476|INHBA_HUMAN:sp|Q8NFD5|ARI1B_HUMAN:sp|Q02575|HEN1_HUMAN:sp|Q9P2E7|PCD10_HUMAN:sp|Q09019|DMWD_HUMAN:sp|P35453|HXD13_HUMAN:sp|Q9BQY4|RHXF2_HUMAN:sp|Q9H4K7|MTG2_HUMAN:sp|Q9ULI4|KI26A_HUMAN:sp|Q9Y5G9|PCDG4_HUMAN:sp|Q12948|FOXC1_HUMAN:sp|O60906|NSMA_HUMAN:sp|Q9Y5W3|KLF2_HUMAN:sp|Q9Y5G5|PCDG8_HUMAN:sp|Q92900|RENT1_HUMAN:sp|Q7RTS3|PTF1A_HUMAN:sp|Q9HBB8|CDHR5_HUMAN:sp|P46597|ASMT_HUMAN:sp|Q8N594|MPND_HUMAN:sp|Q9P2S2|NRX2A_HUMAN:sp|Q7Z5L3|C1QL2_HUMAN:sp|Q8N9B8|RGF1A_HUMAN:sp|P14866|HNRPL_HUMAN:sp|Q2KJY2|KI26B_HUMAN:sp|Q9UJ99|CAD22_HUMAN:sp|Q6IQ55|TTBK2_HUMAN:sp|O43818|U3IP2_HUMAN:sp|P13647|K2C5_HUMAN:sp|A8MT69|CENPX_HUMAN:sp|Q96QI5|HS3S6_HUMAN:sp|Q7L266|ASGL1_HUMAN:sp|Q641Q3|METRL_HUMAN:sp|Q6DKJ4|NXN_HUMAN:sp|Q9H6E5|STPAP_HUMAN:sp|Q9Y2T7|YBOX2_HUMAN:sp|P17676|CEBPB_HUMAN:sp|P10589|COT1_HUMAN:sp|Q8IVT5|KSR1_HUMAN:sp|P25067|CO8A2_HUMAN:MARCKS_DEL_A-p.K155Rfs*12_::chr6:113859534-113860534_frame=-1:sp|Q9H461|FZD8_HUMAN:sp|Q9UJU5|FOXD3_HUMAN:sp|Q8N9W4|GG6L2_HUMAN:sp|Q9NRM7|LATS2_HUMAN:sp|Q00975|CAC1B_HUMAN:sp|Q9Y2K9|STB5L_HUMAN:sp|Q9Y4A8|NF2L3_HUMAN:sp|Q9Y3X0|CCDC9_HUMAN:sp|P23942|PRPH2_HUMAN:sp|Q9C091|GRB1L_HUMAN:sp|A8MYZ6|FOXO6_HUMAN:sp|Q8N5D0|WDTC1_HUMAN:sp|P31275|HXC12_HUMAN:sp|Q13884|SNTB1_HUMAN:sp|P22557|HEM0_HUMAN:sp|Q9BYB0|SHAN3_HUMAN:sp|Q7Z4P5|GDF7_HUMAN:sp|O14841|OPLA_HUMAN:sp|Q5T953|IER5L_HUMAN:sp|P07766|CD3E_HUMAN:sp|A0A494C0Y3|F246A_HUMAN:sp|Q8WUD6|CHPT1_HUMAN:sp|P0CJ78|ZN865_HUMAN:sp|Q8NFC6|BD1L1_HUMAN:sp|O43541|SMAD6_HUMAN:sp|Q9UJD0|RIMS3_HUMAN:sp|Q9NQG6|MID51_HUMAN:sp|A6NL88|SHSA7_HUMAN:sp|O75056|SDC3_HUMAN:sp|Q16676|FOXD1_HUMAN:sp|O75962|TRIO_HUMAN:sp|Q96GS6|AB17A_HUMAN:sp|Q8TAK6|OLIG1_HUMAN:sp|B3EWF7|EP2A2_HUMAN:sp|P18825|ADA2C_HUMAN:sp|Q58A45|PAN3_HUMAN:sp|Q06587|RING1_HUMAN:sp|Q9H8H2|DDX31_HUMAN:sp|Q96CN7|ISOC1_HUMAN:sp|Q8NBK3|SUMF1_HUMAN:sp|P46531|NOTC1_HUMAN:sp|Q96S59|RANB9_HUMAN:sp|Q8NCL9|APCDL_HUMAN:sp|Q14934|NFAC4_HUMAN:sp|Q14003|KCNC3_HUMAN:sp|O95409|ZIC2_HUMAN:sp|Q04741|EMX1_HUMAN:sp|Q9Y5F6|PCDGM_HUMAN:sp|Q9Y5M8|SRPRB_HUMAN:sp|Q99967|CITE2_HUMAN:sp|P20264|PO3F3_HUMAN:sp|Q96A11|G3ST3_HUMAN:sp|Q9Y666|S12A7_HUMAN:sp|P31277|HXD11_HUMAN:sp|Q8NG27|PJA1_HUMAN:sp|Q02952|AKA12_HUMAN:sp|Q03828|EVX2_HUMAN:sp|Q9H1Y3|OPN3_HUMAN:sp|Q9NS69|TOM22_HUMAN:MXRA8_DEL_G-p.R301Gfs*107_::chr1:1354230-1355230_frame=2:sp|Q96IK1|BOD1_HUMAN,DeepNovo
G(+42.01)SC(+119.00)TRKLGL,39.71,1094.5212,9,55.6,9,1.2,548.26855,2,35.4505,-8.9495,0.54,13554,HFX193_IPP292_GEL_CRC_324_Even.raw,5.05E5,4.27E6,1,1,1,1,"Acetylation (N-term);Cysteinylation",,0 0 6 2 1 1 8 3 3,G(+42.01)SC(+119.00)TRKLGL,sp|Q9NZJ0|DTL_HUMAN:sp|P54762|EPHB1_HUMAN:sp|O94769|ECM2_HUMAN:sp|Q9Y6V7|DDX49_HUMAN:sp|Q96M91|CFA53_HUMAN:sp|P0C646|O52Z1_HUMAN:sp|Q96JB6|LOXL4_HUMAN:sp|Q7Z5W3|BN3D2_HUMAN:sp|P47989|XDH_HUMAN:sp|P46939|UTRN_HUMAN:sp|Q9UNF1|MAGD2_HUMAN:sp|Q8TD57|DYH3_HUMAN:sp|P52790|HXK3_HUMAN:sp|C9JQI7|TM232_HUMAN:sp|Q03154|ACY1_HUMAN:sp|Q13740|CD166_HUMAN:sp|Q9BTT6|LRRC1_HUMAN:sp|Q8TEW6|DOK4_HUMAN:sp|Q9Y4K0|LOXL2_HUMAN:sp|O95867|LY66C_HUMAN:sp|Q5BJH7|YIF1B_HUMAN:sp|A8K979|ERI2_HUMAN:sp|P43005|EAA3_HUMAN:sp|Q71F56|MD13L_HUMAN:sp|Q96MM3|ZFP42_HUMAN:sp|Q8IW92|GLBL2_HUMAN:sp|P43246|MSH2_HUMAN:sp|O14842|FFAR1_HUMAN:sp|Q01804|OTUD4_HUMAN:sp|Q9BVL4|SELO_HUMAN:sp|Q86WR7|PRSR2_HUMAN:sp|Q8N1I0|DOCK4_HUMAN:sp|Q68CP9|ARID2_HUMAN:sp|Q14160|SCRIB_HUMAN:sp|Q92508|PIEZ1_HUMAN:sp|Q5JR59|MTUS2_HUMAN:sp|Q12816|TROP_HUMAN:sp|O60673|REV3L_HUMAN:sp|Q8N6Q3|CD177_HUMAN:sp|Q9UK45|LSM7_HUMAN:sp|Q96P69|GPR78_HUMAN:sp|Q8IVJ1|S41A1_HUMAN:sp|P29323|EPHB2_HUMAN:sp|O95486|SC24A_HUMAN:sp|A7MBM2|DISP2_HUMAN:sp|Q2NKJ3|CTC1_HUMAN:sp|P25940|CO5A3_HUMAN:sp|O60303|KATIP_HUMAN:sp|O94923|GLCE_HUMAN:sp|O43304|S14L5_HUMAN:sp|Q8NCT3|MACA2_HUMAN:sp|P56730|NETR_HUMAN:sp|P55327|TPD52_HUMAN:sp|Q9Y223|GLCNE_HUMAN:sp|Q9UKD2|MRT4_HUMAN:sp|Q96BI1|S22AI_HUMAN:sp|Q6NXR0|IIGP5_HUMAN:sp|P13942|COBA2_HUMAN:sp|O95477|ABCA1_HUMAN:sp|Q99661|KIF2C_HUMAN:sp|Q9P2D8|UNC79_HUMAN:sp|Q8IZD9|DOCK3_HUMAN:sp|Q96J77|TPD55_HUMAN:sp|O95248|MTMR5_HUMAN:sp|Q16881|TRXR1_HUMAN:sp|Q8N5C6|SRBD1_HUMAN:sp|Q92817|EVPL_HUMAN:tr|A0A8Q3SIG1|A0A8Q3SIG1_HUMAN:PDS5B_INS_--A_p.N1390Kfs*13::chr13:32770249-32771250_frame=1:sp|P01266|THYG_HUMAN:sp|P54753|EPHB3_HUMAN:sp|Q2MV58|TECT1_HUMAN:sp|A5PLN7|F149A_HUMAN:sp|Q8WZ42|TITIN_HUMAN:sp|P51790|CLCN3_HUMAN:sp|Q9H2D6|TARA_HUMAN:sp|O15527|OGG1_HUMAN:sp|Q14624|ITIH4_HUMAN:sp|P57768|SNX16_HUMAN:sp|Q86YS7|C2CD5_HUMAN:sp|Q9BTT4|MED10_HUMAN:sp|P98155|VLDLR_HUMAN:sp|P02689|MYP2_HUMAN:sp|Q96GA7|SDSL_HUMAN:sp|Q86VQ6|TRXR3_HUMAN:sp|Q86UT5|NHRF4_HUMAN:sp|Q8N865|CG031_HUMAN:sp|P53367|ARFP1_HUMAN:sp|P51116|FXR2_HUMAN:sp|P51793|CLCN4_HUMAN:sp|Q13105|ZBT17_HUMAN:sp|O00744|WN10B_HUMAN:sp|P51795|CLCN5_HUMAN:sp|Q8IYS1|P20D2_HUMAN:sp|O14763|TR10B_HUMAN:sp|Q6P1N0|C2D1A_HUMAN:sp|Q6PKX4|DOK6_HUMAN:sp|Q9UBZ9|REV1_HUMAN:sp|Q5JXM2|MET24_HUMAN:sp|Q9NZJ4|SACS_HUMAN:sp|Q96KC8|DNJC1_HUMAN:sp|Q63HN8|RN213_HUMAN:sp|Q86UT6|NLRX1_HUMAN:sp|P52948|NUP98_HUMAN:sp|Q8TCY9|URGCP_HUMAN:sp|P51449|RORG_HUMAN:sp|Q9BRR8|GPTC1_HUMAN:sp|Q9Y5Z6|B3GT1_HUMAN:sp|Q9Y2H9|MAST1_HUMAN:sp|P55087|AQP4_HUMAN:sp|Q99259|DCE1_HUMAN:sp|P11277|SPTB1_HUMAN:sp|Q8IWD5|MFS6L_HUMAN:sp|Q15573|TAF1A_HUMAN:sp|Q71RS6|NCKX5_HUMAN:sp|Q00978|IRF9_HUMAN:sp|Q8TE60|ATS18_HUMAN:sp|O95487|SC24B_HUMAN:sp|P58215|LOXL3_HUMAN,DeepNovo
G(+42.01)SGTVSY,25.30,711.3076,7,57.1,7,1.7,712.31598,1,41.8844,0.6844,0.64,16179,HFX193_IPP292_GEL_CRC_324_Odd.raw,7.87E5,5.27E6,1,1,1,1,"Acetylation (N-term)",,0 0 0 6 20 8 5,G(+42.01)SGTVSY,sp|P09884|DPOLA_HUMAN:sp|O43861|ATP9B_HUMAN:sp|Q5TBA9|FRY_HUMAN:sp|O14917|PCD17_HUMAN,DeepNovo
G(+42.01)SKGRLVL,28.40,870.5287,8,62.5,8,-0.1,436.27158,2,38.6700,-14.8300,0.62,14846,HFX193_IPP292_GEL_CRC_324_Odd.raw,2.86E6,1.75E7,1,1,1,1,"Acetylation (N-term)",,0 0 73 2 0 3 5 5,G(+42.01)SKGRLVL,,DeepNovo
G(+42.01)SKKKIRL,38.32,970.6287,8,50.0,8,0.8,324.55045,3,26.6513,28.0513,0.61,9939,HFX193_IPP292_GEL_CRC_324_Even.raw,8.73E6,5.96E7,2,2,2,2,"Acetylation (N-term)",,0 0 15 12 12 6 1 1,G(+42.01)SKKKIRL,sp|P17947|SPI1_HUMAN,DB Search
G(+42.01)SKKSLPAL,34.29,941.5546,9,22.2,9,-0.5,471.78433,2,41.0043,-14.0957,0.14,15798,HFX193_IPP292_GEL_CRC_324_Odd.raw,1.02E6,6.55E6,1,1,1,1,"Acetylation (N-term)",,0 0 1 0 0 0 0 3 4,G(+42.01)SKKSLPAL,,DeepNovo
G(+42.01)SKLKGGLL,37.11,913.5596,9,55.6,9,1.2,457.78763,2,42.2221,-20.3779,0.54,16302,HFX193_IPP292_GEL_CRC_324_Odd.raw,,,1,1,0,0,"Acetylation (N-term)",,0 0 11 8 6 0 0 6 5,G(+42.01)SKLKGGLL,sp|Q96QU8|XPO6_HUMAN:sp|Q9P215|POGK_HUMAN:sp|Q9Y620|RA54B_HUMAN:tr|Q9HB66|Q9HB66_HUMAN:ESRP1_DEL_A-p.N512Tfs*2_::chr8:94673883-94674883_frame=-1:sp|Q96Q06|PLIN4_HUMAN:sp|Q8NHP1|ARK74_HUMAN:sp|Q6UY01|LRC31_HUMAN:sp|O00459|P85B_HUMAN:sp|P39877|PA2G5_HUMAN:sp|Q9H254|SPTN4_HUMAN:sp|Q9Y543|HES2_HUMAN:sp|O00442|RTCA_HUMAN:sp|Q09666|AHNK_HUMAN:sp|Q49AM1|MTEF2_HUMAN:sp|Q96MN2|NALP4_HUMAN:sp|Q9H0L4|CSTFT_HUMAN:sp|P43246|MSH2_HUMAN:sp|Q641Q2|WAC2A_HUMAN:sp|P55769|NH2L1_HUMAN:sp|O95996|APCL_HUMAN:sp|Q9Y5X2|SNX8_HUMAN:sp|Q53GS7|GLE1_HUMAN:sp|Q9UPA5|BSN_HUMAN:sp|Q9NRK6|ABCBA_HUMAN:sp|E9PAV3|NACAM_HUMAN:sp|Q9H871|RMD5A_HUMAN:sp|Q9NYJ8|TAB2_HUMAN:sp|P35498|SCN1A_HUMAN:sp|Q96RW7|HMCN1_HUMAN:sp|Q8IZJ3|CPMD8_HUMAN:sp|P59827|BPIB4_HUMAN:sp|Q14527|HLTF_HUMAN:sp|P54803|GALC_HUMAN:sp|Q96RR1|PEO1_HUMAN:sp|Q9Y4I5|MTL5_HUMAN:sp|Q9C0E4|GRIP2_HUMAN:sp|Q9BRP4|PAAF1_HUMAN:sp|Q01831|XPC_HUMAN:sp|A4D1F6|LRRD1_HUMAN:sp|Q04446|GLGB_HUMAN:sp|Q86SG7|LYG2_HUMAN:sp|P49221|TGM4_HUMAN:sp|P17927|CR1_HUMAN:sp|Q9Y228|T3JAM_HUMAN:sp|B6A8C7|TARM1_HUMAN:sp|Q9H0B6|KLC2_HUMAN:sp|Q5T7W7|TSTD2_HUMAN:sp|Q8N6L1|KTAP2_HUMAN:sp|P39900|MMP12_HUMAN:SEC31A_INS_--T_p.I462Nfs*2::chr4:82863911-82864912_frame=3:sp|O43488|ARK72_HUMAN:sp|Q6NS38|ALKB2_HUMAN:sp|Q8IZD0|SAM14_HUMAN:sp|P11532|DMD_HUMAN:sp|Q9NP87|DPOLM_HUMAN:sp|Q15311|RBP1_HUMAN:sp|Q6NYC8|PPR18_HUMAN:sp|Q96JA1|LRIG1_HUMAN:sp|O43918|AIRE_HUMAN:sp|P60891|PRPS1_HUMAN:sp|Q9UBS5|GABR1_HUMAN:sp|Q6DKI2|LEG9C_HUMAN:sp|Q86WZ0|HEAT4_HUMAN:sp|P17948|VGFR1_HUMAN:sp|Q9UBC5|MYO1A_HUMAN:sp|Q8WZ42|TITIN_HUMAN:sp|Q9H2K2|TNKS2_HUMAN:sp|P46019|KPB2_HUMAN:sp|Q9BUB5|MKNK1_HUMAN:sp|Q9BTC0|DIDO1_HUMAN:sp|Q8TD08|MK15_HUMAN:sp|Q92858|ATOH1_HUMAN:sp|Q16674|MIA_HUMAN:sp|P10074|TZAP_HUMAN:sp|O60763|USO1_HUMAN:sp|O75445|USH2A_HUMAN:sp|Q7RTU9|STRC_HUMAN:sp|Q9BXM9|FSD1L_HUMAN:sp|Q76NI1|KNDC1_HUMAN:sp|P06737|PYGL_HUMAN:sp|O60315|ZEB2_HUMAN:sp|Q7Z442|PK1L2_HUMAN:sp|Q8TF72|SHRM3_HUMAN:sp|Q3KNS1|PTHD3_HUMAN:sp|O43292|GPAA1_HUMAN:sp|Q9UMN6|KMT2B_HUMAN:sp|P51800|CLCKA_HUMAN:sp|Q9NZC3|GDE1_HUMAN:sp|A2RUH7|MBPHL_HUMAN:sp|Q9NZ42|PEN2_HUMAN:sp|Q53EU6|GPAT3_HUMAN:sp|Q5SRH9|TT39A_HUMAN:sp|P42345|MTOR_HUMAN:sp|Q99459|CDC5L_HUMAN:sp|P22415|USF1_HUMAN:sp|Q9Y2U2|KCNK7_HUMAN:sp|Q92667|AKAP1_HUMAN:sp|P59020|DSCR9_HUMAN:sp|P08779|K1C16_HUMAN:sp|Q9BUR5|MIC26_HUMAN:sp|Q7L273|KCTD9_HUMAN:sp|Q9Y623|MYH4_HUMAN:sp|Q8IVS8|GLCTK_HUMAN:sp|P14778|IL1R1_HUMAN:sp|Q9UIV1|CNOT7_HUMAN:sp|Q13023|AKAP6_HUMAN:sp|P06703|S10A6_HUMAN:sp|Q08AM6|VAC14_HUMAN:sp|Q9HCH5|SYTL2_HUMAN:sp|O75161|NPHP4_HUMAN:sp|Q9UFF9|CNOT8_HUMAN:sp|Q86TM3|DDX53_HUMAN:sp|Q5TH69|BIG3_HUMAN:sp|Q52LJ0|FA98B_HUMAN:sp|Q6UX53|TMT1B_HUMAN:MXRA8_DEL_G-p.R301Gfs*107_::chr1:1354230-1355230_frame=2:sp|P11908|PRPS2_HUMAN:sp|Q6UY09|CEA20_HUMAN:sp|Q96M89|CC138_HUMAN,DeepNovo
G(+42.01)SKRLLAV,34.18,884.5443,8,62.5,8,2.0,443.28033,2,41.7285,-16.1715,0.77,16109,HFX193_IPP292_GEL_CRC_324_Odd.raw,1.56E5,1.28E6,1,1,1,1,"Acetylation (N-term)",,0 0 5 0 2 5 20 5,G(+42.01)SKRLLAV,,DeepNovo
G(+42.01)SLN(+0.98)LTK,36.51,774.4123,7,71.4,7,0.1,388.21347,2,38.7735,-11.3265,0.75,14888,HFX193_IPP292_GEL_CRC_324_Odd.raw,1.14E7,6.84E7,2,2,2,2,"Acetylation (N-term);Deamidation (NQ)",,0 0 53 29 29 21 5,G(+42.01)SLN(+0.98)LTK,sp|Q8TCG2|P4K2B_HUMAN:sp|Q8N4C7|STX19_HUMAN:sp|Q02094|RHAG_HUMAN:sp|Q05C16|LRC63_HUMAN:sp|Q96L73|NSD1_HUMAN:sp|P0C7V6|SP202_HUMAN:sp|Q8NBN3|TM87A_HUMAN:sp|Q6UB98|ANR12_HUMAN:sp|Q9Y233|PDE10_HUMAN:sp|Q14956|GPNMB_HUMAN:sp|P61550|ENVT1_HUMAN:sp|Q96RQ9|OXLA_HUMAN:sp|Q86VZ5|SMS1_HUMAN:sp|O15455|TLR3_HUMAN:sp|Q9BZE3|BARH1_HUMAN:sp|Q8WU76|SCFD2_HUMAN:sp|B6SEH8|ERVV1_HUMAN:sp|Q9P2D6|F135A_HUMAN:sp|P78363|ABCA4_HUMAN:sp|Q9HCJ0|TNR6C_HUMAN:sp|P35225|IL13_HUMAN:sp|Q9BSU1|PHAF1_HUMAN:sp|Q96BT3|CENPT_HUMAN:sp|Q9Y463|DYR1B_HUMAN:sp|Q96DN5|TBC31_HUMAN:sp|O00206|TLR4_HUMAN:sp|Q5R3F8|PPR29_HUMAN:sp|Q9ULT8|HECD1_HUMAN:sp|Q5M8T2|S35D3_HUMAN:sp|Q92797|SYMPK_HUMAN:sp|Q9BQP9|BPIA3_HUMAN:sp|Q99743|NPAS2_HUMAN:sp|P21359|NF1_HUMAN:sp|O14682|ENC1_HUMAN:sp|P15924|DESP_HUMAN:sp|Q96NW7|LRRC7_HUMAN:sp|Q9Y5W8|SNX13_HUMAN:sp|Q5NDL2|EOGT_HUMAN:sp|Q9H313|TTYH1_HUMAN:sp|Q7Z5Q5|DPOLN_HUMAN:sp|Q8TDQ0|HAVR2_HUMAN:sp|B6SEH9|ERVV2_HUMAN:sp|Q96SA4|SERC2_HUMAN:sp|Q9Y274|SIA10_HUMAN:sp|O14638|ENPP3_HUMAN:sp|Q96E52|OMA1_HUMAN:sp|Q9Y442|CV024_HUMAN:sp|Q9BQ15|SOSB1_HUMAN:sp|Q9NP80|PLPL8_HUMAN:sp|Q8TEA7|TBCK_HUMAN:sp|O75830|SPI2_HUMAN:sp|P11532|DMD_HUMAN:sp|P0C7L1|ISK8_HUMAN:sp|Q16288|NTRK3_HUMAN:sp|Q9UHC6|CNTP2_HUMAN:sp|Q8IZ63|PRR22_HUMAN:sp|Q13797|ITA9_HUMAN:sp|Q8N2E2|VWDE_HUMAN:sp|Q9H3W5|LRRN3_HUMAN:sp|Q99471|PFD5_HUMAN:sp|P35548|MSX2_HUMAN:sp|Q9H3P2|NELFA_HUMAN:sp|Q8IVL1|NAV2_HUMAN:sp|P19022|CADH2_HUMAN:sp|Q8WZ26|YS006_HUMAN:sp|Q8IVV7|GID4_HUMAN:sp|P24043|LAMA2_HUMAN:sp|Q01064|PDE1B_HUMAN:sp|Q5VT25|MRCKA_HUMAN:sp|Q58WW2|DCAF6_HUMAN:sp|P11047|LAMC1_HUMAN:sp|P23229|ITA6_HUMAN:sp|Q7Z3J2|VP35L_HUMAN:sp|Q9NUR3|TM74B_HUMAN:sp|Q8NFP4|MDGA1_HUMAN:sp|Q9NYK1|TLR7_HUMAN:sp|Q9P2K8|E2AK4_HUMAN:sp|P41217|OX2G_HUMAN:sp|Q8WZ42|TITIN_HUMAN:sp|Q9NS98|SEM3G_HUMAN:sp|Q9P2G4|MAP10_HUMAN:sp|Q6AHZ1|Z518A_HUMAN:sp|Q8TEW8|PAR3L_HUMAN:sp|Q13564|ULA1_HUMAN:sp|Q9UQ84|EXO1_HUMAN:sp|Q8TDZ2|MICA1_HUMAN:sp|Q8TC59|PIWL2_HUMAN:sp|Q9BZ95|NSD3_HUMAN:sp|Q9NXJ0|M4A12_HUMAN:sp|O00571|DDX3X_HUMAN:sp|Q96QU1|PCD15_HUMAN:sp|P0C7U0|ELFN1_HUMAN:sp|Q14524|SCN5A_HUMAN:sp|Q8IYA8|IHO1_HUMAN:sp|Q07075|AMPE_HUMAN:sp|P56199|ITA1_HUMAN:sp|Q8IYA6|CKP2L_HUMAN:sp|O94915|FRYL_HUMAN:sp|P46531|NOTC1_HUMAN:sp|P09327|VILI_HUMAN:sp|P07814|SYEP_HUMAN:sp|Q9H7C4|SYNCI_HUMAN:sp|P00533|EGFR_HUMAN:sp|Q15691|MARE1_HUMAN:sp|Q86UK0|ABCAC_HUMAN:sp|O75121|MFA3L_HUMAN:sp|Q58EX7|PKHG4_HUMAN:sp|Q13621|S12A1_HUMAN:sp|Q15723|ELF2_HUMAN:sp|Q13438|OS9_HUMAN:sp|Q8N1G4|LRC47_HUMAN:sp|Q7Z7B0|FLIP1_HUMAN:sp|P11137|MTAP2_HUMAN:sp|Q5XG92|EST4A_HUMAN:sp|Q6ZTC4|YT009_HUMAN:sp|Q8TBY9|CF251_HUMAN:sp|Q8N9V3|WSDU1_HUMAN:sp|P03905|NU4M_HUMAN:sp|Q86XX4|FRAS1_HUMAN:sp|Q8IZT6|ASPM_HUMAN,DeepNovo
G(+42.01)SLTGGAV,40.87,702.3548,8,75.0,8,-0.9,703.36145,1,53.8798,-13.7202,0.61,20909,HFX193_IPP292_GEL_CRC_324_Even.raw,2.74E4,4.26E5,1,1,1,1,"Acetylation (N-term)",,0 0 7 35 5 4 12 5,G(+42.01)SLTGGAV,sp|P10809|CH60_HUMAN:sp|Q9H329|E41LB_HUMAN:sp|Q6ZMV9|KIF6_HUMAN:sp|Q12959|DLG1_HUMAN:sp|Q9UMS4|PRP19_HUMAN:sp|Q96CC6|RHDF1_HUMAN:sp|Q9Y584|TIM22_HUMAN:sp|Q9Y5H7|PCDA5_HUMAN:sp|Q99714|HCD2_HUMAN:sp|Q9H8M5|CNNM2_HUMAN:sp|P83111|LACTB_HUMAN:sp|Q9UN74|PCDA4_HUMAN:sp|Q9BY89|K1671_HUMAN:sp|Q67FW5|B3GNL_HUMAN:sp|Q9BZF3|OSBL6_HUMAN:sp|O60563|CCNT1_HUMAN:sp|Q8NBZ7|UXS1_HUMAN:sp|Q86UB9|TM135_HUMAN:sp|P30203|CD6_HUMAN:sp|A0A1W2PR48|TLE7_HUMAN:sp|Q8WXG9|AGRV1_HUMAN:sp|Q5TGI0|FAXC_HUMAN:sp|Q96EG1|ARSG_HUMAN:sp|Q6ZQX7|LIAT1_HUMAN:sp|Q9UN72|PCDA7_HUMAN:sp|Q12996|CSTF3_HUMAN:sp|Q12802|AKP13_HUMAN:sp|Q9P206|K1522_HUMAN:sp|O60641|AP180_HUMAN:sp|O95274|LYPD3_HUMAN:sp|Q8TAT6|NPL4_HUMAN:sp|A0JNW5|BLT3B_HUMAN:sp|Q9UN73|PCDA6_HUMAN:sp|Q9BW30|TPPP3_HUMAN:sp|Q7L592|NDUF7_HUMAN,DeepNovo
G(+42.01)SREKLSL,26.13,930.5134,8,75.0,8,2.4,466.26511,2,39.1639,-4.1361,0.80,15021,HFX193_IPP292_GEL_CRC_324_Even.raw,1.38E7,8.28E7,2,2,2,2,"Acetylation (N-term)",,0 0 2 2 3 25 17 5,G(+42.01)SREKLSL,sp|Q9UBR4|LHX3_HUMAN:sp|P52701|MSH6_HUMAN:sp|Q2M243|CCD27_HUMAN:sp|A0A577|TVB41_HUMAN:sp|Q6UVJ0|SAS6_HUMAN:sp|Q9UMQ3|BARX2_HUMAN:sp|O75694|NU155_HUMAN:sp|Q9HC35|EMAL4_HUMAN:sp|Q9UIE0|ZN230_HUMAN:sp|Q93034|CUL5_HUMAN:sp|Q5VT06|CE350_HUMAN:sp|Q9Y2S2|CRYL1_HUMAN:sp|Q5TC82|RC3H1_HUMAN:sp|Q8N1M1|BEST3_HUMAN:sp|Q96DY2|DRC10_HUMAN:sp|Q6ZNE9|RUFY4_HUMAN:sp|Q8IWQ3|BRSK2_HUMAN:sp|Q9UL54|TAOK2_HUMAN:sp|P51589|CP2J2_HUMAN:sp|Q7Z5L4|SPT19_HUMAN:sp|Q8IYU8|MICU2_HUMAN:sp|Q495C1|RN212_HUMAN:sp|Q14185|DOCK1_HUMAN:sp|O60568|PLOD3_HUMAN:sp|Q96Q35|FACC1_HUMAN:sp|Q9H4D5|NXF3_HUMAN:sp|Q9Y6X4|F169A_HUMAN:sp|Q4LDG9|DNAL1_HUMAN:sp|Q9NQZ6|ZC4H2_HUMAN:sp|O95932|TGM3L_HUMAN:sp|Q9NYQ3|HAOX2_HUMAN:sp|Q9Y5P8|P2R3B_HUMAN:sp|P48553|TPC10_HUMAN:sp|P78524|DEN2B_HUMAN:sp|Q9UKG4|S13A4_HUMAN:sp|Q9BZL4|PP12C_HUMAN:sp|A8MT19|RHN2P_HUMAN:sp|Q6IS24|GLT17_HUMAN:sp|Q8NDH2|CC168_HUMAN:sp|P15924|DESP_HUMAN:sp|Q5VZK9|CARL1_HUMAN:sp|Q5SYB0|FRPD1_HUMAN:sp|Q969G2|LHX4_HUMAN:sp|Q9P032|NDUF4_HUMAN:sp|Q9H158|PCDC1_HUMAN:sp|P51523|ZNF84_HUMAN:sp|P52292|IMA1_HUMAN:sp|Q8N4C6|NIN_HUMAN:sp|Q8IXS2|DRC2_HUMAN:sp|Q96DT5|DYH11_HUMAN:sp|Q9UK97|FBX9_HUMAN:sp|Q8TD31|CCHCR_HUMAN:sp|Q9Y6H5|SNCAP_HUMAN:sp|Q14CM0|FRPD4_HUMAN:sp|Q9H8E8|CSR2B_HUMAN:sp|Q86XA9|HTR5A_HUMAN:sp|Q6UQ28|PLET1_HUMAN:sp|Q9NZM3|ITSN2_HUMAN:sp|Q9BTW9|TBCD_HUMAN:sp|O94818|NOL4_HUMAN:sp|Q9NQ35|NRIP3_HUMAN:sp|Q9ULH0|KDIS_HUMAN:sp|Q9UDT6|CLIP2_HUMAN:sp|Q8WXI2|CNKR2_HUMAN:sp|Q6ZSB9|ZBT49_HUMAN:sp|Q06495|NPT2A_HUMAN:sp|Q9BXT8|RNF17_HUMAN:sp|Q07617|SPAG1_HUMAN:sp|Q96K76|UBP47_HUMAN:sp|Q7Z3J2|VP35L_HUMAN:sp|Q14526|HIC1_HUMAN:sp|Q86XK7|VSIG1_HUMAN:sp|Q86WN1|FCSD1_HUMAN:sp|Q8WZ42|TITIN_HUMAN:sp|Q68DU8|KCD16_HUMAN:sp|Q9Y5H0|PCDG3_HUMAN:sp|Q6V1P9|PCD23_HUMAN:sp|P09917|LOX5_HUMAN:sp|D6REC4|CFA99_HUMAN:sp|O76014|KRT37_HUMAN:sp|Q6ZTR5|CFA47_HUMAN:sp|Q9HAH1|ZN556_HUMAN:sp|Q8IUC4|RHPN2_HUMAN:sp|Q76NI1|KNDC1_HUMAN:sp|P01011|AACT_HUMAN:sp|P29144|TPP2_HUMAN:sp|Q15075|EEA1_HUMAN:sp|Q494W8|CRFM7_HUMAN:sp|O43929|ORC4_HUMAN:sp|Q9BQ69|MACD1_HUMAN:sp|Q9ULK0|GRID1_HUMAN:sp|P30279|CCND2_HUMAN:sp|Q12770|SCAP_HUMAN:sp|Q02224|CENPE_HUMAN:sp|Q5BKZ1|ZN326_HUMAN:sp|Q58A45|PAN3_HUMAN:sp|A6NKB5|PCX2_HUMAN:sp|Q96QT6|PHF12_HUMAN:sp|Q9NZJ4|SACS_HUMAN:sp|Q9H0M4|ZCPW1_HUMAN:sp|P07359|GP1BA_HUMAN:sp|P20742|PZP_HUMAN:sp|Q12756|KIF1A_HUMAN:sp|Q92844|TANK_HUMAN:sp|Q8TET4|GANC_HUMAN:sp|P28476|GBRR2_HUMAN:sp|Q9H1H9|KI13A_HUMAN:sp|Q96JB2|COG3_HUMAN:sp|Q5SVZ6|ZMYM1_HUMAN:sp|Q9BY77|PDIP3_HUMAN:sp|P35749|MYH11_HUMAN:sp|Q16572|VACHT_HUMAN:sp|Q5T5U3|RHG21_HUMAN:sp|O75145|LIPA3_HUMAN:sp|O76015|KRT38_HUMAN:sp|Q96M89|CC138_HUMAN:sp|Q01344|IL5RA_HUMAN:sp|Q86XX4|FRAS1_HUMAN:sp|Q9BRF8|CPPED_HUMAN:sp|P27540|ARNT_HUMAN,DeepNovo
G(+42.01)SRGGHLGGAL,44.99,1022.5257,11,36.4,11,1.3,512.27081,2,35.5019,2.7019,0.49,13551,HFX193_IPP292_GEL_CRC_324_Even.raw,5.76E6,4.38E7,1,1,1,1,"Acetylation (N-term)",,0 0 0 0 0 8 41 0 0 40 5,G(+42.01)SRGGHLGGAL,sp|Q9H7Z7|PGES2_HUMAN:sp|Q9ULL5|PRR12_HUMAN:sp|Q7RTX7|CTSR4_HUMAN:sp|O94856|NFASC_HUMAN:sp|Q5VT06|CE350_HUMAN:sp|Q6UXZ4|UNC5D_HUMAN:sp|P02679|FIBG_HUMAN:sp|Q9Y283|INVS_HUMAN:sp|Q9H7J1|PPR3E_HUMAN:sp|Q6VVX0|CP2R1_HUMAN:sp|Q8TBZ2|MYBPP_HUMAN:sp|Q8WWP7|GIMA1_HUMAN:sp|Q5SYE7|NHSL1_HUMAN:sp|O75880|SCO1_HUMAN:sp|Q9ULD4|BRPF3_HUMAN:sp|Q9BRQ4|CF300_HUMAN:sp|Q86Y26|NUTM1_HUMAN:sp|Q9NZ32|ARP10_HUMAN:sp|O95158|NXPH4_HUMAN:sp|Q9BVI4|NOC4L_HUMAN:sp|Q9UJ72|ANX10_HUMAN:sp|Q7Z4Q2|HEAT3_HUMAN:sp|Q9NP84|TNR12_HUMAN:sp|Q9H300|PARL_HUMAN:sp|Q9BVL2|NUP58_HUMAN:sp|Q9ULI4|KI26A_HUMAN:sp|Q96BD0|SO4A1_HUMAN:sp|Q9HBH5|RDH14_HUMAN:sp|O15021|MAST4_HUMAN:sp|Q496J9|SV2C_HUMAN:sp|Q9NTZ6|RBM12_HUMAN:sp|Q16143|SYUB_HUMAN:sp|P02008|HBAZ_HUMAN:sp|P11487|FGF3_HUMAN:sp|Q5TCS8|KAD9_HUMAN:sp|Q8NCV1|ADAD2_HUMAN:sp|Q5BKX6|S45A4_HUMAN:sp|Q96PX9|PKH4B_HUMAN:sp|P19971|TYPH_HUMAN:sp|Q7Z4F1|LRP10_HUMAN:sp|P07942|LAMB1_HUMAN:sp|P07358|CO8B_HUMAN:sp|Q96GW7|PGCB_HUMAN:sp|Q53T59|H1BP3_HUMAN:sp|Q16787|LAMA3_HUMAN:sp|Q8TCY9|URGCP_HUMAN:sp|Q8N2K1|UB2J2_HUMAN:sp|Q7L1I2|SV2B_HUMAN:sp|A1YPR0|ZBT7C_HUMAN:sp|P29972|AQP1_HUMAN:sp|Q6NZ67|MZT2B_HUMAN:sp|Q96JG9|ZN469_HUMAN:sp|Q9Y2D1|ATF5_HUMAN:sp|Q7RTU3|OLIG3_HUMAN:sp|Q8NGQ4|O10Q1_HUMAN:sp|Q6DD88|ATLA3_HUMAN:sp|O95471|CLD7_HUMAN:sp|Q68CQ7|GL8D1_HUMAN:sp|Q9HBK9|AS3MT_HUMAN:sp|O15551|CLD3_HUMAN:sp|Q5BIV9|SPRN_HUMAN:sp|Q9Y566|SHAN1_HUMAN:sp|Q9Y4P1|ATG4B_HUMAN:sp|Q9ULX6|AKP8L_HUMAN:sp|Q99956|DUS9_HUMAN:sp|Q9HCK8|CHD8_HUMAN:sp|P22083|FUT4_HUMAN:sp|Q9NPG1|FZD3_HUMAN:sp|Q6T423|S22AP_HUMAN:sp|Q7Z5J1|DHI1L_HUMAN:sp|Q9UHF3|NAT8B_HUMAN:sp|O95832|CLD1_HUMAN:sp|Q8N8G2|VGLL2_HUMAN:sp|Q8WXX0|DYH7_HUMAN:sp|O15230|LAMA5_HUMAN:sp|Q9NPA1|KCMB3_HUMAN,DeepNovo
G(+42.01)SRHLAQ(+0.98)L,23.60,923.4825,8,50.0,8,0.7,462.74881,2,38.2387,3.4387,0.55,14701,HFX193_IPP292_GEL_CRC_324_Even.raw,2.96E5,2.37E6,1,1,1,1,"Acetylation (N-term);Deamidation (NQ)",,0 0 0 0 26 26 18 5,G(+42.01)SRHLAQ(+0.98)L,sp|Q9NXS2|QPCTL_HUMAN,DB Search
G(+42.01)SSRTYSAGAASSN(+0.98)SAAGGSDV,98.14,2001.8512,22,54.5,22,1.0,1001.93384,2,34.2648,8.3648,0.65,13061,HFX193_IPP292_GEL_CRC_324_Even.raw,7.66E5,7.83E6,1,1,1,1,"Acetylation (N-term);Deamidation (NQ)",,0 0 0 0 0 15 19 0 0 43 64 50 20 20 25 25 0 0 16 3 0 5,G(+42.01)SSRTYSAGAASSN(+0.98)SAAGGSDV,sp|Q14849|STAR3_HUMAN:MARCKS_DEL_A-p.K155Rfs*12_::chr6:113859534-113860534_frame=1:sp|Q6ZW13|CP086_HUMAN:sp|Q8NGX1|O2T34_HUMAN:sp|Q9H9L3|I20L2_HUMAN:sp|P52701|MSH6_HUMAN:sp|Q9Y6N7|ROBO1_HUMAN:sp|O94819|KBTBB_HUMAN:sp|Q9H9F9|ARP5_HUMAN:sp|A6NF01|P121B_HUMAN:sp|Q6ZN16|M3K15_HUMAN:sp|P01721|LV657_HUMAN:sp|A0A1W2PPK0|CPHL2_HUMAN:sp|Q08AE8|SPIR1_HUMAN:sp|Q9H254|SPTN4_HUMAN:sp|Q96P47|AGAP3_HUMAN:sp|Q9Y4M8|CH071_HUMAN:sp|Q9NP79|VTA1_HUMAN:sp|Q8TC56|GAR3_HUMAN:sp|Q96JN8|NEUL4_HUMAN:sp|P06276|CHLE_HUMAN:sp|Q9C0B7|TNG6_HUMAN:sp|Q8NFD5|ARI1B_HUMAN:sp|Q8NHV9|RHXF1_HUMAN:sp|Q6PL18|ATAD2_HUMAN:sp|A8MWY0|ELAP2_HUMAN:sp|P49790|NU153_HUMAN:sp|Q6NT89|TRNP1_HUMAN:sp|O60318|GANP_HUMAN:sp|P51841|GUC2F_HUMAN:sp|Q8WUY3|PRUN2_HUMAN:sp|Q9P2S2|NRX2A_HUMAN:XYLT2_DEL_C-p.G529Afs*78_::chr17:50356106-50357106_frame=-1:sp|Q8TES7|FBF1_HUMAN:sp|O75970|MPDZ_HUMAN:sp|P53007|TXTP_HUMAN:sp|Q495B1|AKD1A_HUMAN:sp|Q8TB24|RIN3_HUMAN:sp|Q9C009|FOXQ1_HUMAN:CCDC178_DEL_TT-p.K291Nfs*11_::chr18:33332679-33333680_frame=2:sp|P04629|NTRK1_HUMAN:sp|P04198|MYCN_HUMAN:sp|O60687|SRPX2_HUMAN:sp|Q2QGD7|ZXDC_HUMAN:sp|P51798|CLCN7_HUMAN:sp|Q9Y5B0|CTDP1_HUMAN:sp|Q9Y261|FOXA2_HUMAN:sp|Q86UP8|GTD2A_HUMAN:sp|Q6ZN18|AEBP2_HUMAN:sp|O00178|GTPB1_HUMAN:sp|O75920|SERF1_HUMAN:sp|Q3B7T1|EDRF1_HUMAN:sp|O94953|KDM4B_HUMAN:sp|Q59H18|TNI3K_HUMAN:sp|O43301|HS12A_HUMAN:sp|P01893|HLAH_HUMAN:sp|Q96JA1|LRIG1_HUMAN:sp|O14522|PTPRT_HUMAN:sp|O75891|AL1L1_HUMAN:sp|Q4FZB7|KMT5B_HUMAN:sp|A0A1B0GWB2|PRT1B_HUMAN:sp|Q8N0Z9|VSI10_HUMAN:sp|Q9BX70|BTBD2_HUMAN:sp|Q8NEZ4|KMT2C_HUMAN:sp|Q2TBC4|PRIC4_HUMAN:sp|Q9BXT8|RNF17_HUMAN:sp|Q8TEK3|DOT1L_HUMAN:sp|Q8TAU0|NKX23_HUMAN:sp|P78545|ELF3_HUMAN:sp|O15040|TCPR2_HUMAN:sp|Q96PY5|FMNL2_HUMAN:sp|Q9NP94|S39A2_HUMAN:sp|Q8NDY6|BHE23_HUMAN:sp|Q6V0L0|CP26C_HUMAN:MARCKS_DEL_A-p.K155Rfs*12_::chr6:113859534-113860534_frame=-2:sp|Q96NU0|CNT3B_HUMAN:sp|Q9Y2X9|ZN281_HUMAN:sp|Q9BZ76|CNTP3_HUMAN:sp|Q7Z434|MAVS_HUMAN:sp|P52757|CHIO_HUMAN:sp|A6NLU5|VTM2B_HUMAN:sp|Q6ZT52|FA43B_HUMAN:sp|Q969X2|SIA7F_HUMAN:sp|O75962|TRIO_HUMAN:sp|O43670|ZN207_HUMAN:MXRA8_DEL_G-p.R301Gfs*107_::chr1:1354230-1355230_frame=3:sp|Q9UKV3|ACINU_HUMAN:sp|P29083|T2EA_HUMAN:sp|P18825|ADA2C_HUMAN:sp|Q3LXA3|TKFC_HUMAN:sp|Q99959|PKP2_HUMAN:sp|P01854|IGHE_HUMAN:sp|P35658|NU214_HUMAN:sp|O60721|NCKX1_HUMAN:sp|O00268|TAF4_HUMAN:sp|Q96K37|S35E1_HUMAN:sp|Q9ULD2|MTUS1_HUMAN:sp|P12035|K2C3_HUMAN:RNF43_DEL_C-p.G659Vfs*41_::chr17:58357300-58358300_frame=-2:sp|P31277|HXD11_HUMAN:sp|O75553|DAB1_HUMAN:sp|Q16581|C3AR_HUMAN:sp|A0A0B4J1U7|HV601_HUMAN:sp|Q9UHB4|NDOR1_HUMAN:sp|Q5XG92|EST4A_HUMAN:sp|Q68CQ4|UTP25_HUMAN:sp|P15291|B4GT1_HUMAN:sp|O43602|DCX_HUMAN:sp|P49792|RBP2_HUMAN:sp|P83110|HTRA3_HUMAN:sp|O75896|TUSC2_HUMAN:sp|Q8ND04|SMG8_HUMAN:sp|Q99835|SMO_HUMAN:sp|Q9H6K5|PRR36_HUMAN:sp|Q96IK1|BOD1_HUMAN:sp|Q00722|PLCB2_HUMAN:sp|P15086|CBPB1_HUMAN:sp|O95487|SC24B_HUMAN:sp|Q8IWU2|LMTK2_HUMAN:sp|O15063|GRRE1_HUMAN,DeepNovo
G(+42.01)SSVHPTL,44.61,838.4185,8,75.0,8,1.8,420.21725,2,43.0520,-8.1480,0.60,16616,HFX193_IPP292_GEL_CRC_324_Even.raw,8.42E5,5.38E6,1,1,1,1,"Acetylation (N-term)",,0 0 2 2 5 8 8 5,G(+42.01)SSVHPTL,sp|P25874|UCP1_HUMAN:sp|Q76MJ5|ERN2_HUMAN:sp|Q4ZHG4|FNDC1_HUMAN:sp|Q14865|ARI5B_HUMAN:sp|Q8WXX7|AUTS2_HUMAN:sp|Q07890|SOS2_HUMAN:sp|Q5D862|FILA2_HUMAN:sp|Q6ZVK8|NUD18_HUMAN:sp|Q4V9L6|TM119_HUMAN:sp|Q9H902|REEP1_HUMAN:sp|Q9BRK0|REEP2_HUMAN:sp|O94915|FRYL_HUMAN:sp|Q5VU57|CBPC6_HUMAN:sp|P60852|ZP1_HUMAN:sp|P19827|ITIH1_HUMAN:sp|A8K830|OCAT2_HUMAN:TVP23A_DEL_A-p.F140Lfs*7_::chr16:10772846-10773846_frame=2:sp|P14543|NID1_HUMAN:sp|Q9H1B7|I2BPL_HUMAN:sp|Q92802|N42L2_HUMAN:sp|Q9HCE6|ARGAL_HUMAN:sp|Q9UK99|FBX3_HUMAN:sp|Q07889|SOS1_HUMAN:sp|O14520|AQP7_HUMAN:sp|Q9HCM7|FBSL_HUMAN:sp|P86790|CCZ1B_HUMAN:sp|Q96N35|TMM83_HUMAN:sp|P17927|CR1_HUMAN:sp|P86791|CCZ1_HUMAN:sp|Q8TE54|S26A7_HUMAN:sp|Q5VXI9|LIPN_HUMAN:sp|A7E2V4|ZSWM8_HUMAN:sp|O00754|MA2B1_HUMAN:sp|A6NL99|AQP73_HUMAN:sp|Q96HP0|DOCK6_HUMAN:sp|Q8N268|CT197_HUMAN:sp|P56730|NETR_HUMAN:sp|Q8TDW7|FAT3_HUMAN:sp|O14617|AP3D1_HUMAN:sp|Q8NA70|FA47B_HUMAN:sp|Q96JM2|ZN462_HUMAN,DeepNovo
G(+42.01)SVTHARF,49.42,915.4562,8,50.0,8,0.8,458.73578,2,34.2130,-0.7870,0.79,13037,HFX193_IPP292_GEL_CRC_324_Even.raw,4.15E5,3.31E6,1,1,1,1,"Acetylation (N-term)",,0 0 18 44 14 3 0 0,G(+42.01)SVTHARF,sp|Q7Z443|PK1L3_HUMAN:sp|P04920|B3A2_HUMAN:sp|Q9ULW5|RAB26_HUMAN:sp|Q96AX2|RAB37_HUMAN:sp|Q99463|NPY6R_HUMAN:sp|Q14767|LTBP2_HUMAN:sp|Q8TBE0|BAHD1_HUMAN:sp|P02730|B3AT_HUMAN,DeepNovo
G(+42.01)SYDREPL,37.41,977.4454,8,75.0,8,0.8,489.73038,2,48.0090,-5.9910,0.59,18653,HFX193_IPP292_GEL_CRC_324_Odd.raw,1.52E5,1.26E6,1,1,1,1,"Acetylation (N-term)",,0 0 30 8 3 3 7 5,G(+42.01)SYDREPL,,DeepNovo
G(+42.01)TAAGKGGM(+15.99)AL,49.53,990.4804,11,63.6,11,1.5,496.24823,2,28.8037,7.1037,0.20,10764,HFX193_IPP292_GEL_CRC_324_Even.raw,2.5E6,8.77E6,1,1,1,1,"Acetylation (N-term);Oxidation (M)",,5 7 7 1 1 4 0 0 2 22 5,G(+42.01)TAAGKGGM(+15.99)AL,sp|P20810|ICAL_HUMAN:sp|Q13671|RIN1_HUMAN:sp|O00291|HIP1_HUMAN:sp|Q9Y467|SALL2_HUMAN:sp|Q86XI8|ZSWM9_HUMAN:sp|Q8WWN8|ARAP3_HUMAN:sp|O95425|SVIL_HUMAN:sp|P20929|NEBU_HUMAN:sp|Q8TAU0|NKX23_HUMAN:sp|Q8TBB6|S7A14_HUMAN:sp|A6NDY0|EPAB2_HUMAN:sp|Q8HWS3|RFX6_HUMAN:sp|Q8TDY8|IGDC4_HUMAN:sp|Q96TC7|RMD3_HUMAN:sp|Q9P2E3|ZNFX1_HUMAN:sp|P20936|RASA1_HUMAN:sp|P0C7M4|RHF2B_HUMAN:sp|Q86SJ2|AMGO2_HUMAN:sp|Q9BWW8|APOL6_HUMAN:sp|Q9UGR2|Z3H7B_HUMAN:sp|Q8IUD6|RN135_HUMAN:sp|Q9C0A1|ZFHX2_HUMAN:sp|Q13207|TBX2_HUMAN:sp|P36542|ATPG_HUMAN:sp|Q9BZJ0|CRNL1_HUMAN:sp|Q86UQ8|NFE4_HUMAN:sp|O15143|ARC1B_HUMAN:sp|Q13438|OS9_HUMAN:sp|Q9Y2K2|SIK3_HUMAN:sp|Q2TAL5|SMTL2_HUMAN:sp|P0C862|C1T9A_HUMAN:sp|Q99592|ZBT18_HUMAN:sp|Q5T6F2|UBAP2_HUMAN:sp|Q8NEA6|GLIS3_HUMAN:sp|Q9BQY4|RHXF2_HUMAN:sp|Q96L91|EP400_HUMAN:sp|Q9Y5H9|PCDA2_HUMAN:sp|O95155|UBE4B_HUMAN:sp|O60548|FOXD2_HUMAN:sp|Q6ZS81|WDFY4_HUMAN:sp|O75923|DYSF_HUMAN:sp|Q8N1I8|CAAS1_HUMAN:XYLT2_DEL_C-p.G529Afs*78_::chr17:50356106-50357106_frame=2:sp|Q03001|DYST_HUMAN:sp|P43007|SATT_HUMAN:sp|Q13423|NNTM_HUMAN:sp|Q6UVY6|MOXD1_HUMAN,DeepNovo
G(+42.01)TESVEKSLK,41.49,1118.5819,10,60.0,10,1.3,560.29895,2,36.7615,4.4615,0.28,14081,HFX193_IPP292_GEL_CRC_324_Even.raw,,,1,1,0,0,"Acetylation (N-term)",,0 0 1 1 20 8 8 3 3 5,G(+42.01)TESVEKSLK,sp|Q96HQ0|ZN419_HUMAN:sp|P25391|LAMA1_HUMAN:sp|Q9Y5Q9|TF3C3_HUMAN:sp|P0CB33|ZN735_HUMAN:sp|Q9NU39|FX4L1_HUMAN:sp|Q92834|RPGR_HUMAN:sp|Q9GZZ8|LACRT_HUMAN:sp|Q6PK81|ZN773_HUMAN:sp|Q9H4D0|CSTN2_HUMAN:sp|Q5MJ08|SPXN4_HUMAN:sp|Q5VV16|FX4L5_HUMAN:sp|Q460N5|PAR14_HUMAN:sp|Q9UQV4|LAMP3_HUMAN:sp|P28370|SMCA1_HUMAN:sp|Q8TEV9|SMCR8_HUMAN:sp|Q8IUD6|RN135_HUMAN:sp|P43652|AFAM_HUMAN:sp|O60393|NOBOX_HUMAN:sp|Q03938|ZNF90_HUMAN:sp|Q32NB8|PGPS1_HUMAN:sp|P17035|ZNF28_HUMAN:sp|Q9H4I2|ZHX3_HUMAN:sp|Q8N3P4|VPS8_HUMAN:sp|Q5TCQ9|MAGI3_HUMAN:sp|Q6ZN08|ZNF66_HUMAN:sp|Q9P2K1|C2D2A_HUMAN:sp|Q709C8|VP13C_HUMAN:sp|Q9HBI5|CC014_HUMAN:sp|Q6ZR37|PKHG7_HUMAN:sp|Q86UA6|RIP_HUMAN:sp|P51587|BRCA2_HUMAN:sp|P59044|NLRP6_HUMAN:sp|Q96AQ1|CC74A_HUMAN:sp|Q5MJ09|SPXN3_HUMAN:sp|Q8IZ40|RCOR2_HUMAN:sp|Q5JVG8|ZN506_HUMAN:sp|Q9UIW2|PLXA1_HUMAN:sp|Q9UBC2|EP15R_HUMAN:sp|Q9UBU8|MO4L1_HUMAN:sp|Q7Z572|SPT21_HUMAN:sp|P0C221|CC175_HUMAN:sp|Q86YC2|PALB2_HUMAN:sp|Q9HBT8|Z286A_HUMAN:sp|A6NCC3|GOG8O_HUMAN:sp|Q9Y4J8|DTNA_HUMAN:sp|I6L899|GOG8R_HUMAN:sp|Q6AWC2|WWC2_HUMAN:sp|Q14765|STAT4_HUMAN:sp|O95359|TACC2_HUMAN:sp|Q6ZN06|ZN813_HUMAN:sp|P0CG31|Z286B_HUMAN:sp|Q86UP8|GTD2A_HUMAN:sp|Q12950|FOXD4_HUMAN:sp|Q96D53|COQ8B_HUMAN:sp|Q8NEY8|PPHLN_HUMAN:sp|Q5T9S5|CCD18_HUMAN:sp|A6NIM6|S15A5_HUMAN:sp|P11532|DMD_HUMAN:sp|Q9UN81|LORF1_HUMAN:tr|A0A7P0TAN4|A0A7P0TAN4_HUMAN:sp|P51808|DYLT3_HUMAN:sp|O14646|CHD1_HUMAN:sp|P50453|SPB9_HUMAN:sp|Q86UQ4|ABCAD_HUMAN:sp|Q9H0V1|TM168_HUMAN:sp|P11717|MPRI_HUMAN:sp|Q76KX8|ZN534_HUMAN:sp|Q5HYA8|MKS3_HUMAN:sp|O94850|DEND_HUMAN:sp|Q6VB84|FX4L3_HUMAN:sp|Q8WU03|GLYL2_HUMAN:sp|Q9NSI6|BRWD1_HUMAN:sp|H3BV12|GOG8Q_HUMAN:sp|Q9NYI0|PSD3_HUMAN:sp|Q8WXE9|STON2_HUMAN:sp|Q9BV73|CP250_HUMAN:sp|O15327|INP4B_HUMAN:sp|Q5VU43|MYOME_HUMAN:sp|Q8NFU0|BEST4_HUMAN:sp|Q8N9H8|MUT7_HUMAN:sp|Q7RTV3|ZN367_HUMAN:sp|Q8N957|ANKF1_HUMAN:sp|F8WBI6|GOG8N_HUMAN:sp|O14686|KMT2D_HUMAN:sp|Q96IR2|ZN845_HUMAN:sp|Q9UBL3|ASH2L_HUMAN:sp|Q9ULW0|TPX2_HUMAN:sp|Q14644|RASA3_HUMAN:sp|Q15075|EEA1_HUMAN:sp|Q86T29|ZN605_HUMAN:sp|A8MTY0|ZN724_HUMAN:sp|Q8NB49|AT11C_HUMAN:sp|O75448|MED24_HUMAN:sp|Q8IWY4|SCUB1_HUMAN:sp|Q8IYT3|CC170_HUMAN:sp|Q5VIY5|ZN468_HUMAN:sp|O95202|LETM1_HUMAN:sp|O14647|CHD2_HUMAN:sp|Q6IMN6|CAPR2_HUMAN:sp|O60264|SMCA5_HUMAN:sp|Q8N782|ZN525_HUMAN:sp|O60941|DTNB_HUMAN:sp|Q16559|TAL2_HUMAN:sp|P20774|MIME_HUMAN:sp|Q8WXT5|FX4L4_HUMAN:sp|Q5HYC2|K2026_HUMAN:sp|Q15283|RASA2_HUMAN:sp|Q8NEM7|SP20H_HUMAN:sp|Q9NQW8|CNGB3_HUMAN:sp|Q9BYT8|NEUL_HUMAN:sp|Q96AY4|TTC28_HUMAN:sp|Q15435|PP1R7_HUMAN:sp|P82251|BAT1_HUMAN:sp|Q0IIM8|TBC8B_HUMAN:sp|Q92854|SEM4D_HUMAN:sp|Q16821|PPR3A_HUMAN:sp|Q9UNF0|PACN2_HUMAN:sp|A0A087WXM9|MEIKN_HUMAN:sp|Q8IYF3|TEX11_HUMAN:sp|Q96JM2|ZN462_HUMAN,DeepNovo
G(+42.01)TLAHGGV,25.98,752.3817,8,50.0,8,1.1,377.19852,2,31.5904,-13.2096,0.69,11990,HFX193_IPP292_GEL_CRC_324_Odd.raw,1.14E6,6.98E6,1,1,1,1,"Acetylation (N-term)",,0 0 14 15 3 0 0 2,G(+42.01)TLAHGGV,sp|P16066|ANPRA_HUMAN:sp|O60882|MMP20_HUMAN:sp|Q6XQN6|PNCB_HUMAN:sp|P21399|ACOHC_HUMAN:sp|Q8IYW2|CFA46_HUMAN:sp|P48751|B3A3_HUMAN:sp|Q2I0M5|RSPO4_HUMAN:sp|P04920|B3A2_HUMAN:sp|Q04725|TLE2_HUMAN:sp|Q8N1Y9|YI025_HUMAN:sp|Q9UMN6|KMT2B_HUMAN:sp|Q9NPA2|MMP25_HUMAN,DeepNovo
G(+42.01)TLKLK,22.16,700.4483,6,66.7,6,0.7,351.23169,2,29.5825,2.9825,0.71,11150,HFX193_IPP292_GEL_CRC_324_Odd.raw,3.23E6,2.21E7,1,1,1,1,"Acetylation (N-term)",,0 0 15 15 19 5,G(+42.01)TLKLK,sp|Q96MK2|RIPR3_HUMAN:sp|Q9NZJ6|COQ3_HUMAN:sp|Q9HCK4|ROBO2_HUMAN:sp|Q8IZJ3|CPMD8_HUMAN:sp|Q9ULG6|CCPG1_HUMAN:sp|Q9ULB1|NRX1A_HUMAN:sp|Q76FK4|NOL8_HUMAN:sp|Q5VZE5|NAA35_HUMAN:sp|Q9H1Z4|WDR13_HUMAN:sp|Q96PY5|FMNL2_HUMAN:sp|Q5SY80|CTSRE_HUMAN:sp|Q12816|TROP_HUMAN:sp|Q9Y6Q5|AP1M2_HUMAN:sp|Q8WYP5|ELYS_HUMAN:sp|P06729|CD2_HUMAN,DB Search
G(+42.01)TLKLKRLR,38.86,1125.7346,9,55.6,9,0.5,376.25232,3,30.2530,5.4530,0.10,11437,HFX193_IPP292_GEL_CRC_324_Odd.raw,9.11E5,7.91E6,2,2,2,2,"Acetylation (N-term)",,0 0 33 17 4 1 1 2 5,G(+42.01)TLKLKRLR,sp|P52701|MSH6_HUMAN:sp|O95661|DIRA3_HUMAN:sp|Q9UF56|FXL17_HUMAN:sp|Q5VT06|CE350_HUMAN:sp|P04275|VWF_HUMAN:sp|P0C881|R10B1_HUMAN:sp|Q92626|PXDN_HUMAN:sp|Q9P2N2|RHG28_HUMAN:sp|Q68DL7|CR063_HUMAN:sp|Q8NA75|DC4L2_HUMAN:sp|Q92622|RUBIC_HUMAN:sp|P33992|MCM5_HUMAN:sp|Q9Y6K0|CEPT1_HUMAN:sp|Q9UHI6|DDX20_HUMAN:sp|P55268|LAMB2_HUMAN:sp|O14863|ZNT4_HUMAN:sp|Q9P1Z9|CC180_HUMAN:sp|Q9UHE5|NAT8_HUMAN:sp|Q8TEL6|TP4AP_HUMAN:ESRP1_DEL_A-p.N512Tfs*2_::chr8:94673883-94674883_frame=-3:sp|Q58DX5|NADL2_HUMAN:sp|P43246|MSH2_HUMAN:sp|Q5SW79|CE170_HUMAN:sp|Q92928|RAB1C_HUMAN:sp|Q9H0R4|HDHD2_HUMAN:sp|Q5TZA2|CROCC_HUMAN:sp|Q9NRD9|DUOX1_HUMAN:sp|Q765P7|MTSS2_HUMAN:sp|A0A075B6L6|TVB73_HUMAN:sp|Q8IWK6|AGRA3_HUMAN:sp|Q9P1A6|DLGP2_HUMAN:sp|Q9HCE9|ANO8_HUMAN:sp|O43182|RHG06_HUMAN:sp|Q3SY84|K2C71_HUMAN:sp|Q8N139|ABCA6_HUMAN:sp|P01733|TVBL3_HUMAN:sp|Q6PIU1|KCNV1_HUMAN:sp|Q96RW7|HMCN1_HUMAN:sp|P21359|NF1_HUMAN:sp|O60281|ZN292_HUMAN:sp|A6NE52|WDR97_HUMAN:sp|Q9C0E4|GRIP2_HUMAN:sp|O00533|NCHL1_HUMAN:sp|Q9HA90|EFCC1_HUMAN:sp|P18124|RL7_HUMAN:sp|A0A087WT01|TVA27_HUMAN:sp|P13647|K2C5_HUMAN:sp|Q0ZGT2|NEXN_HUMAN:sp|P04626|ERBB2_HUMAN:sp|A6NN73|GOG8C_HUMAN:sp|Q8TDY2|RBCC1_HUMAN:sp|Q9H0U4|RAB1B_HUMAN:sp|Q9Y6X6|MYO16_HUMAN:sp|P83369|LSM11_HUMAN:sp|Q9BUJ0|ABHEA_HUMAN:sp|P26022|PTX3_HUMAN:sp|P41235|HNF4A_HUMAN:sp|Q8WWU5|TCP11_HUMAN:sp|Q6P9F0|CCD62_HUMAN:sp|Q4FZB7|KMT5B_HUMAN:WDR55_DEL_A-p.K341Rfs*8_::chr5:140669017-140670017_frame=-3:sp|Q9HCK4|ROBO2_HUMAN:sp|P23378|GCSP_HUMAN:sp|Q9C091|GRB1L_HUMAN:ENO4_DEL_A-p.K207Rfs*32_::chr10:116858617-116859617_frame=-2:sp|Q9P2M7|CING_HUMAN:sp|Q9UNK9|ANGE1_HUMAN:sp|Q9P2E3|ZNFX1_HUMAN:sp|Q13309|SKP2_HUMAN:sp|O75925|PIAS1_HUMAN:sp|Q9BRR9|RHG09_HUMAN:sp|Q96SW2|CRBN_HUMAN:sp|Q8N9H8|MUT7_HUMAN:sp|P28329|CLAT_HUMAN:sp|Q8TC44|POC1B_HUMAN:sp|Q9NRC6|SPTN5_HUMAN:sp|Q8NDV7|TNR6A_HUMAN:sp|P20800|EDN2_HUMAN:sp|O15503|INSI1_HUMAN:sp|Q96MU5|CQ077_HUMAN:sp|P62820|RAB1A_HUMAN:ZNF518A_DEL_A-p.T929Lfs*2_::chr10:96158599-96159599_frame=2:SERPINB10_DEL_A-p.R76Gfs*7_::chr18:63917005-63918005_frame=3:sp|P33527|MRP1_HUMAN:sp|P25092|GUC2C_HUMAN:sp|Q96A99|PTX4_HUMAN:sp|Q70CQ2|UBP34_HUMAN:sp|Q00535|CDK5_HUMAN:sp|Q2M1Z3|RHG31_HUMAN:sp|P08047|SP1_HUMAN:sp|O43156|TTI1_HUMAN:sp|P19013|K2C4_HUMAN:sp|O96028|NSD2_HUMAN:sp|A7KAX9|RHG32_HUMAN:sp|Q9UKV8|AGO2_HUMAN:sp|P07814|SYEP_HUMAN:sp|O15078|CE290_HUMAN:PHF2_DEL_A-p.K492Rfs*6_::chr9:93659830-93660830_frame=1:sp|Q15743|OGR1_HUMAN:sp|Q8NDW8|TT21A_HUMAN:sp|Q7Z6J6|FRMD5_HUMAN:sp|P34896|GLYC_HUMAN:sp|Q9NQW8|CNGB3_HUMAN:sp|Q9NQH7|XPP3_HUMAN:sp|Q9UHL9|GT2D1_HUMAN:sp|Q6PFW1|VIP1_HUMAN:sp|Q53FP2|NACHO_HUMAN:CKAP2_DEL_A-p.K605Rfs*14_::chr13:52474399-52475399_frame=-1:sp|Q9Y5F1|PCDBC_HUMAN:sp|Q8IYW2|CFA46_HUMAN:sp|Q96MT3|PRIC1_HUMAN:sp|Q9UKW4|VAV3_HUMAN:sp|Q9BWS9|CHID1_HUMAN:sp|P33121|ACSL1_HUMAN:sp|Q14814|MEF2D_HUMAN:sp|Q8N6Q1|TMC5A_HUMAN:sp|Q9UER7|DAXX_HUMAN:sp|Q9Y5U4|INSI2_HUMAN:sp|O60284|ST18_HUMAN:sp|Q00653|NFKB2_HUMAN,DeepNovo
G(+42.01)TN(+0.98)DSLLK,29.54,889.4393,8,75.0,8,0.5,445.72714,2,39.4749,-9.5251,0.57,15180,HFX193_IPP292_GEL_CRC_324_Even.raw,8.24E5,4.89E6,1,1,1,1,"Acetylation (N-term);Deamidation (NQ)",,0 0 7 7 4 4 19 5,G(+42.01)TN(+0.98)DSLLK,sp|Q9C0B6|BRNP2_HUMAN:sp|O75427|LRCH4_HUMAN:sp|Q2M1P5|KIF7_HUMAN:sp|Q8WVV4|POF1B_HUMAN:sp|Q8TF46|DI3L1_HUMAN:sp|Q5VT06|CE350_HUMAN:sp|Q9H4D0|CSTN2_HUMAN:sp|B1AK76|SNUFL_HUMAN:sp|Q4VNC0|AT135_HUMAN:sp|Q5JTV8|TOIP1_HUMAN:sp|P56385|ATP5I_HUMAN:sp|A6NHR9|SMHD1_HUMAN:sp|Q9BYV7|BCDO2_HUMAN:sp|Q99996|AKAP9_HUMAN:sp|P30532|ACHA5_HUMAN:sp|O95786|RIGI_HUMAN:sp|O75151|PHF2_HUMAN:sp|P22680|CP7A1_HUMAN:sp|P51003|PAPOA_HUMAN:sp|A4FU69|EFCB5_HUMAN:sp|Q96QE3|ATAD5_HUMAN:sp|Q17RC7|EX3L4_HUMAN:sp|Q96QD5|DEPD7_HUMAN:sp|Q9Y2U8|MAN1_HUMAN:sp|Q71UI9|H2AV_HUMAN:sp|Q9Y496|KIF3A_HUMAN:sp|Q9Y5G5|PCDG8_HUMAN:sp|Q86UW6|N4BP2_HUMAN:sp|O00463|TRAF5_HUMAN:sp|O75175|CNOT3_HUMAN:sp|Q96GX1|TECT2_HUMAN:sp|P35523|CLCN1_HUMAN:sp|P42357|HUTH_HUMAN:sp|Q52LW3|RHG29_HUMAN:sp|Q3V6T2|GRDN_HUMAN:sp|P15924|DESP_HUMAN:sp|P78549|NTH_HUMAN:sp|O95267|GRP1_HUMAN:sp|Q13201|MMRN1_HUMAN:sp|A8MVM7|YD021_HUMAN:sp|Q96PV0|SYGP1_HUMAN:sp|Q9UL62|TRPC5_HUMAN:sp|Q86YN6|PRGC2_HUMAN:sp|Q99983|OMD_HUMAN:sp|Q5T764|IFT1B_HUMAN:sp|Q49AM3|TTC31_HUMAN:sp|Q2TAZ0|ATG2A_HUMAN:sp|Q9BRL7|SC22C_HUMAN:sp|Q9Y5G6|PCDG7_HUMAN:sp|P15036|ETS2_HUMAN:sp|Q9UPX6|MNAR1_HUMAN:sp|Q8IUG5|MY18B_HUMAN:sp|P07737|PROF1_HUMAN:sp|Q8NEN0|ARMC2_HUMAN:sp|Q8TEP8|CE192_HUMAN:sp|O43150|ASAP2_HUMAN:sp|P55056|APOC4_HUMAN:sp|Q5EB52|MEST_HUMAN:sp|Q9ULL5|PRR12_HUMAN:sp|A0PJX8|TMM82_HUMAN:sp|Q8NEU8|DP13B_HUMAN:sp|Q9UL03|INT6_HUMAN:sp|Q9Y4E8|UBP15_HUMAN:sp|Q8WZ64|ARAP2_HUMAN:sp|Q96JJ7|TMX3_HUMAN:sp|Q9UPT5|EXOC7_HUMAN:sp|O15050|TRNK1_HUMAN:sp|Q8IZL2|MAML2_HUMAN:sp|P14410|SUIS_HUMAN:sp|O14980|XPO1_HUMAN:sp|Q5SY80|CTSRE_HUMAN:sp|P20936|RASA1_HUMAN:sp|Q96JM4|LRIQ1_HUMAN:sp|Q16760|DGKD_HUMAN:sp|Q5VU43|MYOME_HUMAN:sp|A8TX70|CO6A5_HUMAN:sp|Q9NRJ5|PAPOB_HUMAN:sp|Q13616|CUL1_HUMAN:sp|Q9NZ32|ARP10_HUMAN:sp|Q96QE5|TEFM_HUMAN:sp|Q96MH7|CE034_HUMAN:sp|Q9ULH1|ASAP1_HUMAN:sp|P36873|PP1G_HUMAN:sp|Q99623|PHB2_HUMAN:sp|O75445|USH2A_HUMAN:sp|Q9UPU5|UBP24_HUMAN:sp|O14645|IDLC_HUMAN:sp|Q5T5P2|SKT_HUMAN:sp|P08246|ELNE_HUMAN:sp|O75901|RASF9_HUMAN:sp|P07550|ADRB2_HUMAN:sp|Q8N539|FBCD1_HUMAN:sp|Q8N865|CG031_HUMAN:sp|Q86US8|EST1A_HUMAN:sp|Q9UMN6|KMT2B_HUMAN:sp|Q5UIP0|RIF1_HUMAN:sp|Q9NVN3|RIC8B_HUMAN:sp|Q9UBK2|PRGC1_HUMAN:sp|Q9NZJ4|SACS_HUMAN:sp|O15061|SYNEM_HUMAN:sp|Q92878|RAD50_HUMAN:sp|P08195|4F2_HUMAN:sp|P30530|UFO_HUMAN:sp|Q63HN8|RN213_HUMAN:sp|Q96KR7|PHAR3_HUMAN:sp|O94979|SC31A_HUMAN:sp|P58173|OR2B6_HUMAN:sp|Q92585|MAML1_HUMAN:sp|Q9ULC0|MUCEN_HUMAN:sp|P54855|UDB15_HUMAN:sp|O75330|HMMR_HUMAN:sp|Q5CZC0|FSIP2_HUMAN:sp|Q9NR48|ASH1L_HUMAN:sp|Q9BQ70|TCF25_HUMAN:sp|Q9NR09|BIRC6_HUMAN:sp|Q69YI7|NAIF1_HUMAN:sp|Q5PT55|NTCP5_HUMAN:sp|Q96M89|CC138_HUMAN:sp|O60284|ST18_HUMAN:sp|Q7Z5H4|VN1R5_HUMAN,DeepNovo
G(+42.01)TN(+0.98)VDLR,35.25,816.3977,7,71.4,7,0.9,409.20651,2,35.1486,-3.4514,0.76,13447,HFX193_IPP292_GEL_CRC_324_Odd.raw,3.59E5,3.11E6,1,1,1,1,"Acetylation (N-term);Deamidation (NQ)",,0 0 11 11 16 11 5,G(+42.01)TN(+0.98)VDLR,sp|Q93008|USP9X_HUMAN:sp|Q12866|MERTK_HUMAN:sp|P59510|ATS20_HUMAN:sp|Q01954|BNC1_HUMAN:sp|O95970|LGI1_HUMAN:sp|P22460|KCNA5_HUMAN:sp|Q9Y6W3|CAN7_HUMAN:sp|Q53GS9|SNUT2_HUMAN:sp|Q7Z7M0|MEGF8_HUMAN:sp|A2RUB1|MEIOC_HUMAN:sp|O00507|USP9Y_HUMAN,DeepNovo
G(+42.01)TRELVR,31.90,871.4875,7,57.1,7,1.9,436.75189,2,26.4868,9.0868,0.87,9913,HFX193_IPP292_GEL_CRC_324_Odd.raw,2.07E5,2.91E6,1,1,1,1,"Acetylation (N-term)",,0 0 3 2 1 2 5,G(+42.01)TRELVR,sp|P60709|ACTB_HUMAN:sp|O60437|PEPL_HUMAN:sp|Q9NYA1|SPHK1_HUMAN:sp|P62736|ACTA_HUMAN:sp|Q86U10|LPP60_HUMAN:sp|Q562R1|ACTBL_HUMAN:sp|P42858|HD_HUMAN:sp|P04808|REL1_HUMAN:sp|P63261|ACTG_HUMAN:sp|Q86T65|DAAM2_HUMAN:sp|P0CG38|POTEI_HUMAN:sp|P68133|ACTS_HUMAN:sp|P53007|TXTP_HUMAN:sp|Q96RT8|GCP5_HUMAN:sp|P0CG39|POTEJ_HUMAN:sp|B2RV13|CF97D_HUMAN:sp|Q8WZ92|OR5P2_HUMAN:sp|Q9ULN7|PNM8B_HUMAN:sp|Q68DX3|FRPD2_HUMAN:sp|Q13618|CUL3_HUMAN:sp|P20073|ANXA7_HUMAN:sp|Q2TAL5|SMTL2_HUMAN:sp|Q8IZC7|ZN101_HUMAN:sp|Q6S8J3|POTEE_HUMAN:sp|P63267|ACTH_HUMAN:sp|A5A3E0|POTEF_HUMAN:sp|P68032|ACTC_HUMAN,DeepNovo
G(+42.01)TRELVRN(+0.98)L,57.43,1099.5985,9,77.8,9,2.1,367.54089,3,37.8936,-18.5064,0.62,14530,HFX193_IPP292_GEL_CRC_324_Odd.raw,3.15E6,2.26E7,3,3,3,3,"Acetylation (N-term);Deamidation (NQ)",,0 0 7 9 12 39 4 4 5,G(+42.01)TRELVRN(+0.98)L,sp|Q86UQ4|ABCAD_HUMAN:sp|Q9UNS1|TIM_HUMAN:sp|Q86VF2|IGFN1_HUMAN:sp|Q562R1|ACTBL_HUMAN:sp|Q96MM7|H6ST2_HUMAN:sp|P42858|HD_HUMAN:sp|Q9P2R3|ANFY1_HUMAN:sp|A6NMZ7|CO6A6_HUMAN:sp|Q86T65|DAAM2_HUMAN:sp|P0CG38|POTEI_HUMAN:sp|Q9P219|DAPLE_HUMAN:sp|P68133|ACTS_HUMAN:sp|Q86XP3|DDX42_HUMAN:sp|Q96NH3|BROMI_HUMAN:sp|B2RV13|CF97D_HUMAN:sp|P17342|ANPRC_HUMAN:sp|P24462|CP3A7_HUMAN:sp|P20815|CP3A5_HUMAN:sp|Q68DX3|FRPD2_HUMAN:sp|Q9NRZ9|HELLS_HUMAN:sp|Q13618|CUL3_HUMAN:sp|P20073|ANXA7_HUMAN:sp|Q6P1S2|CC033_HUMAN:sp|Q5TIE3|VW5B1_HUMAN:sp|Q8IWR0|Z3H7A_HUMAN:sp|Q6UXG2|ELAP1_HUMAN:sp|O00192|ARVC_HUMAN:sp|Q12882|DPYD_HUMAN:sp|Q8N806|UBR7_HUMAN:sp|Q9NXG6|P4HTM_HUMAN:sp|A5A3E0|POTEF_HUMAN:sp|P19367|HXK1_HUMAN:sp|Q8IW45|NNRD_HUMAN:sp|Q7Z2Y8|GVIN1_HUMAN:sp|P68032|ACTC_HUMAN:sp|Q12789|TF3C1_HUMAN:sp|P60709|ACTB_HUMAN:sp|Q99683|M3K5_HUMAN:sp|O60437|PEPL_HUMAN:sp|Q6ZS17|RIPR1_HUMAN:sp|Q9NYA1|SPHK1_HUMAN:sp|P62736|ACTA_HUMAN:sp|Q86U10|LPP60_HUMAN:sp|Q6P1J6|PLB1_HUMAN:sp|Q96KV7|WDR90_HUMAN:sp|Q5H9F3|BCORL_HUMAN:sp|P04808|REL1_HUMAN:sp|P63261|ACTG_HUMAN:sp|Q9Y426|C2CD2_HUMAN:sp|Q9UDY8|MALT1_HUMAN:sp|P08684|CP3A4_HUMAN:sp|Q4ADV7|RIC1_HUMAN:sp|P53007|TXTP_HUMAN:sp|Q9H0V9|LMA2L_HUMAN:sp|Q96RT8|GCP5_HUMAN:sp|P0CG39|POTEJ_HUMAN:sp|Q687X5|STEA4_HUMAN:sp|O14638|ENPP3_HUMAN:sp|Q8WZ92|OR5P2_HUMAN:sp|Q9ULN7|PNM8B_HUMAN:sp|Q5TAX3|TUT4_HUMAN:sp|Q4G0P3|HYDIN_HUMAN:sp|Q2TAL5|SMTL2_HUMAN:sp|Q8IZC7|ZN101_HUMAN:sp|Q8N8C0|ZN781_HUMAN:sp|P52789|HXK2_HUMAN:sp|Q9NQR9|G6PC2_HUMAN:sp|Q6S8J3|POTEE_HUMAN:sp|P63267|ACTH_HUMAN:sp|P52756|RBM5_HUMAN:sp|Q9Y4C8|RBM19_HUMAN:sp|P13671|CO6_HUMAN,DeepNovo
G(+42.01)TVAYR,23.71,707.3602,6,66.7,6,0.9,354.68771,2,29.8397,2.5397,0.62,11290,HFX193_IPP292_GEL_CRC_324_Odd.raw,2.11E5,1.7E6,1,1,1,1,"Acetylation (N-term)",,0 0 60 14 14 5,G(+42.01)TVAYR,sp|Q6V1P9|PCD23_HUMAN:sp|Q53GQ0|DHB12_HUMAN:sp|Q5VTJ3|KLD7A_HUMAN:sp|O75110|ATP9A_HUMAN:sp|Q14203|DCTN1_HUMAN:sp|Q9HAT2|SIAE_HUMAN:sp|Q8TD57|DYH3_HUMAN,DeepNovo
G(+42.01)VKEKAGAAL,50.84,984.5604,10,60.0,10,1.2,493.28806,2,27.2090,1.3090,0.67,10205,HFX193_IPP292_GEL_CRC_324_Odd.raw,1.96E6,1.64E7,2,2,2,2,"Acetylation (N-term)",,0 0 19 7 3 3 0 0 16 5,G(+42.01)VKEKAGAAL,,DeepNovo
G(+42.01)VKVKGGAGL,38.23,926.5549,10,40.0,10,1.5,464.28540,2,28.8037,-12.6963,0.70,10844,HFX193_IPP292_GEL_CRC_324_Even.raw,1.21E6,8.53E6,1,1,1,1,"Acetylation (N-term)",,0 0 31 14 8 0 0 0 0 5,G(+42.01)VKVKGGAGL,sp|Q6PCT2|FXL19_HUMAN:sp|Q9NRD0|FBX8_HUMAN:sp|Q09666|AHNK_HUMAN:sp|Q9BTC0|DIDO1_HUMAN:sp|Q16281|CNGA3_HUMAN:sp|A2AJT9|BCLA3_HUMAN:sp|Q6P1M3|L2GL2_HUMAN:sp|Q9Y3R5|DOP2_HUMAN:sp|Q14571|ITPR2_HUMAN:sp|P52824|DGKQ_HUMAN:sp|Q9UIF8|BAZ2B_HUMAN:sp|Q8TDY8|IGDC4_HUMAN:sp|Q99832|TCPH_HUMAN:sp|P01266|THYG_HUMAN:sp|Q9H1Z4|WDR13_HUMAN:sp|O94811|TPPP_HUMAN:sp|Q13428|TCOF_HUMAN:sp|Q8IVW4|CDKL3_HUMAN:sp|Q9BPU6|DPYL5_HUMAN:sp|Q92845|KIFA3_HUMAN:sp|Q9ULE6|PALD_HUMAN:sp|Q8WVN6|SCTM1_HUMAN,DeepNovo
G(+42.01)VLYHHPTGT,36.83,1122.5458,10,70.0,10,0.9,562.28070,2,28.4443,-8.1557,0.46,10664,HFX193_IPP292_GEL_CRC_324_Even.raw,6.38E4,8.76E5,1,1,1,1,"Acetylation (N-term)",,0 0 0 6 6 11 5 5 16 5,G(+42.01)VLYHHPTGT,sp|Q9P286|PAK5_HUMAN:sp|Q06889|EGR3_HUMAN:sp|Q6UX71|PXDC2_HUMAN:sp|Q5K651|SAMD9_HUMAN:sp|Q8IVG5|SAM9L_HUMAN:sp|P31270|HXA11_HUMAN:sp|Q6P2S7|TTC41_HUMAN,DeepNovo
G(+42.01)VPAGKY,37.29,732.3806,7,42.9,7,0.1,733.38794,1,46.7606,4.8606,0.18,18126,HFX193_IPP292_GEL_CRC_324_Odd.raw,7.63E5,6.12E6,1,1,1,1,"Acetylation (N-term)",,0 0 2 0 0 3 3,G(+42.01)VPAGKY,sp|P49069|CAMLG_HUMAN:sp|Q9UKV3|ACINU_HUMAN:sp|Q13231|CHIT1_HUMAN:sp|Q9GZZ7|GFRA4_HUMAN:sp|O75027|ABCB7_HUMAN:sp|Q96IR7|HPDL_HUMAN:ZBTB20_DEL_G-p.P692Lfs*43_::chr3:114338656-114339656_frame=2:sp|H3BPF8|GOG8S_HUMAN:sp|Q7Z7G8|VP13B_HUMAN:sp|Q9Y5Y6|ST14_HUMAN:sp|O60806|TBX19_HUMAN:sp|Q8N4K4|RPRML_HUMAN:sp|Q96NY7|CLIC6_HUMAN:sp|P98095|FBLN2_HUMAN:sp|P98171|RHG04_HUMAN:sp|P09912|IFI6_HUMAN:sp|Q9H939|PPIP2_HUMAN:sp|Q6ZVQ6|YS045_HUMAN:sp|O95861|BPNT1_HUMAN:sp|Q00056|HXA4_HUMAN:sp|Q96PS8|AQP10_HUMAN:sp|P63162|RSMN_HUMAN:sp|P36896|ACV1B_HUMAN:sp|P28340|DPOD1_HUMAN:sp|Q9UQC9|CLCA2_HUMAN:sp|P42695|CNDD3_HUMAN:sp|Q96LJ7|DHRS1_HUMAN:sp|Q9BVH7|SIA7E_HUMAN:sp|O75363|BCAS1_HUMAN:sp|Q96EP5|DAZP1_HUMAN:sp|A6NN73|GOG8C_HUMAN:sp|P21589|5NTD_HUMAN:sp|Q9BYC2|SCOT2_HUMAN:sp|P50151|GBG10_HUMAN:sp|A1IGU5|ARH37_HUMAN:sp|Q07912|ACK1_HUMAN:sp|Q9BYK8|HELZ2_HUMAN:ZBTB20_DEL_G-p.P692Lfs*43_::chr3:114338656-114339656_frame=1:sp|Q8TAK5|GABP2_HUMAN:sp|P41226|UBA7_HUMAN:sp|Q02318|CP27A_HUMAN:sp|Q9BVS4|RIOK2_HUMAN:sp|P43007|SATT_HUMAN:sp|Q9UBL6|CPNE7_HUMAN:sp|Q9NTN9|SEM4G_HUMAN:sp|P51687|SUOX_HUMAN,DeepNovo
G(+42.01)VRKLPFEKK,40.11,1242.7448,10,80.0,10,0.9,415.25592,3,30.3041,-1.1959,0.36,11444,HFX193_IPP292_GEL_CRC_324_Odd.raw,3.73E6,2.62E7,1,1,1,1,"Acetylation (N-term)",,5 9 1 2 0 14 2 2 2 5,G(+42.01)VRKLPFEKK,sp|Q86XA9|HTR5A_HUMAN:sp|Q92743|HTRA1_HUMAN:sp|P53708|ITA8_HUMAN:sp|Q8NEW0|ZNT7_HUMAN:sp|Q16695|H31T_HUMAN:sp|Q7Z478|DHX29_HUMAN:sp|Q10570|CPSF1_HUMAN:ZNF518A_DEL_A-p.T929Lfs*2_::chr10:96158599-96159599_frame=-3:sp|Q8TE73|DYH5_HUMAN:sp|Q2NKQ1|SGSM1_HUMAN:sp|O43424|GRID2_HUMAN:sp|Q7L2E3|DHX30_HUMAN:sp|Q9NX62|IMPA3_HUMAN:sp|Q6VVX0|CP2R1_HUMAN:sp|Q9Y320|TMX2_HUMAN:sp|Q6UB98|ANR12_HUMAN:sp|Q8WZ42|TITIN_HUMAN:sp|P49589|SYCC_HUMAN:sp|Q08AF3|SLFN5_HUMAN:sp|Q96JB1|DYH8_HUMAN:sp|Q96P88|GNRR2_HUMAN:sp|P68431|H31_HUMAN:sp|Q9BV68|RN126_HUMAN:sp|Q06787|FMR1_HUMAN:sp|Q92831|KAT2B_HUMAN:sp|Q9NQX3|GEPH_HUMAN:sp|Q6NXT2|H3C_HUMAN:sp|Q8TB22|SPT20_HUMAN:sp|P51116|FXR2_HUMAN:sp|Q5TEC6|H37_HUMAN:sp|Q15418|KS6A1_HUMAN:sp|O43292|GPAA1_HUMAN:sp|A8MYV0|DCD2C_HUMAN:sp|P60985|KTDAP_HUMAN:sp|Q9HBJ7|UBP29_HUMAN:sp|Q92830|KAT2A_HUMAN:sp|P16519|NEC2_HUMAN:sp|Q58EX2|SDK2_HUMAN:sp|P84243|H33_HUMAN:sp|Q8NHU6|TDRD7_HUMAN:sp|Q5QJ74|TBCEL_HUMAN:sp|P04035|HMDH_HUMAN:sp|P49450|CENPA_HUMAN:sp|Q86Z14|KLOTB_HUMAN:sp|P85299|PRR5_HUMAN:sp|P0DPK2|H3Y1_HUMAN:sp|Q96CQ1|S2536_HUMAN:sp|P28335|5HT2C_HUMAN:sp|P48728|GCST_HUMAN:sp|Q68D42|TM215_HUMAN:sp|O43529|CHSTA_HUMAN:sp|Q9UKN7|MYO15_HUMAN:sp|Q9Y4L5|RN115_HUMAN:sp|O60493|SNX3_HUMAN:sp|P57075|UBS3A_HUMAN:sp|Q9UG56|PISD_HUMAN:sp|Q7RTR0|NLRP9_HUMAN:sp|Q8TF42|UBS3B_HUMAN:sp|Q15645|PCH2_HUMAN:sp|Q6UB99|ANR11_HUMAN:sp|Q96M11|HYLS1_HUMAN:sp|Q9H6S0|YTDC2_HUMAN:sp|Q9GZR1|SENP6_HUMAN:sp|Q6PCB7|S27A1_HUMAN:sp|Q9H2U1|DHX36_HUMAN:sp|Q9UMY4|SNX12_HUMAN:sp|Q9UKK3|PARP4_HUMAN:sp|Q9UN70|PCDGK_HUMAN:sp|P17301|ITA2_HUMAN:sp|P13942|COBA2_HUMAN:sp|Q71DI3|H32_HUMAN,DeepNovo
G(+42.01)VTAIAT,23.50,673.3646,7,57.1,7,0.1,674.37195,1,68.2326,-10.5674,0.65,26706,HFX193_IPP292_GEL_CRC_324_Even.raw,2.76E5,1.45E6,4,4,1,1,"Acetylation (N-term)",,4 0 5 5 2 0 0,G(+42.01)VTAIAT,sp|Q8N1V2|CFA52_HUMAN,DB Search
G(+42.01)YKATY,18.58,743.3490,6,33.3,6,1.0,372.68213,2,34.3164,0.1164,0.59,13067,HFX193_IPP292_GEL_CRC_324_Even.raw,3.77E6,2.36E7,1,1,1,1,"Acetylation (N-term)",,0 0 1 1 3 5,G(+42.01)YKATY,,DeepNovo
G(+42.01)YKLGR,14.69,734.4075,6,33.3,6,0.7,368.21127,2,32.8170,12.6170,0.53,12461,HFX193_IPP292_GEL_CRC_324_Even.raw,1.33E6,8.9E6,1,1,1,1,"Acetylation (N-term)",,0 0 10 4 1 1,G(+42.01)YKLGR,sp|Q9BXA6|TSSK6_HUMAN,DB Search
G(+42.01)YTRGM(+15.99)Y,19.50,904.3749,7,71.4,7,1.2,453.19528,2,31.3178,4.5178,0.25,11837,HFX193_IPP292_GEL_CRC_324_Even.raw,8.33E5,3.99E6,1,1,1,1,"Acetylation (N-term);Oxidation (M)",,5 10 2 0 0 2 5,G(+42.01)YTRGM(+15.99)Y,,DeepNovo
H(+42.01)AALLKGVGGKAGT,83.47,1320.7513,14,35.7,14,1.9,661.38422,2,30.0464,2.4464,0.29,11375,HFX193_IPP292_GEL_CRC_324_Odd.raw,1.4E6,9.59E6,2,2,2,2,"Acetylation (N-term)",,0 0 0 6 9 7 0 0 0 0 2 0 0 5,H(+42.01)AALLKGVGGKAGT,sp|O14544|SOCS6_HUMAN:sp|Q96FE7|P3IP1_HUMAN:sp|Q6V0I7|FAT4_HUMAN:sp|P07996|TSP1_HUMAN:sp|Q9NTJ4|MA2C1_HUMAN:sp|Q5JYT7|K1755_HUMAN:sp|Q8N5A5|ZGPAT_HUMAN:sp|Q3MJ62|ZSC23_HUMAN:sp|Q15561|TEAD4_HUMAN:sp|Q3C1V9|YK041_HUMAN:sp|Q9Y6Z7|COL10_HUMAN:sp|Q4G163|FBX43_HUMAN:sp|O60716|CTND1_HUMAN:sp|Q7Z3J2|VP35L_HUMAN:sp|Q8N5J2|MINY1_HUMAN:sp|Q7Z2K8|GRIN1_HUMAN:sp|Q8TDD2|SP7_HUMAN:sp|Q8NCU4|CC191_HUMAN:sp|P57723|PCBP4_HUMAN:sp|Q7L5Y6|DET1_HUMAN,DeepNovo
H(+42.01)AM(+15.99)HPN(+0.98)AKLRL,72.93,1345.6925,11,63.6,11,3.9,449.57318,3,37.4784,0.7784,0.35,14372,HFX193_IPP292_GEL_CRC_324_Odd.raw,5.02E5,4.23E6,1,1,1,1,"Acetylation (N-term);Oxidation (M);Deamidation (NQ)",,0 0 0 0 13 13 32 32 18 5 5,H(+42.01)AM(+15.99)HPN(+0.98)AKLRL,sp|Q15303|ERBB4_HUMAN:sp|Q9BZZ2|SN_HUMAN:sp|Q96A05|VATE2_HUMAN:sp|Q9NYF5|FA13B_HUMAN:sp|Q99853|FOXB1_HUMAN:sp|P04275|VWF_HUMAN:sp|Q96AQ6|PBIP1_HUMAN:sp|Q0JRZ9|FCHO2_HUMAN:sp|P17568|NDUB7_HUMAN:sp|O75159|SOCS5_HUMAN:sp|O43290|SNUT1_HUMAN:sp|Q8NDV1|SIA7C_HUMAN:sp|Q96L21|RL10L_HUMAN:sp|Q96G27|WBP1_HUMAN:sp|Q9UIQ6|LCAP_HUMAN:sp|Q676U5|A16L1_HUMAN:sp|Q5VW36|FOCAD_HUMAN:sp|P35579|MYH9_HUMAN:sp|Q8NBA8|DTWD2_HUMAN:sp|Q8NE31|FA13C_HUMAN:sp|Q6ZWJ1|STXB4_HUMAN:sp|Q9Y4F1|FARP1_HUMAN:sp|Q8N5R6|CCD33_HUMAN:sp|Q9HC77|CENPJ_HUMAN:sp|Q5JYT7|K1755_HUMAN:sp|Q8TDW5|SYTL5_HUMAN:sp|Q9C099|LRCC1_HUMAN:sp|Q8N309|LRC43_HUMAN:sp|O75037|KI21B_HUMAN:sp|O60333|KIF1B_HUMAN:sp|P10301|RRAS_HUMAN:sp|Q9BXF9|TEKT3_HUMAN:sp|Q15111|PLCL1_HUMAN:sp|Q5SYB0|FRPD1_HUMAN:sp|Q16543|CDC37_HUMAN:sp|Q9UPN9|TRI33_HUMAN:sp|O76021|RL1D1_HUMAN:sp|Q7L8L6|FAKD5_HUMAN:sp|Q9Y493|ZAN_HUMAN:sp|Q99666|RGPD5_HUMAN:sp|Q5JXC2|MIIP_HUMAN:sp|O43825|B3GT2_HUMAN:sp|O14976|GAK_HUMAN:sp|P60608|EFC2_HUMAN:sp|O15399|NMDE4_HUMAN:sp|O75376|NCOR1_HUMAN:sp|A6NKT7|RGPD3_HUMAN:sp|Q9NUQ3|TXLNG_HUMAN:sp|Q9BY71|LRRC3_HUMAN:sp|Q92817|EVPL_HUMAN:sp|Q9BZA7|PC11X_HUMAN:sp|Q8N8J6|ZN615_HUMAN:sp|Q8TF61|FBX41_HUMAN:sp|Q8WZ42|TITIN_HUMAN:sp|O14715|RGPD8_HUMAN:sp|Q00688|FKBP3_HUMAN:sp|P49588|SYAC_HUMAN:sp|P27635|RL10_HUMAN:sp|Q9H251|CAD23_HUMAN:sp|O94988|FA13A_HUMAN:sp|A0A0A6YYL3|POTEB_HUMAN:sp|Q9NS98|SEM3G_HUMAN:sp|Q86W33|TPRA1_HUMAN:sp|Q14624|ITIH4_HUMAN:sp|Q96S52|PIGS_HUMAN:sp|Q8TDI7|TMC2_HUMAN:sp|Q8TCX5|RHPN1_HUMAN:sp|Q9P2D1|CHD7_HUMAN:sp|Q2UY09|COSA1_HUMAN:sp|P59533|T2R38_HUMAN:sp|Q96RL7|VP13A_HUMAN:sp|Q7Z406|MYH14_HUMAN:sp|P98161|PKD1_HUMAN:sp|Q9BR26|OCSTP_HUMAN:sp|Q02246|CNTN2_HUMAN:sp|Q9H6Q4|CIAO3_HUMAN:sp|A7E2Y1|MYH7B_HUMAN:sp|Q9Y5H7|PCDA5_HUMAN:sp|Q9NYQ6|CELR1_HUMAN:sp|Q9UBZ9|REV1_HUMAN:sp|P35580|MYH10_HUMAN:sp|Q8NDA8|MROH1_HUMAN:sp|Q92614|MY18A_HUMAN:sp|Q4G0S7|CC152_HUMAN:sp|Q86VD1|MORC1_HUMAN:sp|P22105|TENX_HUMAN:sp|Q92629|SGCD_HUMAN:sp|P61081|UBC12_HUMAN:sp|Q9UPR3|SMG5_HUMAN:sp|Q92878|RAD50_HUMAN:sp|Q9Y2L1|RRP44_HUMAN:sp|Q16873|LTC4S_HUMAN:sp|P0DP72|VSXL2_HUMAN:sp|Q49A88|CCD14_HUMAN:sp|Q8NA47|CCD63_HUMAN:sp|Q9Y5F8|PCDGJ_HUMAN:sp|P53621|COPA_HUMAN:sp|Q9BXS0|COPA1_HUMAN:sp|Q9H720|PG2IP_HUMAN:sp|Q14582|MAD4_HUMAN:sp|Q7Z3J3|RGPD4_HUMAN:sp|P35749|MYH11_HUMAN:sp|Q9BZR6|RTN4R_HUMAN:sp|O15164|TIF1A_HUMAN:sp|Q5JTW2|CEP78_HUMAN:sp|Q0IIM8|TBC8B_HUMAN:sp|H3BUK9|POTB2_HUMAN:sp|P49792|RBP2_HUMAN:sp|O75145|LIPA3_HUMAN:sp|Q9H2U1|DHX36_HUMAN:sp|Q96L08|SUSD3_HUMAN:sp|Q9NYV9|T2R13_HUMAN:sp|P51124|GRAM_HUMAN:sp|O75509|TNR21_HUMAN:sp|Q8IZT6|ASPM_HUMAN,DeepNovo
H(+42.01)DSKIKFPLPHRVLR,24.61,1884.0846,15,20.0,15,-0.6,472.02814,4,57.1649,10.0649,0.04,22236,HFX193_IPP292_GEL_CRC_324_Even.raw,2.86E5,2.68E6,1,1,1,1,"Acetylation (N-term)",,0 0 0 0 0 0 0 0 34 0 0 0 0 2 5,H(+42.01)DSKIKFPLPHRVLR,sp|Q02543|RL18A_HUMAN,DB Search
H(+42.01)FPTEN(+0.98)VGVP,55.45,1138.5294,10,50.0,10,1.9,570.27307,2,43.9053,-21.0947,0.02,16947,HFX193_IPP292_GEL_CRC_324_Odd.raw,1.15E7,6.98E7,2,2,2,2,"Acetylation (N-term);Deamidation (NQ)",,0 0 23 17 7 7 5 1 1 1,H(+42.01)FPTEN(+0.98)VGVP,sp|Q7Z4F1|LRP10_HUMAN:sp|Q10713|MPPA_HUMAN:sp|Q3ZM63|ETDA_HUMAN:sp|P0DPP9|ETDB_HUMAN:sp|Q9Y4C2|TCAF1_HUMAN:sp|Q9HB71|CYBP_HUMAN,DeepNovo
H(+42.01)HEAPVVVKL,52.69,1169.6556,10,60.0,10,-3.8,585.83289,2,64.5054,9.4054,0.36,25169,HFX193_IPP292_GEL_CRC_324_Even.raw,2.55E5,1.63E6,1,1,1,1,"Acetylation (N-term)",,0 0 0 0 4 4 14 16 9 5,H(+42.01)HEAPVVVKL,sp|Q9HAB3|S52A2_HUMAN:sp|P15941|MUC1_HUMAN:sp|O14654|IRS4_HUMAN:sp|P10909|CLUS_HUMAN:sp|O75694|NU155_HUMAN:sp|Q15413|RYR3_HUMAN:sp|Q5SRE7|PHYD1_HUMAN:sp|P35222|CTNB1_HUMAN:sp|Q15067|ACOX1_HUMAN:sp|Q9C0D2|CE295_HUMAN:sp|Q9UHI8|ATS1_HUMAN:sp|O94856|NFASC_HUMAN:sp|Q9NWF4|S52A1_HUMAN:sp|P57682|KLF3_HUMAN:sp|Q9P1Q0|VPS54_HUMAN:sp|Q75QN2|INT8_HUMAN:sp|Q9C0H6|KLHL4_HUMAN:sp|Q9NXV6|CARF_HUMAN:sp|Q149N8|SHPRH_HUMAN:sp|O43790|KRT86_HUMAN:sp|Q9Y4X4|KLF12_HUMAN:sp|Q8NEV1|CSK23_HUMAN:sp|Q96KG9|SCYL1_HUMAN:sp|Q7L591|DOK3_HUMAN:sp|P78385|KRT83_HUMAN:sp|Q2WEN9|CEA16_HUMAN:sp|Q8N7X0|ADGB_HUMAN:sp|O60346|PHLP1_HUMAN:sp|O95600|KLF8_HUMAN:sp|Q9BSA4|TTYH2_HUMAN:sp|P59510|ATS20_HUMAN:sp|Q68EN5|MACA1_HUMAN:sp|Q9BZE1|RM37_HUMAN:sp|Q13233|M3K1_HUMAN:sp|O00425|IF2B3_HUMAN:sp|Q9NYA1|SPHK1_HUMAN:sp|Q9Y5H7|PCDA5_HUMAN:sp|Q8IXN7|RIMKA_HUMAN:sp|P68400|CSK21_HUMAN:sp|Q92777|SYN2_HUMAN:sp|Q96C36|P5CR2_HUMAN:sp|P08575|PTPRC_HUMAN:sp|Q7Z2K6|ERMP1_HUMAN:sp|O14994|SYN3_HUMAN:sp|Q8IYB7|DI3L2_HUMAN:sp|Q14533|KRT81_HUMAN:sp|O43567|RNF13_HUMAN:sp|P19784|CSK22_HUMAN:sp|Q9BXS9|S26A6_HUMAN:sp|P17600|SYN1_HUMAN:sp|P62312|LSM6_HUMAN:sp|Q8TER5|ARH40_HUMAN:sp|Q16851|UGPA_HUMAN,DeepNovo
H(+42.01)HPGGLHLL,27.87,1021.5457,9,55.6,9,-0.2,511.78003,2,54.3521,11.8521,0.42,21108,HFX193_IPP292_GEL_CRC_324_Even.raw,,,1,1,0,0,"Acetylation (N-term)",,1 1 3 0 0 2 3 3 5,H(+42.01)HPGGLHLL,,DeepNovo
H(+42.01)HVTLVLR,36.46,1015.5927,8,62.5,8,4.2,339.53958,3,35.3291,2.2291,0.71,13512,HFX193_IPP292_GEL_CRC_324_Odd.raw,6.16E4,1.21E6,1,1,1,1,"Acetylation (N-term)",,0 0 0 6 6 19 19 5,H(+42.01)HVTLVLR,sp|Q99500|S1PR3_HUMAN:sp|Q8NGE2|O2AP1_HUMAN:sp|P62280|RS11_HUMAN:sp|A6NF89|OR6C6_HUMAN:sp|A4D2B0|MBLC1_HUMAN:sp|Q8IZF7|AGRF2_HUMAN:sp|Q96PS1|FACOS_HUMAN:sp|Q9BZW2|S13A1_HUMAN:sp|Q9NWC5|TM45A_HUMAN:sp|Q8N4N8|KIF2B_HUMAN:sp|Q8NGC8|O11H7_HUMAN:sp|Q9NR99|MXRA5_HUMAN:sp|Q8IU54|IFNL1_HUMAN:sp|P78371|TCPB_HUMAN:sp|Q6F5E8|CARL2_HUMAN:sp|Q9H9T3|ELP3_HUMAN:sp|A6NCV1|O6C74_HUMAN:sp|Q8IUR5|TMTC1_HUMAN:sp|Q8IY21|DDX60_HUMAN:sp|Q9Y342|PLLP_HUMAN:sp|Q9BXB1|LGR4_HUMAN:sp|Q8NGC7|O11H6_HUMAN:sp|Q8N7W2|BEND7_HUMAN:sp|Q9NRW4|DUS22_HUMAN:sp|O60412|OR7C2_HUMAN:sp|Q9C0B5|ZDHC5_HUMAN:sp|Q12923|PTN13_HUMAN:sp|Q9H000|MKRN2_HUMAN:sp|Q14005|IL16_HUMAN:sp|Q9NX09|DDIT4_HUMAN:sp|O75448|MED24_HUMAN:sp|Q9Y5I2|PCDAA_HUMAN:sp|P51793|CLCN4_HUMAN:sp|Q502W6|VWA3B_HUMAN:sp|Q9UPX8|SHAN2_HUMAN:sp|P15812|CD1E_HUMAN:sp|Q8N6Y2|LRC17_HUMAN:sp|O95136|S1PR2_HUMAN:sp|O60543|CIDEA_HUMAN:sp|Q96RR1|PEO1_HUMAN:sp|Q17RD7|SYT16_HUMAN:sp|Q9NUN7|ACER3_HUMAN:sp|O00273|DFFA_HUMAN:sp|O75185|AT2C2_HUMAN:sp|Q9NTI2|AT8A2_HUMAN:sp|Q68CJ9|CR3L3_HUMAN:sp|Q96PJ5|FCRL4_HUMAN:sp|Q86UK0|ABCAC_HUMAN:sp|P31994|FCG2B_HUMAN:sp|O75342|LX12B_HUMAN:sp|O75864|PPR37_HUMAN:sp|Q8NET5|NFAM1_HUMAN:sp|Q8TC27|ADA32_HUMAN:sp|Q96M94|KLH15_HUMAN:sp|Q8NGR6|OR1B1_HUMAN:sp|P31995|FCG2C_HUMAN:sp|Q8NGE1|OR6C4_HUMAN:sp|P50990|TCPQ_HUMAN:sp|P13667|PDIA4_HUMAN:sp|Q3MIP1|IPIL2_HUMAN:sp|P32942|ICAM3_HUMAN:sp|P41238|ABEC1_HUMAN:sp|Q9NXE4|NSMA3_HUMAN:sp|Q9Y548|YIPF1_HUMAN:sp|Q8NEY1|NAV1_HUMAN:sp|O43295|SRGP3_HUMAN:sp|Q5H9U9|DDX6L_HUMAN,DeepNovo
H(+42.01)KFVVPSV,29.40,953.5334,8,75.0,8,-0.1,477.77396,2,64.3456,-9.9544,0.63,25137,HFX193_IPP292_GEL_CRC_324_Even.raw,7.99E4,5.59E5,1,1,1,1,"Acetylation (N-term)",,0 0 10 12 14 10 10 5,H(+42.01)KFVVPSV,sp|Q13415|ORC1_HUMAN:sp|Q9BTC0|DIDO1_HUMAN:sp|Q8IZF6|AGRG4_HUMAN:sp|Q86X10|RLGPB_HUMAN:sp|Q9GZX5|ZN350_HUMAN:sp|Q6NTF9|RHBD2_HUMAN:ZBTB20_DEL_G-p.P692Lfs*43_::chr3:114338656-114339656_frame=2:sp|Q9HC44|GPBL1_HUMAN:sp|Q96I51|RCC1L_HUMAN:sp|Q8IY92|SLX4_HUMAN:sp|Q8NHA8|OR1FC_HUMAN:sp|Q9Y3S1|WNK2_HUMAN:sp|Q7L5N1|CSN6_HUMAN:sp|Q9NR46|SHLB2_HUMAN:sp|Q86VQ6|TRXR3_HUMAN:sp|Q6P1X5|TAF2_HUMAN:sp|Q9UM73|ALK_HUMAN:sp|Q16698|DECR_HUMAN:sp|Q8IYI8|ZN440_HUMAN,DeepNovo
H(+42.01)KTPGSFKVYLKHPAP,63.63,1848.0046,16,50.0,16,4.3,463.01041,4,41.1149,6.6149,0.41,15854,HFX193_IPP292_GEL_CRC_324_Odd.raw,1.06E6,3.33E6,3,3,1,1,"Acetylation (N-term)",,0 0 0 0 0 2 0 0 0 3 7 2 2 8 4 4,H(+42.01)KTPGSFKVYLKHPAP,sp|Q96N67|DOCK7_HUMAN:sp|P48556|PSMD8_HUMAN:sp|Q9NUQ9|CYRIB_HUMAN:sp|Q5W064|LIPJ_HUMAN:sp|Q5VUY2|ADCL4_HUMAN:sp|Q14695|K0087_HUMAN:sp|Q96FM1|PGAP3_HUMAN:sp|Q92797|SYMPK_HUMAN:sp|Q70Z35|PREX2_HUMAN:sp|P59046|NAL12_HUMAN:sp|O60885|BRD4_HUMAN:sp|Q9H147|TDIF1_HUMAN:sp|Q9NZJ4|SACS_HUMAN:sp|Q6PIF6|MYO7B_HUMAN:sp|Q12979|ABR_HUMAN:sp|Q9Y2L1|RRP44_HUMAN:sp|P06730|IF4E_HUMAN:sp|P78414|IRX1_HUMAN:sp|Q15032|R3HD1_HUMAN:sp|Q6V0L0|CP26C_HUMAN:sp|Q5T953|IER5L_HUMAN:sp|P08648|ITA5_HUMAN:sp|Q96N96|SPT13_HUMAN:sp|Q96T25|ZIC5_HUMAN:sp|O15060|ZBT39_HUMAN:sp|Q10571|MN1_HUMAN:sp|Q5VXJ0|LIPK_HUMAN:sp|O95153|RIMB1_HUMAN:sp|Q13045|FLII_HUMAN:sp|Q13308|PTK7_HUMAN:sp|Q8NBA8|DTWD2_HUMAN:sp|Q8IY63|AMOL1_HUMAN:sp|Q8IU81|I2BP1_HUMAN:sp|Q8NFT8|DNER_HUMAN,DeepNovo
H(+42.01)PASAYKLHL,51.42,1177.6244,10,60.0,10,0.9,393.54907,3,43.4121,-2.1879,0.49,16779,HFX193_IPP292_GEL_CRC_324_Even.raw,2.18E5,1.7E6,1,1,1,1,"Acetylation (N-term)",,0 0 0 0 23 14 11 11 28 5,H(+42.01)PASAYKLHL,sp|Q9NS87|KIF15_HUMAN:sp|Q04726|TLE3_HUMAN:sp|Q9H7C4|SYNCI_HUMAN:sp|Q9P1Q0|VPS54_HUMAN:sp|Q9P278|FNIP2_HUMAN:sp|P35998|PRS7_HUMAN:sp|A8MVM7|YD021_HUMAN:sp|Q9NR99|MXRA5_HUMAN:sp|Q96LW1|Z354B_HUMAN:sp|P55268|LAMB2_HUMAN:sp|Q8IYD8|FANCM_HUMAN:sp|O43820|HYAL3_HUMAN:sp|Q04727|TLE4_HUMAN:sp|O14936|CSKP_HUMAN:sp|Q04724|TLE1_HUMAN:sp|Q04725|TLE2_HUMAN:sp|Q9NYY8|FAKD2_HUMAN:sp|Q66K14|TBC9B_HUMAN:sp|Q7Z5L7|PODN_HUMAN:sp|Q9UPP2|IQEC3_HUMAN:sp|Q16254|E2F4_HUMAN:sp|Q9UBD5|ORC3_HUMAN:sp|O60765|Z354A_HUMAN:sp|O95477|ABCA1_HUMAN:sp|Q9NYQ8|FAT2_HUMAN,DeepNovo
H(+42.01)PEM(+15.99)LLDEHVRGAV,55.34,1659.8038,14,57.1,14,1.5,554.27606,3,37.2040,-7.5960,0.44,14256,HFX193_IPP292_GEL_CRC_324_Even.raw,1.97E5,2.66E6,2,2,1,1,"Acetylation (N-term);Oxidation (M)",,0 0 0 0 22 22 13 13 13 10 0 0 14 5,H(+42.01)PEM(+15.99)LLDEHVRGAV,sp|Q6GYQ0|RGPA1_HUMAN:sp|P50553|ASCL1_HUMAN:sp|Q6IEE7|T132E_HUMAN:sp|A6NKP2|D42E2_HUMAN:sp|P25098|ARBK1_HUMAN:sp|A6NE52|WDR97_HUMAN:sp|Q6P6B7|ANR16_HUMAN:sp|Q9HBV1|POPD3_HUMAN:sp|Q9Y2K1|ZBTB1_HUMAN:sp|Q9BXT4|TDRD1_HUMAN:sp|Q86W25|NAL13_HUMAN:sp|O95460|MATN4_HUMAN:sp|O14544|SOCS6_HUMAN:sp|Q69YQ0|CYTSA_HUMAN:sp|O75570|RF1M_HUMAN:sp|A6NGN9|IGLO5_HUMAN:sp|Q4G0X9|CCD40_HUMAN:sp|Q8NCQ5|FBX15_HUMAN:sp|P35626|ARBK2_HUMAN:sp|O75127|PTCD1_HUMAN:sp|O15169|AXIN1_HUMAN:sp|Q9NY57|ST32B_HUMAN:sp|O60229|KALRN_HUMAN:sp|Q8WU08|ST32A_HUMAN:sp|Q9HC10|OTOF_HUMAN:sp|Q8N3L3|TXLNB_HUMAN:sp|Q96L58|B3GT6_HUMAN,DeepNovo
H(+42.01)RLLVLVK,11.87,1018.6651,8,12.5,8,-4.9,510.33731,2,79.6421,22.8421,0.01,31165,HFX193_IPP292_GEL_CRC_324_Even.raw,,,1,1,0,0,"Acetylation (N-term)",,0 0 0 0 0 0 0 5,H(+42.01)RLLVLVK,sp|Q9Y5H6|PCDA8_HUMAN:sp|Q9UN72|PCDA7_HUMAN:sp|Q9Y5H9|PCDA2_HUMAN:sp|Q9UN75|PCDAC_HUMAN:sp|Q9Y5H8|PCDA3_HUMAN:sp|Q9Y5H7|PCDA5_HUMAN:sp|Q9Y5I0|PCDAD_HUMAN:sp|Q9UN74|PCDA4_HUMAN:sp|Q9Y5I1|PCDAB_HUMAN:sp|Q9UN73|PCDA6_HUMAN,DB Search
H(+42.01)SRTAVVKL,43.76,1051.6138,9,66.7,9,-1.8,526.81323,2,44.8620,16.8620,0.80,17330,HFX193_IPP292_GEL_CRC_324_Even.raw,2.22E7,1.26E8,2,2,2,2,"Acetylation (N-term)",,0 0 1 2 2 3 13 2 2,H(+42.01)SRTAVVKL,sp|Q9UQB9|AURKC_HUMAN:sp|O75533|SF3B1_HUMAN:sp|Q9ULM3|YETS2_HUMAN:sp|P36406|TRI23_HUMAN:sp|Q86V59|PNM8A_HUMAN:sp|O00180|KCNK1_HUMAN:sp|Q5T0N1|CFA70_HUMAN:sp|Q9BWV1|BOC_HUMAN:sp|Q8NHA4|O2AE1_HUMAN:sp|Q5VT25|MRCKA_HUMAN:sp|Q9BUB4|ADAT1_HUMAN:sp|O00155|GPR25_HUMAN:sp|P35410|MAS1L_HUMAN:sp|O00401|WASL_HUMAN:sp|Q96L73|NSD1_HUMAN:sp|Q9Y4A5|TRRAP_HUMAN:sp|Q8NH57|O52P1_HUMAN:sp|Q86SX6|GLRX5_HUMAN:sp|Q9H0K1|SIK2_HUMAN:sp|Q13402|MYO7A_HUMAN:sp|P51530|DNA2_HUMAN:sp|Q9H251|CAD23_HUMAN:sp|Q13702|RAPSN_HUMAN:sp|P42768|WASP_HUMAN:sp|Q6UX07|DHR13_HUMAN:sp|P13945|ADRB3_HUMAN:sp|P23396|RS3_HUMAN:sp|Q96S52|PIGS_HUMAN:sp|Q96SK2|TM209_HUMAN:sp|Q14112|NID2_HUMAN:sp|Q5VUG0|SMBT2_HUMAN:sp|Q6ZWT7|MBOA2_HUMAN:sp|Q8N3X1|FNBP4_HUMAN:sp|O95747|OXSR1_HUMAN:sp|Q14254|FLOT2_HUMAN:sp|Q8NGI9|OR5A2_HUMAN:sp|Q9NRD1|FBX6_HUMAN:sp|Q9UEW8|STK39_HUMAN:sp|A3KN83|SBNO1_HUMAN:sp|Q9C0C7|AMRA1_HUMAN:sp|Q9BU23|LMF2_HUMAN:sp|A0A0B4J2F2|SIK1B_HUMAN:sp|Q6ZU45|CL20A_HUMAN:sp|P58335|ANTR2_HUMAN:sp|P25874|UCP1_HUMAN:sp|Q8NGK5|O52M1_HUMAN:sp|Q8NI32|LPD6B_HUMAN:sp|Q6ZNJ1|NBEL2_HUMAN:sp|Q8NGH7|O52L1_HUMAN:sp|Q96G01|BICD1_HUMAN:sp|Q38SD2|LRRK1_HUMAN:sp|Q16514|TAF12_HUMAN:sp|Q96HH4|TM169_HUMAN:sp|P08047|SP1_HUMAN:sp|Q9Y4F3|MARF1_HUMAN:sp|Q9H7E2|TDRD3_HUMAN:sp|Q3ZCW2|LEGL_HUMAN:sp|Q8TDY8|IGDC4_HUMAN:sp|O60870|KIN17_HUMAN:sp|P57059|SIK1_HUMAN:sp|P13498|CY24A_HUMAN:sp|P35670|ATP7B_HUMAN:sp|Q8NGH6|O52L2_HUMAN:sp|Q5T0F9|C2D1B_HUMAN:sp|Q9BY44|EIF2A_HUMAN:sp|Q9NRM0|GTR9_HUMAN:sp|Q9ULB4|CADH9_HUMAN:sp|Q01814|AT2B2_HUMAN:sp|Q5TGZ0|MIC10_HUMAN:sp|Q16538|GP162_HUMAN:sp|O14907|TX1B3_HUMAN:sp|Q9NRH2|SNRK_HUMAN:sp|Q14008|CKAP5_HUMAN:sp|Q7L311|ARMX2_HUMAN:sp|A0A494C071|PWWP4_HUMAN:sp|Q15149|PLEC_HUMAN,DeepNovo
H(+42.01)VEAPGDGGHVVPVLR,70.47,1679.8743,16,43.8,16,-3.2,840.94177,2,54.9713,-2.9287,0.52,21347,HFX193_IPP292_GEL_CRC_324_Even.raw,3.31E5,2.18E6,1,1,1,1,"Acetylation (N-term)",,0 0 0 16 3 1 1 0 0 5 6 13 1 1 2 5,H(+42.01)VEAPGDGGHVVPVLR,sp|P22413|ENPP1_HUMAN:sp|Q96A84|EMID1_HUMAN:sp|Q8N8A8|F169B_HUMAN:sp|P98153|IDD_HUMAN:sp|Q9Y520|PRC2C_HUMAN:sp|Q96HQ0|ZN419_HUMAN:sp|O14654|IRS4_HUMAN:sp|Q96JX3|SRAC1_HUMAN:sp|Q9UKY7|CDV3_HUMAN:sp|Q6PK81|ZN773_HUMAN:sp|Q9H4D0|CSTN2_HUMAN:sp|O95397|PKHA9_HUMAN:sp|P43146|DCC_HUMAN:sp|Q76M96|CCD80_HUMAN:sp|Q16790|CAH9_HUMAN:sp|P49750|YLPM1_HUMAN:sp|Q8NB15|ZN511_HUMAN:sp|Q0VDD7|BRME1_HUMAN:SAFB2_DEL_G-p.P945Rfs*49_::chr19:5586771-5587771_frame=-2:sp|Q13370|PDE3B_HUMAN:sp|Q9UHX3|AGRE2_HUMAN:sp|Q12815|TROAP_HUMAN:sp|Q7L945|ZN627_HUMAN:sp|A0A096LP49|CC187_HUMAN:sp|Q96GU1|PAGE5_HUMAN:sp|Q8IVT2|MISP_HUMAN:sp|Q9BSJ2|GCP2_HUMAN:sp|Q86V87|FHI2B_HUMAN:sp|B1AL88|NALF1_HUMAN:sp|Q14151|SAFB2_HUMAN:sp|Q7Z6E9|RBBP6_HUMAN:sp|Q9Y4F5|C170B_HUMAN:sp|Q9UBC3|DNM3B_HUMAN:sp|Q99715|COCA1_HUMAN:sp|Q9Y334|VWA7_HUMAN:sp|Q16570|ACKR1_HUMAN:sp|Q93008|USP9X_HUMAN:sp|Q08345|DDR1_HUMAN:sp|Q00005|2ABB_HUMAN:sp|Q8N5N7|RM50_HUMAN:sp|Q8WV74|NUDT8_HUMAN:sp|Q14764|MVP_HUMAN:sp|P36957|ODO2_HUMAN:sp|Q02388|CO7A1_HUMAN:sp|Q96CB9|NSUN4_HUMAN:sp|Q01201|RELB_HUMAN:sp|P04217|A1BG_HUMAN:sp|Q96HH6|TMM19_HUMAN:sp|O60504|VINEX_HUMAN:sp|Q9Y493|ZAN_HUMAN:sp|Q02487|DSC2_HUMAN:sp|Q9UQ07|MOK_HUMAN:sp|A7E2V4|ZSWM8_HUMAN:sp|Q8NFU1|BEST2_HUMAN:sp|A5PL33|KRBA1_HUMAN:sp|Q8IYM1|SEP12_HUMAN:sp|P57071|PRD15_HUMAN:sp|P36269|GGT5_HUMAN:sp|Q14031|CO4A6_HUMAN:sp|Q9P2U7|VGLU1_HUMAN:sp|Q14008|CKAP5_HUMAN:sp|Q86SU0|ILDR1_HUMAN:sp|O14981|BTAF1_HUMAN:sp|Q14142|TRI14_HUMAN:sp|O75116|ROCK2_HUMAN:sp|O75425|MSPD3_HUMAN:sp|Q15413|RYR3_HUMAN:sp|P42285|MTREX_HUMAN:sp|Q9Y2I6|NINL_HUMAN:sp|Q9BXV9|GON7_HUMAN:sp|Q9NSA0|S22AB_HUMAN:sp|Q4KMG0|CDON_HUMAN:sp|Q9Y6K1|DNM3A_HUMAN:sp|Q8WZ42|TITIN_HUMAN:sp|Q96JA3|PKHA8_HUMAN:sp|O00507|USP9Y_HUMAN:sp|P28340|DPOD1_HUMAN:sp|P23588|IF4B_HUMAN:sp|Q8IYG6|LRC56_HUMAN:sp|Q6Q759|SPG17_HUMAN:sp|Q96RG2|PASK_HUMAN:sp|P22735|TGM1_HUMAN:sp|P33527|MRP1_HUMAN:sp|Q96PQ0|SORC2_HUMAN:sp|Q86WA9|S2611_HUMAN:sp|P49815|TSC2_HUMAN:sp|Q14574|DSC3_HUMAN:sp|Q8NEY3|SPAT4_HUMAN:sp|Q9UMN6|KMT2B_HUMAN:sp|Q9BUR4|TCAB1_HUMAN:sp|Q08AI8|MB214_HUMAN:sp|Q96BU1|S1PBP_HUMAN:sp|P57057|G6PT2_HUMAN:sp|Q9NPG4|PCD12_HUMAN:sp|Q96MT1|RN145_HUMAN:sp|O76096|CYTF_HUMAN:sp|O60266|ADCY3_HUMAN:sp|P48960|AGRE5_HUMAN:sp|P55289|CAD12_HUMAN:sp|Q8IV04|TB10C_HUMAN:sp|O00763|ACACB_HUMAN:sp|Q13422|IKZF1_HUMAN:sp|Q16787|LAMA3_HUMAN:sp|Q86UX7|URP2_HUMAN:sp|Q6ZMQ8|LMTK1_HUMAN:sp|Q14554|PDIA5_HUMAN:sp|Q9NP71|MLXPL_HUMAN:sp|F2Z3F1|CE067_HUMAN:sp|Q15270|NKX11_HUMAN:sp|O94910|AGRL1_HUMAN:sp|Q92729|PTPRU_HUMAN:sp|Q8N1G1|REXO1_HUMAN:sp|Q9H840|GEMI7_HUMAN:sp|P07911|UROM_HUMAN:sp|Q7Z6M2|FBX33_HUMAN:sp|A2VEC9|SSPO_HUMAN:sp|O15522|NKX28_HUMAN:tr|A0A590UJ96|A0A590UJ96_HUMAN:sp|P13611|CSPG2_HUMAN:sp|Q8IWU2|LMTK2_HUMAN,DeepNovo
H(+42.01)VHLVTTELR,35.36,1245.6830,10,60.0,10,1.4,416.23550,3,29.1093,-10.2907,0.26,10940,HFX193_IPP292_GEL_CRC_324_Even.raw,4.94E4,6.43E5,1,1,1,1,"Acetylation (N-term)",,5 0 0 0 0 4 6 7 7 5,H(+42.01)VHLVTTELR,sp|Q9Y2N7|HIF3A_HUMAN:sp|Q9P2N5|RBM27_HUMAN:sp|Q9Y5G0|PCDGH_HUMAN:sp|Q01484|ANK2_HUMAN:sp|Q5SY80|CTSRE_HUMAN:sp|Q9Y4A5|TRRAP_HUMAN:sp|P12111|CO6A3_HUMAN,DeepNovo
H(+42.01)VSAGRLM(+15.99)TL,49.84,1141.5913,10,60.0,10,1.6,571.80389,2,40.2982,6.3982,0.05,15504,HFX193_IPP292_GEL_CRC_324_Even.raw,2.75E6,1.66E7,1,1,1,1,"Acetylation (N-term);Oxidation (M)",,2 0 1 0 0 2 9 9 7 5,H(+42.01)VSAGRLM(+15.99)TL,,DeepNovo
H(+42.01)VTEESSGSGPF,62.06,1274.5415,12,58.3,12,2.6,638.27966,2,42.8961,1.9961,0.64,16572,HFX193_IPP292_GEL_CRC_324_Even.raw,,,1,1,0,0,"Acetylation (N-term)",,0 0 1 0 0 2 2 7 7 38 5 5,H(+42.01)VTEESSGSGPF,sp|Q9ULD5|ZN777_HUMAN:sp|Q12959|DLG1_HUMAN:sp|Q96AA3|RFT1_HUMAN:sp|Q5H9B9|BM2KL_HUMAN:sp|Q15517|CDSN_HUMAN:sp|Q92804|RBP56_HUMAN:sp|Q9NYQ7|CELR3_HUMAN:sp|Q8NDT2|RB15B_HUMAN:sp|Q99457|NP1L3_HUMAN:sp|Q8IVV2|LOXH1_HUMAN:sp|O75955|FLOT1_HUMAN:sp|O60241|AGRB2_HUMAN:sp|Q99932|SPAG8_HUMAN:sp|Q15032|R3HD1_HUMAN:sp|Q99469|STAC_HUMAN:sp|P02748|CO9_HUMAN:sp|Q8IWN7|RP1L1_HUMAN:sp|Q53GQ0|DHB12_HUMAN:sp|Q8NAV2|CH058_HUMAN:sp|Q70EL2|UBP45_HUMAN:sp|Q96JN8|NEUL4_HUMAN:sp|P48549|KCNJ3_HUMAN:sp|Q68DV7|RNF43_HUMAN:sp|Q9Y625|GPC6_HUMAN:sp|Q8IX07|FOG1_HUMAN:sp|Q9UPE1|SRPK3_HUMAN:sp|Q9HCJ0|TNR6C_HUMAN:sp|Q96L91|EP400_HUMAN:sp|Q9P2J2|TUTLA_HUMAN:sp|P48546|GIPR_HUMAN:sp|Q13620|CUL4B_HUMAN:sp|Q96JK4|HIPL1_HUMAN:sp|Q9NVF7|FBX28_HUMAN:sp|P32242|OTX1_HUMAN:sp|O60840|CAC1F_HUMAN:sp|Q8NF64|ZMIZ2_HUMAN:sp|O75027|ABCB7_HUMAN:sp|Q5D862|FILA2_HUMAN:sp|Q53EP0|FND3B_HUMAN:sp|P19012|K1C15_HUMAN:sp|P27987|IP3KB_HUMAN:sp|P78312|F193A_HUMAN:sp|O00238|BMR1B_HUMAN:sp|Q02388|CO7A1_HUMAN:sp|Q96C36|P5CR2_HUMAN:sp|Q01201|RELB_HUMAN:sp|Q9NRI5|DISC1_HUMAN:sp|P22460|KCNA5_HUMAN:sp|O75607|NPM3_HUMAN:sp|Q63HR2|TENS2_HUMAN:sp|Q96QZ7|MAGI1_HUMAN:sp|Q99490|AGAP2_HUMAN:sp|Q5JXC2|MIIP_HUMAN:sp|Q92796|DLG3_HUMAN:sp|Q9H9K5|MER34_HUMAN:sp|Q9UGI0|ZRAN1_HUMAN:sp|Q8WV15|T255B_HUMAN:sp|Q9BUL9|RPP25_HUMAN:sp|Q9H6E5|STPAP_HUMAN:sp|Q9H0X9|OSBL5_HUMAN:sp|Q8N8G2|VGLL2_HUMAN:sp|Q8IVT5|KSR1_HUMAN:sp|O00468|AGRIN_HUMAN:sp|P57078|RIPK4_HUMAN:sp|P36959|GMPR1_HUMAN:sp|P01266|THYG_HUMAN:sp|Q27J81|INF2_HUMAN:SETD1B_DEL_C-p.H8Tfs*27_::chr12:121804252-121805252_frame=2:sp|Q86UP3|ZFHX4_HUMAN:sp|Q9NWM3|CUED1_HUMAN:sp|Q99607|ELF4_HUMAN:sp|Q9UHV9|PFD2_HUMAN:sp|Q9BRR9|RHG09_HUMAN:sp|Q9NSY1|BMP2K_HUMAN:sp|P55008|AIF1_HUMAN:sp|P0DMV8|HS71A_HUMAN:sp|Q96NU0|CNT3B_HUMAN:sp|Q9BZ76|CNTP3_HUMAN:sp|P22033|MUTA_HUMAN:sp|Q9ULJ3|ZBT21_HUMAN:sp|Q969W3|F104A_HUMAN:sp|Q8NDV7|TNR6A_HUMAN:sp|O00391|QSOX1_HUMAN:sp|Q96EN8|MOCOS_HUMAN:sp|O75912|DGKI_HUMAN:sp|Q9HC10|OTOF_HUMAN:sp|Q5T4T6|SYC2L_HUMAN:sp|Q9NYQ8|FAT2_HUMAN:sp|Q9C0C2|TB182_HUMAN:sp|Q86YZ3|HORN_HUMAN:sp|Q6ZNJ1|NBEL2_HUMAN:sp|Q96KR4|LMLN_HUMAN:sp|Q8N8M0|NAT16_HUMAN:sp|Q8N4S7|PAQR4_HUMAN:sp|Q6E0U4|DMKN_HUMAN:sp|Q9BQS8|FYCO1_HUMAN:sp|Q8TC76|F110B_HUMAN:sp|Q96HA1|P121A_HUMAN:sp|Q9BSG5|RTBDN_HUMAN:sp|Q15911|ZFHX3_HUMAN:sp|Q92585|MAML1_HUMAN:sp|P51449|RORG_HUMAN:sp|Q9UPU9|SMAG1_HUMAN:sp|Q9UGM3|DMBT1_HUMAN:sp|Q8TAE6|PP14C_HUMAN:sp|O15169|AXIN1_HUMAN:sp|Q9P2B7|CFA97_HUMAN:sp|P30307|MPIP3_HUMAN:sp|Q969R2|OSBP2_HUMAN:sp|Q9H222|ABCG5_HUMAN:sp|P19021|AMD_HUMAN:sp|Q9ULX9|MAFF_HUMAN:sp|P83110|HTRA3_HUMAN:sp|P25054|APC_HUMAN:sp|Q9Y2J4|AMOL2_HUMAN:sp|A0A087WXM9|MEIKN_HUMAN:sp|Q9C0B9|ZCHC2_HUMAN:sp|Q9NRH2|SNRK_HUMAN:sp|Q9H6R3|ACSS3_HUMAN:sp|Q86YA3|ZGRF1_HUMAN,DeepNovo
I(+42.01)SLKELN(+0.98)AR,27.86,1085.6080,9,22.2,9,-2.3,543.81006,2,38.4940,-12.1060,0.15,14803,HFX193_IPP292_GEL_CRC_324_Even.raw,1.52E5,1.99E6,1,1,1,1,"Acetylation (N-term);Deamidation (NQ)",,0 0 0 0 0 0 1 4 4,I(+42.01)SLKELN(+0.98)AR,sp|Q9Y6B6|SAR1B_HUMAN,DB Search
K(+42.01)AAESHPL,52.83,893.4606,8,100.0,8,2.1,447.73856,2,34.0583,22.4583,0.43,12979,HFX193_IPP292_GEL_CRC_324_Even.raw,5.67E5,4.77E6,1,1,1,1,"Acetylation (N-term)",,5 12 8 6 3 3 3 3,K(+42.01)AAESHPL,sp|Q8N283|ANR35_HUMAN:sp|Q5VYV7|SLX4I_HUMAN:sp|Q9BY42|RTF2_HUMAN:sp|O75419|CDC45_HUMAN:sp|P21359|NF1_HUMAN:sp|Q9BY89|K1671_HUMAN:sp|Q14978|NOLC1_HUMAN:sp|O15085|ARHGB_HUMAN:sp|Q96RU3|FNBP1_HUMAN:sp|Q6S5L8|SHC4_HUMAN:sp|Q6UXR6|YI004_HUMAN:sp|A6H8Y1|BDP1_HUMAN:sp|Q92574|TSC1_HUMAN:sp|Q8NDY6|BHE23_HUMAN:sp|Q9HBV2|SACA1_HUMAN:sp|O95447|LCA5L_HUMAN:sp|Q96IQ7|VSIG2_HUMAN:sp|Q13467|FZD5_HUMAN:sp|Q69YQ0|CYTSA_HUMAN:sp|O76021|RL1D1_HUMAN:sp|Q8IWA5|CTL2_HUMAN:sp|P98088|MUC5A_HUMAN:sp|Q6PKC3|TXD11_HUMAN:sp|Q9Y2Q9|RT28_HUMAN:sp|A4D1B5|GSAP_HUMAN:sp|Q9UQ84|EXO1_HUMAN:sp|Q6ZRI0|OTOG_HUMAN:sp|Q13459|MYO9B_HUMAN:sp|Q12913|PTPRJ_HUMAN:sp|Q9NX38|ABITM_HUMAN:sp|Q9UPN4|CP131_HUMAN:sp|Q16666|IF16_HUMAN:sp|Q9Y487|VPP2_HUMAN:sp|Q7Z591|AKNA_HUMAN:sp|Q8TE82|S3TC1_HUMAN:sp|Q15147|PLCB4_HUMAN:sp|O14526|FCHO1_HUMAN:sp|Q8IXT1|DDIAS_HUMAN:sp|P35606|COPB2_HUMAN:sp|Q14966|ZN638_HUMAN:sp|Q8WXX0|DYH7_HUMAN:sp|Q2TAC2|CCD57_HUMAN:sp|Q9UPN3|MACF1_HUMAN:sp|Q5VUJ6|LRCH2_HUMAN:sp|Q8NFH8|REPS2_HUMAN:sp|Q10567|AP1B1_HUMAN:sp|P53985|MOT1_HUMAN,DeepNovo
K(+42.01)AAGKRSLAF,43.05,1089.6294,10,40.0,10,-1.0,545.82147,2,33.5762,7.7762,0.44,12800,HFX193_IPP292_GEL_CRC_324_Odd.raw,3.85E5,5.67E6,2,2,2,2,"Acetylation (N-term)",,0 0 0 0 5 0 1 2 8 5,K(+42.01)AAGKRSLAF,,DeepNovo
K(+42.01)AAKKAKPVKKPAK,43.78,1534.0082,14,57.1,14,0.0,512.34332,3,20.6367,10.0366,0.46,7546,HFX193_IPP292_GEL_CRC_324_Odd.raw,1.85E5,1.16E6,1,1,1,1,"Acetylation (N-term)",,2 0 0 4 3 3 3 1 1 3 1 1 2 3,K(+42.01)AAKKAKPVKKPAK,sp|A0AVI2|FR1L5_HUMAN:sp|Q68EM7|RHG17_HUMAN:sp|Q9Y6N7|ROBO1_HUMAN:sp|Q96JH7|VCIP1_HUMAN:sp|Q9P275|UBP36_HUMAN:sp|P20929|NEBU_HUMAN:sp|Q86TL2|STIMA_HUMAN:sp|Q75QN2|INT8_HUMAN:sp|P46013|KI67_HUMAN:sp|Q96IK5|GMCL1_HUMAN:sp|P49748|ACADV_HUMAN:sp|Q8TEV9|SMCR8_HUMAN:sp|Q9BXF3|CECR2_HUMAN:sp|O95696|BRD1_HUMAN:sp|Q9C093|SPEF2_HUMAN:sp|Q8NHW6|OTOSP_HUMAN:sp|Q7Z6M1|RABEK_HUMAN:sp|P08172|ACM2_HUMAN:sp|Q6ZNB6|NFXL1_HUMAN:sp|P25116|PAR1_HUMAN:sp|Q5TBB1|RNH2B_HUMAN:sp|O94855|SC24D_HUMAN:sp|Q10472|GALT1_HUMAN:sp|Q6W2J9|BCOR_HUMAN:sp|A4UGR9|XIRP2_HUMAN:sp|P25105|PTAFR_HUMAN:sp|Q8N895|ZN366_HUMAN:sp|Q9Y2H0|DLGP4_HUMAN:sp|Q96QH2|PRAM_HUMAN:sp|Q8IWK6|AGRA3_HUMAN:sp|Q8WWQ8|STAB2_HUMAN:sp|Q5T7B8|KIF24_HUMAN:sp|O60318|GANP_HUMAN:sp|Q96DN5|TBC31_HUMAN:sp|P51587|BRCA2_HUMAN:sp|Q15025|TNIP1_HUMAN:sp|Q2WGJ9|FR1L6_HUMAN:sp|P20248|CCNA2_HUMAN:sp|Q14126|DSG2_HUMAN:sp|P35498|SCN1A_HUMAN:sp|Q8WUY3|PRUN2_HUMAN:sp|Q96K83|ZN521_HUMAN:sp|P49321|NASP_HUMAN:sp|O60281|ZN292_HUMAN:sp|Q9NY47|CA2D2_HUMAN:sp|Q9BRS8|LARP6_HUMAN:sp|Q9BZE9|ASPC1_HUMAN:sp|Q8IZ52|CHSS2_HUMAN:sp|Q6KC79|NIPBL_HUMAN:sp|Q9NZT1|CALL5_HUMAN:sp|O75787|RENR_HUMAN:sp|O14638|ENPP3_HUMAN:sp|Q96NZ9|PRAP1_HUMAN:sp|Q12872|SFSWA_HUMAN:sp|P07305|H10_HUMAN:sp|P51531|SMCA2_HUMAN:sp|Q8TDY2|RBCC1_HUMAN:sp|Q05639|EF1A2_HUMAN:sp|Q9BYX2|TBD2A_HUMAN:sp|Q6MZP7|LIN54_HUMAN:sp|Q2TAL8|QRIC1_HUMAN:sp|O43301|HS12A_HUMAN:sp|Q9Y692|GMEB1_HUMAN:sp|Q4FZB7|KMT5B_HUMAN:sp|Q9HCK4|ROBO2_HUMAN:sp|Q15011|HERP1_HUMAN:sp|O75367|H2AY_HUMAN:sp|Q8IWA6|CCD60_HUMAN:sp|Q9H799|CPLN1_HUMAN:sp|Q9P2M7|CING_HUMAN:sp|Q13576|IQGA2_HUMAN:sp|Q96JE9|MAP6_HUMAN:sp|Q96I99|SUCB2_HUMAN:sp|Q9Y2X9|ZN281_HUMAN:sp|P07766|CD3E_HUMAN:sp|Q13952|NFYC_HUMAN:sp|Q9NRC6|SPTN5_HUMAN:sp|Q9H1K0|RBNS5_HUMAN:sp|Q7RTU9|STRC_HUMAN:sp|Q6X4U4|SOSD1_HUMAN:sp|Q3KQU3|MA7D1_HUMAN:sp|Q5K651|SAMD9_HUMAN:sp|Q8TF72|SHRM3_HUMAN:sp|Q6IQ23|PKHA7_HUMAN:sp|Q2M1Z3|RHG31_HUMAN:sp|Q8WXH2|JPH3_HUMAN:sp|Q6NW40|RGMB_HUMAN:sp|P0C1S8|WEE2_HUMAN:sp|Q96F81|DISP1_HUMAN:sp|P51648|AL3A2_HUMAN:sp|Q8N0T1|RBIS_HUMAN:sp|O95466|FMNL1_HUMAN:sp|Q9UKV8|AGO2_HUMAN:sp|Q14003|KCNC3_HUMAN:sp|P30530|UFO_HUMAN:sp|Q7Z5J4|RAI1_HUMAN:sp|Q92540|SMG7_HUMAN:sp|Q9NSC2|SALL1_HUMAN:sp|Q5UCC4|EMC10_HUMAN:sp|Q8N3K9|CMYA5_HUMAN:sp|O15090|ZN536_HUMAN:sp|Q2M296|MTHSD_HUMAN:sp|P06396|GELS_HUMAN:sp|Q6Y288|B3GLT_HUMAN:sp|Q03111|ENL_HUMAN:sp|Q02952|AKA12_HUMAN:sp|Q5SVZ6|ZMYM1_HUMAN:sp|P53804|TTC3_HUMAN:sp|P0CJ88|DU4L5_HUMAN:sp|P68104|EF1A1_HUMAN:sp|Q9UJQ4|SALL4_HUMAN:sp|Q86XP1|DGKH_HUMAN:sp|O95573|ACSL3_HUMAN:sp|Q4W5G0|TIGD2_HUMAN:sp|Q9UNF0|PACN2_HUMAN:sp|Q96S99|PKHF1_HUMAN:sp|O60664|PLIN3_HUMAN:sp|P13611|CSPG2_HUMAN:sp|Q7L311|ARMX2_HUMAN:sp|Q86VM9|ZCH18_HUMAN,DeepNovo
K(+42.01)AAKKAKPVKPKAK,44.85,1534.0082,14,50.0,14,-0.7,384.50906,4,20.6025,11.3025,0.57,7541,HFX193_IPP292_GEL_CRC_324_Odd.raw,2.61E6,1.2E7,3,3,2,2,"Acetylation (N-term)",,2 0 0 4 1 0 0 2 2 3 1 1 2 2,K(+42.01)AAKKAKPVKPKAK,sp|A0AVI2|FR1L5_HUMAN:sp|Q9P215|POGK_HUMAN:sp|P15502|ELN_HUMAN:sp|Q96Q06|PLIN4_HUMAN:sp|Q96JH7|VCIP1_HUMAN:sp|Q06323|PSME1_HUMAN:sp|P20929|NEBU_HUMAN:sp|O94993|SOX30_HUMAN:sp|Q14161|GIT2_HUMAN:sp|Q75QN2|INT8_HUMAN:sp|Q96IK5|GMCL1_HUMAN:sp|P16401|H15_HUMAN:sp|Q8TEV9|SMCR8_HUMAN:sp|O60309|L37A3_HUMAN:sp|P0DTE5|UD2A2_HUMAN:sp|Q9C093|SPEF2_HUMAN:sp|Q8NHW6|OTOSP_HUMAN:sp|Q7Z6M1|RABEK_HUMAN:sp|Q9NZ71|RTEL1_HUMAN:sp|Q6ZNB6|NFXL1_HUMAN:sp|Q5TBB1|RNH2B_HUMAN:sp|O94855|SC24D_HUMAN:sp|P46821|MAP1B_HUMAN:sp|Q7Z6E9|RBBP6_HUMAN:sp|Q6W2J9|BCOR_HUMAN:sp|Q641Q2|WAC2A_HUMAN:sp|P15407|FOSL1_HUMAN:sp|O15265|ATX7_HUMAN:sp|Q9Y5X2|SNX8_HUMAN:sp|Q8IWK6|AGRA3_HUMAN:sp|Q9UM73|ALK_HUMAN:sp|Q8WWQ8|STAB2_HUMAN:sp|P51587|BRCA2_HUMAN:sp|Q2WGJ9|FR1L6_HUMAN:sp|Q5TCY1|TTBK1_HUMAN:sp|P35498|SCN1A_HUMAN:sp|Q96K83|ZN521_HUMAN:sp|P49321|NASP_HUMAN:sp|Q76L83|ASXL2_HUMAN:sp|Q9NY47|CA2D2_HUMAN:sp|Q9BZE9|ASPC1_HUMAN:sp|O75037|KI21B_HUMAN:sp|Q9BZA8|PC11Y_HUMAN:sp|Q8IZ52|CHSS2_HUMAN:sp|Q9NZT1|CALL5_HUMAN:sp|O75787|RENR_HUMAN:sp|Q9BYN7|ZN341_HUMAN:sp|Q96QZ7|MAGI1_HUMAN:sp|Q12872|SFSWA_HUMAN:sp|P07305|H10_HUMAN:sp|P51531|SMCA2_HUMAN:sp|Q14690|RRP5_HUMAN:sp|Q6ZN18|AEBP2_HUMAN:sp|Q8TDY2|RBCC1_HUMAN:sp|Q9H2I8|LRMDA_HUMAN:sp|Q58F21|BRDT_HUMAN:sp|Q12830|BPTF_HUMAN:sp|Q9ULV3|CIZ1_HUMAN:sp|Q9UQ35|SRRM2_HUMAN:sp|Q05639|EF1A2_HUMAN:sp|Q16832|DDR2_HUMAN:sp|Q9BYX2|TBD2A_HUMAN:sp|Q6MZP7|LIN54_HUMAN:sp|Q2TAL8|QRIC1_HUMAN:sp|P22670|RFX1_HUMAN:sp|Q15011|HERP1_HUMAN:sp|O75367|H2AY_HUMAN:sp|Q6IA86|ELP2_HUMAN:sp|Q8NEZ4|KMT2C_HUMAN:sp|Q86WZ0|HEAT4_HUMAN:sp|Q92882|OSTF1_HUMAN:sp|Q96JE9|MAP6_HUMAN:sp|Q5T5S1|CC183_HUMAN:sp|Q9BRR9|RHG09_HUMAN:sp|Q96I99|SUCB2_HUMAN:sp|P07766|CD3E_HUMAN:sp|Q13952|NFYC_HUMAN:sp|Q9NRC6|SPTN5_HUMAN:sp|Q9H1K0|RBNS5_HUMAN:sp|Q13200|PSMD2_HUMAN:sp|Q6X4U4|SOSD1_HUMAN:sp|P07196|NFL_HUMAN:sp|Q7Z739|YTHD3_HUMAN:sp|Q3KQU3|MA7D1_HUMAN:sp|P15813|CD1D_HUMAN:sp|Q8TF72|SHRM3_HUMAN:sp|Q9Y3P9|RBGP1_HUMAN:sp|O43670|ZN207_HUMAN:sp|Q9NPI1|BRD7_HUMAN:sp|Q8IV50|LYSM2_HUMAN:sp|P0C1S8|WEE2_HUMAN:sp|P51648|AL3A2_HUMAN:sp|Q8N0T1|RBIS_HUMAN:sp|O95466|FMNL1_HUMAN:sp|Q9UKV8|AGO2_HUMAN:sp|P30530|UFO_HUMAN:sp|Q7Z5J4|RAI1_HUMAN:sp|O60721|NCKX1_HUMAN:sp|Q9NSC2|SALL1_HUMAN:sp|Q5UCC4|EMC10_HUMAN:sp|Q8N3K9|CMYA5_HUMAN:sp|Q8TAS1|UHMK1_HUMAN:sp|Q2M296|MTHSD_HUMAN:sp|Q9BY44|EIF2A_HUMAN:sp|P06396|GELS_HUMAN:sp|Q9NQW8|CNGB3_HUMAN:sp|Q02952|AKA12_HUMAN:sp|Q08174|PCDH1_HUMAN:sp|P53804|TTC3_HUMAN:sp|P0CJ88|DU4L5_HUMAN:sp|P68104|EF1A1_HUMAN:sp|Q9UJQ4|SALL4_HUMAN:sp|O95573|ACSL3_HUMAN:sp|Q4W5G0|TIGD2_HUMAN:sp|Q9UNF0|PACN2_HUMAN:sp|Q03164|KMT2A_HUMAN:sp|Q69YI7|NAIF1_HUMAN:sp|Q96S99|PKHF1_HUMAN:sp|P13611|CSPG2_HUMAN:sp|Q7L311|ARMX2_HUMAN,DeepNovo
K(+42.01)AASGLFGGPK,63.54,1073.5869,11,72.7,11,-2.2,358.86880,3,25.5573,2.2573,0.32,9510,HFX193_IPP292_GEL_CRC_324_Odd.raw,2.6E5,3.22E6,2,2,2,2,"Acetylation (N-term)",,5 23 23 10 10 23 5 0 0 0 3,K(+42.01)AASGLFGGPK,sp|Q03188|CENPC_HUMAN:sp|O94901|SUN1_HUMAN:sp|P56747|CLD6_HUMAN:sp|Q96J92|WNK4_HUMAN:sp|P42858|HD_HUMAN:sp|Q32M45|ANO4_HUMAN:sp|Q86U17|SPA11_HUMAN:sp|Q8IXK0|PHC2_HUMAN:sp|Q8NFF2|NCKX4_HUMAN:sp|P55198|AF17_HUMAN:sp|A8K830|OCAT2_HUMAN:sp|P35712|SOX6_HUMAN:sp|O43747|AP1G1_HUMAN:sp|Q9Y4A5|TRRAP_HUMAN:sp|Q96HC4|PDLI5_HUMAN:sp|Q96P70|IPO9_HUMAN:sp|P16401|H15_HUMAN:sp|Q9C004|SPY4_HUMAN:sp|Q4AC99|1A1L2_HUMAN:sp|Q96T53|MBOA4_HUMAN:sp|Q9H2X9|S12A5_HUMAN:sp|O94766|B3GA3_HUMAN:sp|P04114|APOB_HUMAN:sp|P22681|CBL_HUMAN:sp|Q86YV5|PRAG1_HUMAN:sp|P10412|H14_HUMAN:sp|P31937|3HIDH_HUMAN:sp|O60503|ADCY9_HUMAN:sp|O94812|BAIP3_HUMAN:sp|Q6ZVL6|K154L_HUMAN:sp|Q9Y4G2|PKHM1_HUMAN:sp|P78411|IRX5_HUMAN:sp|Q9NXH9|TRM1_HUMAN:sp|Q6YHU6|THADA_HUMAN:sp|Q9UNW9|NOVA2_HUMAN:sp|Q8IVU3|HERC6_HUMAN:sp|Q9ULL8|SHRM4_HUMAN:sp|A6NE52|WDR97_HUMAN:sp|Q8IY34|S15A3_HUMAN:sp|Q01082|SPTB2_HUMAN:sp|Q9UIS9|MBD1_HUMAN:sp|P08034|CXB1_HUMAN:sp|O14493|CLD4_HUMAN:sp|Q99755|PI51A_HUMAN:sp|Q15582|BGH3_HUMAN:sp|Q68CQ1|MROH7_HUMAN:sp|Q96CM8|ACSF2_HUMAN:sp|O95881|TXD12_HUMAN:sp|O43934|MFS11_HUMAN:sp|P17481|HXB8_HUMAN:sp|Q8N5Q1|GAR5B_HUMAN:sp|P10643|CO7_HUMAN:sp|O94782|UBP1_HUMAN:sp|P0C7U9|FA87A_HUMAN:sp|Q5SQN1|SNP47_HUMAN:sp|O43306|ADCY6_HUMAN:sp|Q15149|PLEC_HUMAN:sp|P16402|H13_HUMAN:sp|Q13907|IDI1_HUMAN:sp|Q6ZMI0|PPR21_HUMAN:sp|Q14190|SIM2_HUMAN:sp|P16403|H12_HUMAN:sp|Q01064|PDE1B_HUMAN:sp|Q9BW27|NUP85_HUMAN:sp|P57678|GEMI4_HUMAN:sp|Q8TEQ8|PIGO_HUMAN:sp|Q8ND83|SLAI1_HUMAN:sp|P12271|RLBP1_HUMAN:sp|O95622|ADCY5_HUMAN:sp|O43424|GRID2_HUMAN:sp|P09525|ANXA4_HUMAN:sp|O95236|APOL3_HUMAN:sp|Q9P2K8|E2AK4_HUMAN:sp|Q15735|PI5PA_HUMAN:sp|Q14532|K1H2_HUMAN:sp|P36896|ACV1B_HUMAN:sp|Q86VI1|EX3L1_HUMAN:sp|Q9UK96|FBX10_HUMAN:sp|Q9UQP3|TENN_HUMAN:sp|Q00973|B4GN1_HUMAN:sp|Q15269|PWP2_HUMAN:sp|Q9UIF9|BAZ2A_HUMAN:sp|Q96FI4|NEIL1_HUMAN:sp|P78358|CTG1B_HUMAN:sp|Q9C0C2|TB182_HUMAN:sp|P31639|SC5A2_HUMAN:sp|Q9GZN7|ROGDI_HUMAN:sp|A5D8W1|CFA69_HUMAN:sp|Q8NDA8|MROH1_HUMAN:sp|P78424|PO6F2_HUMAN:sp|P50851|LRBA_HUMAN:sp|O15287|FANCG_HUMAN:sp|Q96NT5|PCFT_HUMAN:sp|O60716|CTND1_HUMAN:sp|Q13585|MTR1L_HUMAN:sp|Q86TW2|ADCK1_HUMAN:sp|Q8WY64|MYLIP_HUMAN:sp|Q9NWL6|ASND1_HUMAN:sp|Q494R0|FBAS1_HUMAN:sp|O15018|PDZD2_HUMAN:sp|Q9H8L6|MMRN2_HUMAN:sp|Q16661|GUC2B_HUMAN:sp|P13866|SC5A1_HUMAN:sp|Q8WUT4|LRRN4_HUMAN:sp|Q6AW86|Z324B_HUMAN:sp|Q9NRG7|D39U1_HUMAN:sp|Q9UQK1|PPR3C_HUMAN:sp|Q9Y265|RUVB1_HUMAN:sp|Q5XG92|EST4A_HUMAN:sp|Q9NZE8|RM35_HUMAN:sp|A2VEC9|SSPO_HUMAN:sp|P16220|CREB1_HUMAN:sp|Q5VVW2|GARL3_HUMAN:sp|Q86VW2|ARHGP_HUMAN:sp|Q92736|RYR2_HUMAN:sp|Q96JQ5|M4A4A_HUMAN,DeepNovo
K(+42.01)AFGGKKVRL,30.85,1144.7080,10,30.0,10,1.4,382.57715,3,31.1799,5.9799,0.34,11823,HFX193_IPP292_GEL_CRC_324_Odd.raw,3.11E5,2.89E6,1,1,1,1,"Acetylation (N-term)",,0 0 0 0 0 5 5 0 0 5,K(+42.01)AFGGKKVRL,sp|Q9HBG6|IF122_HUMAN:sp|Q9P215|POGK_HUMAN:sp|Q8NBS9|TXND5_HUMAN:sp|Q14993|COJA1_HUMAN:sp|Q7Z7G8|VP13B_HUMAN:sp|P10243|MYBA_HUMAN:sp|Q96HA7|TONSL_HUMAN:sp|Q4ZIN3|MBRL_HUMAN:sp|Q86TI0|TBCD1_HUMAN:sp|Q7L3T8|SYPM_HUMAN:sp|Q06547|GABP1_HUMAN:sp|O95749|GGPPS_HUMAN:sp|Q96MZ0|GD1L1_HUMAN:sp|Q14566|MCM6_HUMAN:sp|Q96NH3|BROMI_HUMAN:sp|Q4AC99|1A1L2_HUMAN:sp|Q6IQ32|ADNP2_HUMAN:sp|Q6PRD1|GP179_HUMAN:sp|Q7L8A9|VASH1_HUMAN:sp|Q96LP2|FA81B_HUMAN:sp|Q15007|FL2D_HUMAN:sp|Q8NI35|INADL_HUMAN:sp|Q14004|CDK13_HUMAN:sp|Q99558|M3K14_HUMAN:sp|Q96T51|RUFY1_HUMAN:sp|O60568|PLOD3_HUMAN:sp|Q96ME1|FXL18_HUMAN:sp|O00255|MEN1_HUMAN:sp|P48058|GRIA4_HUMAN:sp|O95452|CXB6_HUMAN:sp|P49862|KLK7_HUMAN:sp|P0DJD0|RGPD1_HUMAN:sp|O00445|SYT5_HUMAN:sp|Q8TB36|GDAP1_HUMAN:sp|Q9Y2T3|GUAD_HUMAN:sp|Q96RY5|CRML_HUMAN:sp|Q86SX3|TEDC1_HUMAN:sp|Q9BQI5|SGIP1_HUMAN:sp|Q99707|METH_HUMAN:sp|O15382|BCAT2_HUMAN:sp|Q15111|PLCL1_HUMAN:sp|Q9P0N8|MARH2_HUMAN:sp|A6NDA9|LRIT2_HUMAN:sp|Q9H4I3|TRABD_HUMAN:sp|Q9H0A9|SPC1L_HUMAN:sp|Q96SB8|SMC6_HUMAN:sp|Q9Y493|ZAN_HUMAN:sp|Q9BYW2|SETD2_HUMAN:sp|Q99666|RGPD5_HUMAN:sp|Q2WGJ6|KLH38_HUMAN:sp|P13796|PLSL_HUMAN:sp|O15013|ARHGA_HUMAN:sp|Q9BZL1|UBL5_HUMAN:sp|Q9P253|VPS18_HUMAN:sp|Q8N511|TM199_HUMAN:sp|O43865|SAHH2_HUMAN:sp|Q02809|PLOD1_HUMAN:sp|Q8TE77|SSH3_HUMAN:sp|Q9NS00|C1GLT_HUMAN:sp|P33176|KINH_HUMAN:sp|Q8WY22|BRI3B_HUMAN:sp|Q5TG53|SEAS1_HUMAN:sp|Q5T655|CFA58_HUMAN:sp|Q15019|SEPT2_HUMAN:sp|P17787|ACHB2_HUMAN:sp|Q5T0J3|CA220_HUMAN:sp|Q96RP9|EFGM_HUMAN:sp|Q8WW22|DNJA4_HUMAN:sp|O14715|RGPD8_HUMAN:sp|P29973|CNGA1_HUMAN:sp|Q16280|CNGA2_HUMAN:sp|A0PJW6|TM223_HUMAN:sp|Q16281|CNGA3_HUMAN:sp|Q6GPH4|XAF1_HUMAN:sp|P80217|IN35_HUMAN:sp|Q16186|ADRM1_HUMAN:sp|P43351|RAD52_HUMAN:sp|P29033|CXB2_HUMAN:sp|Q8NFA0|UBP32_HUMAN:sp|Q3ZCT8|KBTBC_HUMAN:sp|Q8IWW6|RHG12_HUMAN:sp|Q8N612|FHI1B_HUMAN:sp|Q9BXB7|SPT16_HUMAN:sp|Q70CQ2|UBP34_HUMAN:sp|Q9H0W5|CCDC8_HUMAN:sp|Q13423|NNTM_HUMAN:sp|P0DJD1|RGPD2_HUMAN:sp|B5MCN3|S14L6_HUMAN:sp|P48506|GSH1_HUMAN:sp|P49591|SYSC_HUMAN:sp|O94842|TOX4_HUMAN:sp|Q9NSA2|KCND1_HUMAN:sp|Q92614|MY18A_HUMAN:sp|P46531|NOTC1_HUMAN:sp|Q8TE76|MORC4_HUMAN:MNS1_DEL_TT-p.K202Afs*5_::chr15:56444025-56445026_frame=1:sp|P35658|NU214_HUMAN:sp|Q15772|SPEG_HUMAN:sp|Q8TD19|NEK9_HUMAN:sp|Q96HJ3|CCD34_HUMAN:sp|Q16739|CEGT_HUMAN:sp|Q92522|H1X_HUMAN:sp|Q12802|AKP13_HUMAN:sp|Q6DD88|ATLA3_HUMAN:sp|Q7Z3J3|RGPD4_HUMAN:sp|Q4G0P3|HYDIN_HUMAN:sp|Q9NRN9|METL5_HUMAN:sp|Q9NYV4|CDK12_HUMAN:sp|Q13459|MYO9B_HUMAN:sp|P49792|RBP2_HUMAN:sp|P25054|APC_HUMAN:sp|Q96HN2|SAHH3_HUMAN:sp|O00469|PLOD2_HUMAN:sp|Q9BVT8|TMUB1_HUMAN:sp|O75063|XYLK_HUMAN:sp|Q8N1G0|ZN687_HUMAN:sp|Q8WXF1|PSPC1_HUMAN,DeepNovo
K(+42.01)AGAATTVKGGKN(+0.98)FKRL,92.07,1789.0210,17,52.9,17,0.5,448.26276,4,32.1524,6.6524,0.15,12198,HFX193_IPP292_GEL_CRC_324_Odd.raw,5.04E6,3.37E7,2,2,2,2,"Acetylation (N-term);Deamidation (NQ)",,0 0 0 0 18 13 8 8 13 0 0 6 12 5 1 1 5,K(+42.01)AGAATTVKGGKN(+0.98)FKRL,sp|Q9BVQ7|SPA5L_HUMAN:sp|P49418|AMPH_HUMAN:sp|Q9ULM3|YETS2_HUMAN:sp|A6NF01|P121B_HUMAN:sp|Q8NBP0|TTC13_HUMAN:sp|Q16270|IBP7_HUMAN:sp|Q8IXK0|PHC2_HUMAN:sp|P04275|VWF_HUMAN:sp|P0CJ90|DU4L7_HUMAN:sp|Q9UGU5|HMGX4_HUMAN:sp|Q01518|CAP1_HUMAN:sp|Q96C03|MID49_HUMAN:sp|Q9GZU5|NYX_HUMAN:sp|Q99798|ACON_HUMAN:sp|P35268|RL22_HUMAN:sp|P16401|H15_HUMAN:sp|Q9BXP8|PAPP2_HUMAN:sp|Q09666|AHNK_HUMAN:sp|O75593|FOXH1_HUMAN:sp|Q12766|HMGX3_HUMAN:sp|Q9NQ79|CRAC1_HUMAN:sp|P10412|H14_HUMAN:sp|P48201|AT5G3_HUMAN:sp|P49642|PRI1_HUMAN:sp|Q9BQ39|DDX50_HUMAN:sp|Q99523|SORT_HUMAN:sp|Q7LFL8|CXXC5_HUMAN:sp|P05496|AT5G1_HUMAN:sp|Q96T88|UHRF1_HUMAN:sp|Q9NRD9|DUOX1_HUMAN:sp|O15127|SCAM2_HUMAN:sp|Q9UM73|ALK_HUMAN:sp|Q8WUE5|CT55_HUMAN:sp|Q9HCE7|SMUF1_HUMAN:sp|P32242|OTX1_HUMAN:sp|P51841|GUC2F_HUMAN:sp|O43187|IRAK2_HUMAN:sp|P98175|RBM10_HUMAN:sp|Q2NL68|PRSR3_HUMAN:sp|Q16515|ASIC2_HUMAN:sp|Q9BZH6|WDR11_HUMAN:sp|P78312|F193A_HUMAN:sp|Q52LW3|RHG29_HUMAN:sp|Q96AC6|KIFC2_HUMAN:sp|Q06055|AT5G2_HUMAN:sp|Q8IUD2|RB6I2_HUMAN:sp|P0C7V8|DC8L2_HUMAN:sp|P47813|IF1AX_HUMAN:sp|Q9Y6F7|CDY2_HUMAN:sp|P06576|ATPB_HUMAN:sp|P25940|CO5A3_HUMAN:sp|Q9BXR0|TGT_HUMAN:sp|Q96S42|NODAL_HUMAN:sp|A0A2R8YCJ5|SIM41_HUMAN:sp|P26022|PTX3_HUMAN:sp|Q5H9M0|PWP3B_HUMAN:sp|Q9UMZ2|SYNRG_HUMAN:sp|Q9Y2J2|E41L3_HUMAN:sp|Q14444|CAPR1_HUMAN:sp|Q6ZN28|MACC1_HUMAN:sp|P08579|RU2B_HUMAN:sp|P09104|ENOG_HUMAN:sp|P16402|H13_HUMAN:sp|P04075|ALDOA_HUMAN:sp|P53671|LIMK2_HUMAN:sp|Q9NWH2|TM242_HUMAN:sp|P11831|SRF_HUMAN:sp|Q9Y6F8|CDY1_HUMAN:sp|P13929|ENOB_HUMAN:sp|Q6UXF1|TM108_HUMAN:sp|O43491|E41L2_HUMAN:sp|P21579|SYT1_HUMAN:sp|Q8TEK3|DOT1L_HUMAN:sp|Q9UHN6|CEIP2_HUMAN:sp|Q6P4A8|PLBL1_HUMAN:sp|Q86UP3|ZFHX4_HUMAN:sp|Q5JV73|FRPD3_HUMAN:sp|A0A494C103|SPADH_HUMAN:sp|Q13625|ASPP2_HUMAN:sp|Q8WZ42|TITIN_HUMAN:sp|P41250|GARS_HUMAN:sp|Q8N423|LIRB2_HUMAN:sp|Q9UKL0|RCOR1_HUMAN:sp|Q9BTC0|DIDO1_HUMAN:sp|O43548|TGM5_HUMAN:sp|Q14624|ITIH4_HUMAN:sp|Q06945|SOX4_HUMAN:sp|Q9H4G0|E41L1_HUMAN:sp|Q7Z442|PK1L2_HUMAN:sp|Q3T8J9|GON4L_HUMAN:sp|Q9ULE3|DEN2A_HUMAN:sp|O43506|ADA20_HUMAN:sp|Q86W56|PARG_HUMAN:sp|Q9C0C2|TB182_HUMAN:sp|P98160|PGBM_HUMAN:sp|Q8IYT1|GAR4_HUMAN:sp|Q9NPG4|PCD12_HUMAN:sp|P08047|SP1_HUMAN:sp|O43435|TBX1_HUMAN:sp|Q14289|FAK2_HUMAN:sp|Q08188|TGM3_HUMAN:sp|O14544|SOCS6_HUMAN:sp|Q15126|PMVK_HUMAN:sp|P61978|HNRPK_HUMAN:RPL22_DEL_T-p.K15Rfs*5_::chr1:6197225-6198225_frame=-2:sp|P0CJ88|DU4L5_HUMAN:sp|P50221|MEOX1_HUMAN:sp|Q14571|ITPR2_HUMAN:sp|O15117|FYB1_HUMAN:sp|Q9BYK8|HELZ2_HUMAN:sp|P0CJ85|DU4L2_HUMAN:sp|Q6T423|S22AP_HUMAN:sp|Q9HCG7|GBA2_HUMAN:sp|Q9H0E3|SP130_HUMAN:sp|Q9H6K5|PRR36_HUMAN:sp|Q6ISU1|PTCRA_HUMAN:sp|Q13228|SBP1_HUMAN:sp|Q96IK1|BOD1_HUMAN:sp|Q6ZR85|CQ107_HUMAN:sp|Q6ZVN7|SEML_HUMAN,DeepNovo
K(+42.01)AHKKVLTRAGL,54.63,1362.8459,12,75.0,12,0.6,455.28952,3,31.8490,8.1490,0.49,12074,HFX193_IPP292_GEL_CRC_324_Odd.raw,2.25E6,1.56E7,1,1,1,1,"Acetylation (N-term)",,5 1 37 37 53 56 2 0 0 12 20 5,K(+42.01)AHKKVLTRAGL,sp|O75533|SF3B1_HUMAN:sp|P24043|LAMA2_HUMAN:sp|Q8NFP9|NBEA_HUMAN:sp|Q9H3P7|GCP60_HUMAN:sp|P48637|GSHB_HUMAN:sp|Q8IWG1|DNAI3_HUMAN:sp|Q9HCU5|PREB_HUMAN:sp|Q96HA7|TONSL_HUMAN:sp|Q86T65|DAAM2_HUMAN:sp|Q5T5Y3|CAMP1_HUMAN:sp|A6NGG8|PCARE_HUMAN:sp|P24046|GBRR1_HUMAN:sp|Q9BX63|FANCJ_HUMAN:sp|Q5MCW4|ZN569_HUMAN:sp|O95260|ATE1_HUMAN:sp|Q8NGT7|O2A12_HUMAN:sp|Q9UKY0|PRND_HUMAN:sp|Q70Z53|F10C1_HUMAN:sp|Q8N957|ANKF1_HUMAN:sp|Q8N103|TAGAP_HUMAN:sp|A6NJ78|MET15_HUMAN:sp|O75335|LIPA4_HUMAN:sp|Q9UJG1|MSPD1_HUMAN:sp|A8K8P3|SFI1_HUMAN:sp|Q9Y4D1|DAAM1_HUMAN:sp|Q6MZT1|R7BP_HUMAN:sp|P56645|PER3_HUMAN:sp|Q8IZM8|ZN654_HUMAN:sp|Q70EL4|UBP43_HUMAN:sp|Q13769|THOC5_HUMAN:sp|Q5TCQ9|MAGI3_HUMAN:sp|Q9Y6B7|AP4B1_HUMAN:sp|P08686|CP21A_HUMAN:sp|Q9NYT6|ZN226_HUMAN:sp|Q16670|ZSC26_HUMAN:sp|Q96H20|SNF8_HUMAN:sp|Q8IWI9|MGAP_HUMAN:sp|Q14588|ZN234_HUMAN:sp|Q96M86|DNHD1_HUMAN:sp|Q68DH5|LMBD2_HUMAN:sp|Q96N67|DOCK7_HUMAN:sp|Q02224|CENPE_HUMAN:sp|O14939|PLD2_HUMAN:sp|Q14679|TTLL4_HUMAN:sp|Q9BXX2|AN30B_HUMAN:sp|Q8WU17|RN139_HUMAN:sp|P07864|LDHC_HUMAN:sp|Q6ZMR3|LDH6A_HUMAN:sp|Q9NXZ2|DDX43_HUMAN:sp|Q8IYE0|CC146_HUMAN:sp|Q702N8|XIRP1_HUMAN:sp|Q9NZ81|PRR13_HUMAN:sp|A6NNY8|UBP27_HUMAN:sp|Q9NWT6|HIF1N_HUMAN:sp|Q86U44|MTA70_HUMAN:sp|Q5JRM2|CX066_HUMAN:sp|Q2M1K9|ZN423_HUMAN:sp|Q14766|LTBP1_HUMAN:sp|A2A3K4|PTPC1_HUMAN:sp|Q03001|DYST_HUMAN,DeepNovo
K(+42.01)AKKAALLK,25.27,1011.6804,9,77.8,9,1.3,338.23453,3,29.3127,9.2127,0.59,11038,HFX193_IPP292_GEL_CRC_324_Even.raw,1.62E6,1.47E7,2,2,2,2,"Acetylation (N-term)",,0 0 5 11 11 9 9 12 5,K(+42.01)AKKAALLK,sp|Q9BWH6|RPAP1_HUMAN:sp|A0A0B4J1V0|HV315_HUMAN:sp|Q4V348|Z658B_HUMAN:sp|Q9BZQ8|NIBA1_HUMAN:sp|Q6PI77|GASP3_HUMAN:sp|P20929|NEBU_HUMAN:sp|Q9H208|O10A2_HUMAN:sp|Q7Z6B0|CCD91_HUMAN:sp|P11117|PPAL_HUMAN:sp|Q96L73|NSD1_HUMAN:sp|Q15032|R3HD1_HUMAN:sp|Q9H254|SPTN4_HUMAN:SAFB2_DEL_G-p.P945Rfs*49_::chr19:5586771-5587771_frame=-3:sp|Q9Y233|PDE10_HUMAN:sp|P16401|H15_HUMAN:sp|Q9P209|CEP72_HUMAN:sp|P38398|BRCA1_HUMAN:sp|P54652|HSP72_HUMAN:sp|Q9C093|SPEF2_HUMAN:sp|Q96JN8|NEUL4_HUMAN:sp|Q86WI3|NLRC5_HUMAN:sp|P08476|INHBA_HUMAN:sp|Q5TIA1|MEI1_HUMAN:sp|Q8TEL6|TP4AP_HUMAN:sp|Q9H0L4|CSTFT_HUMAN:sp|Q9BWQ6|YIPF2_HUMAN:sp|Q92541|RTF1_HUMAN:sp|Q8N3J3|HROB_HUMAN:sp|Q8TDS7|MRGRD_HUMAN:sp|Q53GS7|GLE1_HUMAN:sp|Q8NBJ4|GOLM1_HUMAN:sp|O75840|KLF7_HUMAN:sp|O43182|RHG06_HUMAN:sp|Q93008|USP9X_HUMAN:sp|P35498|SCN1A_HUMAN:sp|Q9UFD9|RIM3A_HUMAN:sp|Q8WXI9|P66B_HUMAN:sp|Q9UKF6|CPSF3_HUMAN:sp|O75970|MPDZ_HUMAN:sp|Q13009|TIAM1_HUMAN:sp|Q9Y2F5|ICE1_HUMAN:sp|Q687X5|STEA4_HUMAN:sp|Q8IVJ1|S41A1_HUMAN:sp|A6NMB9|FIGL2_HUMAN:sp|A7E2V4|ZSWM8_HUMAN:sp|P51531|SMCA2_HUMAN:sp|Q9Y4A0|JERKL_HUMAN:sp|Q9H4Z3|CAPAM_HUMAN:sp|Q96T58|MINT_HUMAN:sp|A8MW95|BECN2_HUMAN:sp|A6NIM6|S15A5_HUMAN:sp|Q05932|FOLC_HUMAN:sp|O94983|CMTA2_HUMAN:sp|Q9BQ95|ECSIT_HUMAN:sp|Q5VZ19|TDR10_HUMAN:sp|Q9NZM3|ITSN2_HUMAN:sp|Q6ZUA9|MROH5_HUMAN:sp|Q6JQN1|ACD10_HUMAN:sp|Q496Y0|LONF3_HUMAN:sp|Q16881|TRXR1_HUMAN:sp|A0A0C4DH35|HV335_HUMAN:sp|Q7L014|DDX46_HUMAN:sp|Q9Y2I6|NINL_HUMAN:sp|Q8TEQ8|PIGO_HUMAN:sp|Q8IYB4|PEX5R_HUMAN:sp|Q6ZTW0|TPGS1_HUMAN:sp|Q9UFG5|CS025_HUMAN:sp|O00401|WASL_HUMAN:sp|Q5T124|UBX11_HUMAN:sp|Q96JM4|LRIQ1_HUMAN:sp|P50914|RL14_HUMAN:sp|Q6V1P9|PCD23_HUMAN:sp|Q8TF05|PP4R1_HUMAN:sp|Q92974|ARHG2_HUMAN:sp|P02549|SPTA1_HUMAN:sp|Q8TDW4|ST7L_HUMAN:sp|P43362|MAGA9_HUMAN:sp|P35240|MERL_HUMAN:sp|Q7RTU9|STRC_HUMAN:sp|Q9NQG6|MID51_HUMAN:sp|O00410|IPO5_HUMAN:sp|O94759|TRPM2_HUMAN:sp|Q15075|EEA1_HUMAN:sp|Q9HBY0|NOX3_HUMAN:sp|Q96QD8|S38A2_HUMAN:sp|Q7Z406|MYH14_HUMAN:sp|Q9UHB9|SRP68_HUMAN:sp|Q9Y6Y1|CMTA1_HUMAN:sp|Q9Y613|FHOD1_HUMAN:sp|Q03519|TAP2_HUMAN:sp|A0A1B0GTU1|ZC11B_HUMAN:sp|Q8TCU6|PREX1_HUMAN:sp|Q9NRC1|ST7_HUMAN:sp|P07814|SYEP_HUMAN:sp|Q9Y2U2|KCNK7_HUMAN:sp|A8MT70|ZBBX_HUMAN:sp|Q99543|DNJC2_HUMAN:sp|Q92878|RAD50_HUMAN:sp|Q9HCE3|ZN532_HUMAN:sp|E5RQL4|FONG_HUMAN:sp|P32780|TF2H1_HUMAN:sp|Q13435|SF3B2_HUMAN:sp|Q9BPW4|APOL4_HUMAN:sp|Q96MA6|KAD8_HUMAN:sp|Q9BY44|EIF2A_HUMAN:sp|Q8NEM7|SP20H_HUMAN:sp|P01213|PDYN_HUMAN:sp|Q8IYW2|CFA46_HUMAN:sp|Q9BYD2|RM09_HUMAN:sp|Q9Y5U9|IR3IP_HUMAN:sp|Q8N6M0|OTU6B_HUMAN:sp|O75152|ZC11A_HUMAN:sp|Q9NR48|ASH1L_HUMAN:sp|Q6P1R4|DUS1L_HUMAN:sp|Q9BWS9|CHID1_HUMAN:sp|Q9BYK8|HELZ2_HUMAN:sp|Q96I25|SPF45_HUMAN:sp|Q96MT0|YJ006_HUMAN:sp|Q00978|IRF9_HUMAN:sp|P13611|CSPG2_HUMAN,DeepNovo
K(+42.01)ALEHDKVVRLKPTR,79.10,1831.0791,15,53.3,15,-0.7,367.22284,5,24.7326,3.4326,0.10,9181,HFX193_IPP292_GEL_CRC_324_Odd.raw,1.62E5,1.98E6,1,1,1,1,"Acetylation (N-term)",,1 0 0 6 0 0 34 32 6 0 0 17 3 2 2,K(+42.01)ALEHDKVVRLKPTR,sp|Q03188|CENPC_HUMAN:sp|Q8N283|ANR35_HUMAN:sp|Q6GV28|TM225_HUMAN:sp|Q96JB6|LOXL4_HUMAN:sp|Q8NBS9|TXND5_HUMAN:sp|Q76B58|BRNP3_HUMAN:sp|P46100|ATRX_HUMAN:sp|Q8NGB6|OR4M2_HUMAN:sp|Q96HA7|TONSL_HUMAN:sp|Q8NFF2|NCKX4_HUMAN:sp|Q8IUF8|RIOX2_HUMAN:sp|Q96FG2|ELMD3_HUMAN:sp|Q8NGD0|OR4M1_HUMAN:sp|Q5T3U5|MRP7_HUMAN:sp|Q9NSE4|SYIM_HUMAN:sp|Q9NQT6|FSCN3_HUMAN:sp|P15088|CBPA3_HUMAN:sp|Q9C004|SPY4_HUMAN:sp|Q86SK9|SCD5_HUMAN:sp|Q9UK73|FEM1B_HUMAN:sp|Q86Y26|NUTM1_HUMAN:sp|O75529|TAF5L_HUMAN:sp|Q14093|CYLC2_HUMAN:sp|P40429|RL13A_HUMAN:sp|P22681|CBL_HUMAN:sp|P13489|RINI_HUMAN:sp|Q8IY47|KBTB2_HUMAN:sp|P0C7M7|ACSM4_HUMAN:sp|P46934|NEDD4_HUMAN:sp|O75061|AUXI_HUMAN:sp|P08686|CP21A_HUMAN:sp|Q8NE31|FA13C_HUMAN:sp|O14526|FCHO1_HUMAN:sp|Q8N0W5|IQCK_HUMAN:sp|O95259|KCNH1_HUMAN:sp|P57729|RAB38_HUMAN:sp|Q92900|RENT1_HUMAN:sp|Q86TA4|YB049_HUMAN:sp|Q5M775|CYTSB_HUMAN:sp|Q9Y2B5|VP9D1_HUMAN:sp|Q8NI27|THOC2_HUMAN:sp|P42331|RHG25_HUMAN:sp|Q14181|DPOA2_HUMAN:sp|Q8N0Z2|ABRA_HUMAN:sp|O14896|IRF6_HUMAN:sp|Q5DID0|UROL1_HUMAN:sp|P04085|PDGFA_HUMAN:sp|O14786|NRP1_HUMAN:sp|Q14118|DAG1_HUMAN:sp|Q96Q40|CDK15_HUMAN:sp|Q13568|IRF5_HUMAN:sp|P51798|CLCN7_HUMAN:sp|Q9C0C9|UBE2O_HUMAN:sp|Q6NVV1|R13P3_HUMAN:sp|Q13191|CBLB_HUMAN:sp|O94923|GLCE_HUMAN:sp|O94921|CDK14_HUMAN:sp|Q9UJA2|CRLS1_HUMAN:sp|Q9P2R7|SUCB1_HUMAN:sp|O00512|BCL9_HUMAN:sp|Q15149|PLEC_HUMAN:sp|A8MZH6|OOSP1_HUMAN:sp|Q9NS87|KIF15_HUMAN:sp|O95985|TOP3B_HUMAN:sp|Q9BY07|S4A5_HUMAN:sp|Q9BUE6|ISCA1_HUMAN:sp|Q8NCM2|KCNH5_HUMAN:sp|Q5T0D9|TPRGL_HUMAN:sp|P0C869|PA24B_HUMAN:sp|A0A0X1KG70|ORM2B_HUMAN:sp|Q6PXP3|GTR7_HUMAN:sp|P38570|ITAE_HUMAN:sp|Q96FS4|SIPA1_HUMAN:sp|Q587J8|KHDC3_HUMAN:sp|Q96N64|PWP2A_HUMAN:sp|Q6X784|ZPBP2_HUMAN:sp|Q9BTC0|DIDO1_HUMAN:sp|P24723|KPCL_HUMAN:sp|O00754|MA2B1_HUMAN:sp|Q96HJ5|MS4A3_HUMAN:sp|O75936|BODG_HUMAN:sp|Q15198|PGFRL_HUMAN:sp|Q8N612|FHI1B_HUMAN:sp|Q9BRH9|ZN251_HUMAN:sp|Q7Z3G6|PRIC2_HUMAN:sp|Q6ZMR5|TM11A_HUMAN:sp|Q92896|GSLG1_HUMAN:sp|Q09013|DMPK_HUMAN:sp|Q9H0Q0|CYRIA_HUMAN:sp|Q6PIJ6|FBX38_HUMAN:sp|Q969V5|MUL1_HUMAN:sp|P20701|ITAL_HUMAN:sp|Q96M02|CJ090_HUMAN:sp|P52948|NUP98_HUMAN:sp|Q96CV9|OPTN_HUMAN:sp|Q14393|GAS6_HUMAN:sp|Q92608|DOCK2_HUMAN:sp|Q8N4F0|BPIB2_HUMAN:sp|Q8N680|ZBTB2_HUMAN:sp|O14920|IKKB_HUMAN:sp|Q86VR2|RETR3_HUMAN:sp|Q9Y6V0|PCLO_HUMAN:sp|O15160|RPAC1_HUMAN:sp|Q32NC0|CR021_HUMAN:sp|A3KMH1|VWA8_HUMAN:sp|Q7Z5N4|SDK1_HUMAN:sp|Q9NQC1|JADE2_HUMAN:sp|Q6UWJ1|TMCO3_HUMAN:sp|Q8IUM7|NPAS4_HUMAN,DeepNovo
K(+42.01)APGTAYL,38.92,861.4596,8,75.0,8,2.0,862.46863,1,63.8725,-1.1275,0.91,24935,HFX193_IPP292_GEL_CRC_324_Even.raw,6.15E4,7.48E5,1,1,1,1,"Acetylation (N-term)",,5 15 1 1 2 5 7 5,K(+42.01)APGTAYL,,DeepNovo
K(+42.01)APLEVRV,45.16,952.5706,8,75.0,8,-1.5,477.29181,2,58.4656,-11.6344,0.81,22769,HFX193_IPP292_GEL_CRC_324_Even.raw,2.55E5,2.81E6,1,1,1,1,"Acetylation (N-term)",,5 13 27 25 12 2 1 1,K(+42.01)APLEVRV,sp|Q96BY7|ATG2B_HUMAN:sp|O75369|FLNB_HUMAN:sp|Q96T49|PP16B_HUMAN:sp|O95968|SG1D1_HUMAN:sp|Q6UVK1|CSPG4_HUMAN:sp|Q96P66|GP101_HUMAN:sp|Q01484|ANK2_HUMAN:sp|P42765|THIM_HUMAN:sp|O75541|ZN821_HUMAN:sp|Q6DN72|FCRL6_HUMAN:sp|P56696|KCNQ4_HUMAN:sp|Q13487|SNPC2_HUMAN:sp|P42229|STA5A_HUMAN:sp|A1L162|ERIC2_HUMAN:sp|O95260|ATE1_HUMAN:sp|B0I1T2|MYO1G_HUMAN:sp|Q8IWT3|CUL9_HUMAN:sp|Q9P2J9|PDP2_HUMAN:sp|Q8WW22|DNJA4_HUMAN:sp|Q8NE28|STKL1_HUMAN:sp|O94903|PLPHP_HUMAN:sp|O00391|QSOX1_HUMAN:sp|Q14896|MYPC3_HUMAN:sp|O95522|PRA12_HUMAN:sp|Q63HK3|ZKSC2_HUMAN:sp|O15226|NKRF_HUMAN:sp|Q16512|PKN1_HUMAN:sp|Q9P2N4|ATS9_HUMAN:sp|Q6PL18|ATAD2_HUMAN:sp|Q02127|PYRD_HUMAN:sp|Q8IWK6|AGRA3_HUMAN:sp|Q6IQ23|PKHA7_HUMAN:sp|Q14966|ZN638_HUMAN:sp|O75962|TRIO_HUMAN:sp|Q9NYQ8|FAT2_HUMAN:sp|Q96A65|EXOC4_HUMAN:sp|Q9NYN1|RASLC_HUMAN:sp|Q14160|SCRIB_HUMAN:sp|Q8TCU6|PREX1_HUMAN:sp|A8MT70|ZBBX_HUMAN:sp|Q99460|PSMD1_HUMAN:sp|P51692|STA5B_HUMAN:sp|P14866|HNRPL_HUMAN:sp|Q8IZQ1|WDFY3_HUMAN:sp|Q14980|NUMA1_HUMAN:sp|Q8TCT0|CERK1_HUMAN:sp|P22303|ACES_HUMAN:sp|Q63HN8|RN213_HUMAN:sp|Q6P1X5|TAF2_HUMAN:sp|Q52MB2|CC184_HUMAN:sp|Q7Z736|PKHH3_HUMAN:sp|Q9Y2E4|DIP2C_HUMAN:sp|Q8IY22|CMIP_HUMAN:sp|Q13349|ITAD_HUMAN:sp|Q5VST9|OBSCN_HUMAN:sp|O00178|GTPB1_HUMAN:sp|Q9NYL5|CP39A_HUMAN:sp|Q14324|MYPC2_HUMAN:sp|Q5H9T9|FSCB_HUMAN:sp|Q8IVD9|NUDC3_HUMAN:sp|Q9C0I9|LRC27_HUMAN:sp|Q7Z2Z2|EFL1_HUMAN:sp|Q86XX4|FRAS1_HUMAN:sp|Q9UBH6|XPR1_HUMAN:sp|Q5T686|AVPI1_HUMAN:sp|Q99748|NRTN_HUMAN:sp|Q8IYT2|CMTR2_HUMAN,DeepNovo
K(+42.01)ARTHSLL,31.00,966.5610,8,75.0,8,1.9,484.28873,2,34.6846,5.2846,0.33,13215,HFX193_IPP292_GEL_CRC_324_Odd.raw,7.64E6,5E7,2,2,2,2,"Acetylation (N-term)",,0 0 3 3 3 42 35 5,K(+42.01)ARTHSLL,sp|P17032|ZN37A_HUMAN:sp|Q8IVL1|NAV2_HUMAN:sp|P33151|CADH5_HUMAN:sp|P48553|TPC10_HUMAN:sp|Q7Z7H8|RM10_HUMAN:sp|O95490|AGRL2_HUMAN:sp|Q08116|RGS1_HUMAN:sp|O75581|LRP6_HUMAN:sp|Q9H0U9|TSYL1_HUMAN:sp|Q5PRF9|SMAG2_HUMAN:sp|O43497|CAC1G_HUMAN:sp|Q12879|NMDE1_HUMAN:sp|Q95460|HMR1_HUMAN:sp|O94851|MICA2_HUMAN:sp|O43313|ATMIN_HUMAN:sp|Q13576|IQGA2_HUMAN:sp|Q9NVX7|KBTB4_HUMAN:sp|Q9H0C1|ZMY12_HUMAN:sp|Q7Z5J4|RAI1_HUMAN:sp|Q9Y4A5|TRRAP_HUMAN:sp|O43933|PEX1_HUMAN:sp|A6NHA9|O4C46_HUMAN:sp|Q01813|PFKAP_HUMAN:sp|P03901|NU4LM_HUMAN:sp|P45985|MP2K4_HUMAN:sp|Q9UPR6|ZFR2_HUMAN:sp|Q9UJX4|APC5_HUMAN:sp|Q70HW3|SAMC_HUMAN:sp|Q9P206|K1522_HUMAN:sp|Q86WI3|NLRC5_HUMAN:sp|Q9N2K0|ENH1_HUMAN:sp|Q674X7|KAZRN_HUMAN:sp|P60509|ERB1_HUMAN:sp|Q8TBG4|AT2L1_HUMAN:sp|Q8TF39|ZN483_HUMAN:sp|Q13489|BIRC3_HUMAN:sp|Q9H8K7|PAAT_HUMAN:sp|Q5MNZ9|WIPI1_HUMAN:sp|Q9NR09|BIRC6_HUMAN:sp|Q9UKJ3|GPTC8_HUMAN:sp|P34096|RNAS4_HUMAN:sp|P03905|NU4M_HUMAN:sp|Q8IWU2|LMTK2_HUMAN,DeepNovo
K(+42.01)ARTKPLGA,36.25,982.5923,9,33.3,9,0.7,328.53830,3,29.4148,10.1148,0.06,11011,HFX193_IPP292_GEL_CRC_324_Even.raw,2.67E7,1.17E8,1,1,1,1,"Acetylation (N-term)",,0 0 1 1 0 0 12 2 2,K(+42.01)ARTKPLGA,,DeepNovo
K(+42.01)ARTPKLAG,32.27,982.5923,9,33.3,9,2.0,492.30441,2,29.5310,10.4310,0.39,11112,HFX193_IPP292_GEL_CRC_324_Odd.raw,3.38E6,1.61E7,1,1,1,1,"Acetylation (N-term)",,0 0 4 6 0 1 49 0 0,K(+42.01)ARTPKLAG,sp|Q92771|DDX12_HUMAN:sp|O15031|PLXB2_HUMAN:sp|Q92834|RPGR_HUMAN:sp|Q6UWM5|GPRL1_HUMAN:sp|O43426|SYNJ1_HUMAN:sp|P18075|BMP7_HUMAN:sp|Q969S8|HDA10_HUMAN:sp|Q5JPE7|NOMO2_HUMAN:sp|P51817|PRKX_HUMAN:sp|P00338|LDHA_HUMAN:sp|Q14236|EPAG_HUMAN:sp|O43174|CP26A_HUMAN:sp|O75157|T22D2_HUMAN:sp|Q5VU36|S31A5_HUMAN:sp|P52657|T2AG_HUMAN:sp|O60826|CCD22_HUMAN:sp|Q5TZJ5|S31A1_HUMAN:sp|P49281|NRAM2_HUMAN:sp|Q6PKG0|LARP1_HUMAN:sp|Q7Z6P3|RAB44_HUMAN:sp|Q5VYP0|S31A3_HUMAN:sp|Q8IV38|ANKY2_HUMAN:sp|Q15697|ZN174_HUMAN:sp|Q96FC9|DDX11_HUMAN:sp|Q8NFA0|UBP32_HUMAN:sp|Q96DY7|MTBP_HUMAN:sp|P22830|HEMH_HUMAN:sp|A0A1B0GV85|RELD1_HUMAN:sp|O43187|IRAK2_HUMAN:sp|Q9NWU2|GID8_HUMAN:sp|Q9HCI7|MSL2_HUMAN:sp|O15547|P2RX6_HUMAN:sp|Q9BT25|HAUS8_HUMAN:sp|Q9NYA4|MTMR4_HUMAN:sp|Q6NUS6|TECT3_HUMAN:sp|O43156|TTI1_HUMAN:sp|Q5VVP1|S31A6_HUMAN:sp|Q9H8Y1|VRTN_HUMAN:sp|Q96L96|ALPK3_HUMAN:sp|Q8NDA2|HMCN2_HUMAN:sp|Q14289|FAK2_HUMAN:sp|P09466|PAEP_HUMAN:sp|Q8IV33|K0825_HUMAN:sp|Q96GG9|DCNL1_HUMAN:sp|Q9Y5F6|PCDGM_HUMAN:sp|Q86YC2|PALB2_HUMAN:sp|Q9NRJ4|TULP4_HUMAN:sp|Q6P9A3|ZN549_HUMAN:sp|Q8NB78|KDM1B_HUMAN:sp|P33241|LSP1_HUMAN:sp|Q9UKN7|MYO15_HUMAN:sp|Q9HA90|EFCC1_HUMAN:sp|P16070|CD44_HUMAN:sp|Q13615|MTMR3_HUMAN:sp|Q8IWB4|S31A7_HUMAN:sp|Q15155|NOMO1_HUMAN:sp|Q9UG56|PISD_HUMAN:sp|P11678|PERE_HUMAN:sp|A8MTJ3|GNAT3_HUMAN:sp|Q9H1E1|RNAS7_HUMAN:sp|D6RIA3|CD054_HUMAN:sp|A8MPP1|D11L8_HUMAN:sp|B4DYI2|S31C2_HUMAN:sp|Q7L4I2|RSRC2_HUMAN:sp|P29279|CCN2_HUMAN:sp|P69849|NOMO3_HUMAN:sp|Q7Z6Z7|HUWE1_HUMAN:sp|P0DKV0|S31C1_HUMAN:sp|Q3SXM5|HSDL1_HUMAN:sp|Q9UJX3|APC7_HUMAN:sp|Q6UY09|CEA20_HUMAN:sp|O15244|S22A2_HUMAN:sp|P61769|B2MG_HUMAN:sp|O75886|STAM2_HUMAN:sp|O15399|NMDE4_HUMAN:sp|Q86TY3|ARMD4_HUMAN:sp|O95389|CCN6_HUMAN,DeepNovo
K(+42.01)ARTPKLGA,40.32,982.5923,9,55.6,9,2.0,492.30441,2,29.5310,7.4310,0.39,11182,HFX193_IPP292_GEL_CRC_324_Odd.raw,2.68E7,1.17E8,3,3,3,3,"Acetylation (N-term)",,5 5 5 6 1 1 56 0 0,K(+42.01)ARTPKLGA,DOCK3_DEL_C-p.P1852Qfs*45_::chr3:51379673-51380673_frame=-2:sp|O00587|MFNG_HUMAN:sp|O15031|PLXB2_HUMAN:sp|P35241|RADI_HUMAN:sp|P15311|EZRI_HUMAN:sp|Q92834|RPGR_HUMAN:sp|Q9Y5V3|MAGD1_HUMAN:sp|Q6UWM5|GPRL1_HUMAN:sp|P53805|RCAN1_HUMAN:sp|Q8NH81|O10G6_HUMAN:sp|P78415|IRX3_HUMAN:sp|Q8NEZ4|KMT2C_HUMAN:sp|A6NJZ7|RIM3C_HUMAN:sp|P00338|LDHA_HUMAN:sp|A6NNM3|RIM3B_HUMAN:sp|Q5VU36|S31A5_HUMAN:sp|O60826|CCD22_HUMAN:sp|Q5TZJ5|S31A1_HUMAN:sp|Q9HCD6|TANC2_HUMAN:sp|P49281|NRAM2_HUMAN:sp|Q6PKG0|LARP1_HUMAN:sp|Q5VYP0|S31A3_HUMAN:sp|Q674X7|KAZRN_HUMAN:sp|Q9BPU9|B9D2_HUMAN:sp|Q8NI35|INADL_HUMAN:sp|A2RU67|F234B_HUMAN:sp|P54317|LIPR2_HUMAN:sp|P78344|IF4G2_HUMAN:sp|P00414|COX3_HUMAN:sp|Q92959|SO2A1_HUMAN:sp|Q8NFA0|UBP32_HUMAN:sp|Q9BQE5|APOL2_HUMAN:sp|Q8NHV9|RHXF1_HUMAN:sp|Q96QH2|PRAM_HUMAN:sp|P22830|HEMH_HUMAN:sp|O14931|NCTR3_HUMAN:sp|A0A1B0GV85|RELD1_HUMAN:sp|Q99743|NPAS2_HUMAN:sp|P51617|IRAK1_HUMAN:sp|P78364|PHC1_HUMAN:sp|Q9NYA4|MTMR4_HUMAN:sp|Q6NUS6|TECT3_HUMAN:sp|Q9Y467|SALL2_HUMAN:sp|Q7Z3B3|KANL1_HUMAN:sp|Q9UFD9|RIM3A_HUMAN:sp|Q5VVP1|S31A6_HUMAN:sp|Q96L96|ALPK3_HUMAN:sp|Q14289|FAK2_HUMAN:sp|Q8IV33|K0825_HUMAN:sp|Q9H422|HIPK3_HUMAN:sp|P13797|PLST_HUMAN:sp|Q9UK61|TASOR_HUMAN:sp|Q7L590|MCM10_HUMAN:sp|Q6P9A3|ZN549_HUMAN:sp|Q12816|TROP_HUMAN:sp|P33241|LSP1_HUMAN:sp|Q9UKN7|MYO15_HUMAN:sp|P16070|CD44_HUMAN:sp|Q13615|MTMR3_HUMAN:sp|Q8IWB4|S31A7_HUMAN:sp|Q6UXX5|ITIH6_HUMAN:sp|O00567|NOP56_HUMAN:sp|Q8TD26|CHD6_HUMAN:sp|P26038|MOES_HUMAN:sp|B4DYI2|S31C2_HUMAN:sp|P29279|CCN2_HUMAN:sp|Q7Z6Z7|HUWE1_HUMAN:sp|P0DKV0|S31C1_HUMAN:sp|O96009|NAPSA_HUMAN:sp|Q96MC4|C295L_HUMAN:sp|Q9UJX3|APC7_HUMAN:sp|Q6UY09|CEA20_HUMAN:sp|O15244|S22A2_HUMAN:sp|P61769|B2MG_HUMAN:sp|O96006|ZBED1_HUMAN:sp|Q86TY3|ARMD4_HUMAN,DeepNovo
K(+42.01)ASETLAGSL,39.88,1017.5342,10,60.0,10,-1.4,1018.54004,1,67.3885,-1.2115,0.54,26372,HFX193_IPP292_GEL_CRC_324_Even.raw,3.07E5,2.65E6,1,1,1,1,"Acetylation (N-term)",,0 0 7 12 12 28 0 0 14 5,K(+42.01)ASETLAGSL,,DeepNovo
K(+42.01)ATVVKKAERPL,55.82,1380.8452,12,75.0,12,2.3,691.43152,2,27.7793,5.3793,0.12,10411,HFX193_IPP292_GEL_CRC_324_Even.raw,6.21E6,4.46E7,3,3,3,3,"Acetylation (N-term)",,0 0 0 3 3 3 2 2 2 3 6 5,K(+42.01)ATVVKKAERPL,sp|Q8N815|CNTD1_HUMAN:sp|P15311|EZRI_HUMAN:sp|Q9UPV0|CE164_HUMAN:sp|P24386|RAE1_HUMAN:sp|P03999|OPSB_HUMAN:sp|Q8NCP5|ZBT44_HUMAN:sp|O00471|EXOC5_HUMAN:sp|Q6ZRQ5|MMS22_HUMAN:sp|Q9NRB3|CHSTC_HUMAN:sp|Q5T3F8|CSCL2_HUMAN:sp|P57723|PCBP4_HUMAN:sp|Q7Z7G2|CPLX4_HUMAN:sp|Q8ND61|CC020_HUMAN:sp|Q12996|CSTF3_HUMAN:sp|Q6F5E8|CARL2_HUMAN:sp|O94766|B3GA3_HUMAN:sp|Q6ZP82|CC141_HUMAN:sp|Q9P218|COKA1_HUMAN:sp|P0DPF3|NBPF9_HUMAN:sp|Q96ME1|FXL18_HUMAN:sp|Q6ZT12|UBR3_HUMAN:sp|Q07092|COGA1_HUMAN:sp|Q5TZA2|CROCC_HUMAN:sp|Q53GS7|GLE1_HUMAN:sp|O15021|MAST4_HUMAN:sp|O43182|RHG06_HUMAN:sp|Q96MK2|RIPR3_HUMAN:sp|Q8NGU4|OR2I1_HUMAN:sp|P78346|RPP30_HUMAN:sp|Q9BRJ6|CG050_HUMAN:sp|Q92797|SYMPK_HUMAN:sp|Q8N584|TT39C_HUMAN:sp|Q3BBV2|NBPF8_HUMAN:sp|Q6PF05|TT23L_HUMAN:sp|P15884|ITF2_HUMAN:sp|Q9NY15|STAB1_HUMAN:sp|Q8NDH2|CC168_HUMAN:sp|Q6ZU80|CE128_HUMAN:sp|Q9P2E9|RRBP1_HUMAN:sp|O75431|MTX2_HUMAN:sp|Q96HE8|TMM80_HUMAN:sp|Q96P20|NLRP3_HUMAN:sp|A8MQT2|GOG8B_HUMAN:sp|A6NCC3|GOG8O_HUMAN:sp|O60673|REV3L_HUMAN:sp|Q9UPZ6|THS7A_HUMAN:sp|A6NEE1|PLHD1_HUMAN:sp|I6L899|GOG8R_HUMAN:sp|Q92828|COR2A_HUMAN:sp|O14638|ENPP3_HUMAN:sp|Q9NTJ4|MA2C1_HUMAN:sp|Q9NUD5|ZCHC3_HUMAN:sp|A6NN73|GOG8C_HUMAN:sp|P13796|PLSL_HUMAN:sp|Q9BV36|MELPH_HUMAN:sp|Q9BUL5|PHF23_HUMAN:sp|O15049|N4BP3_HUMAN:sp|Q16626|MEA1_HUMAN:sp|O96020|CCNE2_HUMAN:sp|Q6P3W6|NBPFA_HUMAN:sp|Q86XA9|HTR5A_HUMAN:sp|Q3BBV0|NBPF1_HUMAN:sp|Q8IY37|DHX37_HUMAN:sp|P15923|TFE2_HUMAN:sp|O15031|PLXB2_HUMAN:sp|O94827|PKHG5_HUMAN:sp|Q9Y6N6|LAMC3_HUMAN:sp|H3BPF8|GOG8S_HUMAN:sp|Q8NFZ0|FBH1_HUMAN:sp|Q9H799|CPLN1_HUMAN:sp|H3BV12|GOG8Q_HUMAN:sp|O15040|TCPR2_HUMAN:sp|Q5TAG4|NBPFC_HUMAN:sp|P35716|SOX11_HUMAN:sp|Q96CS2|HAUS1_HUMAN:sp|Q8N6F7|GCSAM_HUMAN:sp|Q9H094|NBPF3_HUMAN:sp|Q7Z449|CP2U1_HUMAN:sp|Q96P48|ARAP1_HUMAN:sp|P04406|G3P_HUMAN:sp|O95926|SYF2_HUMAN:sp|Q9BYV8|CEP41_HUMAN:sp|Q96GX5|GWL_HUMAN:sp|F8WBI6|GOG8N_HUMAN:sp|P0C7P0|CISD3_HUMAN:sp|P35916|VGFR3_HUMAN:sp|Q6ZTR5|CFA47_HUMAN:sp|Q8IVE0|CROL2_HUMAN:sp|O75147|OBSL1_HUMAN:sp|P85037|FOXK1_HUMAN:sp|Q9H190|SDCB2_HUMAN:sp|O14746|TERT_HUMAN:sp|Q9UMN6|KMT2B_HUMAN:sp|Q6ZWE6|PKHM3_HUMAN:sp|Q5RHP9|ERIC3_HUMAN:sp|A6NKN8|PC4L1_HUMAN:sp|Q7L513|FCRLA_HUMAN:sp|Q9UPP1|PHF8_HUMAN:sp|Q9P2W7|B3GA1_HUMAN:sp|Q14204|DYHC1_HUMAN:sp|Q9UBZ9|REV1_HUMAN:sp|Q9BW85|YJU2_HUMAN:sp|Q86VD1|MORC1_HUMAN:sp|P32247|BRS3_HUMAN:sp|Q9UL51|HCN2_HUMAN:sp|Q86T75|NBPFB_HUMAN:sp|Q9NQT8|KI13B_HUMAN:sp|Q6P1M3|L2GL2_HUMAN:sp|P35749|MYH11_HUMAN:sp|Q9Y6X9|MORC2_HUMAN:sp|Q92968|PEX13_HUMAN:sp|Q5TDH0|DDI2_HUMAN:sp|Q9NRY6|PLS3_HUMAN:sp|Q9Y4P9|SPEF1_HUMAN:sp|P26374|RAE2_HUMAN:sp|Q8NE18|NSUN7_HUMAN:sp|Q13464|ROCK1_HUMAN:sp|Q9UJX3|APC7_HUMAN:sp|A6NCM1|IQCAL_HUMAN:sp|Q9GZR2|REXO4_HUMAN,DeepNovo
K(+42.01)AVKKSTFKV,23.07,1176.7230,10,40.0,10,4.5,393.25003,3,31.1680,7.9680,0.11,11814,HFX193_IPP292_GEL_CRC_324_Odd.raw,,,1,1,0,0,"Acetylation (N-term)",,0 0 4 1 1 0 0 2 2 5,K(+42.01)AVKKSTFKV,,DeepNovo
K(+42.01)AVLHRKL,30.72,1005.6447,8,75.0,8,1.0,336.22250,3,33.8578,12.1578,0.54,12906,HFX193_IPP292_GEL_CRC_324_Odd.raw,6.45E5,4.49E6,1,1,1,1,"Acetylation (N-term)",,0 0 16 34 8 2 2 3,K(+42.01)AVLHRKL,sp|Q9BQN1|FA83C_HUMAN:sp|P46939|UTRN_HUMAN:sp|Q15067|ACOX1_HUMAN:sp|P0C869|PA24B_HUMAN:sp|Q86UL8|MAGI2_HUMAN:sp|P57678|GEMI4_HUMAN:sp|Q9H668|STN1_HUMAN:sp|Q567U6|CCD93_HUMAN:sp|P43146|DCC_HUMAN:sp|Q86XN6|ZN761_HUMAN:sp|Q8N0Y5|OR8I2_HUMAN:sp|Q9H3E2|SNX25_HUMAN:sp|P54922|ADPRH_HUMAN:sp|Q96D21|RHES_HUMAN:sp|Q9UI25|YP002_HUMAN:sp|Q96CW5|GCP3_HUMAN:sp|A6NC98|CC88B_HUMAN:sp|Q5UE93|PI3R6_HUMAN:sp|Q96NE9|FRMD6_HUMAN:sp|Q96EN8|MOCOS_HUMAN:sp|Q69YG0|TMM42_HUMAN:sp|O95298|NDUC2_HUMAN:sp|Q6ZP82|CC141_HUMAN:sp|Q9H0L4|CSTFT_HUMAN:sp|A0AUZ9|KAL1L_HUMAN:sp|Q9NSY0|NRBP2_HUMAN:sp|A6NDN3|GOG6B_HUMAN:sp|Q9H9L4|KANL2_HUMAN:sp|Q8N5S9|KKCC1_HUMAN:sp|Q96M86|DNHD1_HUMAN:sp|Q6IQ23|PKHA7_HUMAN:sp|Q14596|NBR1_HUMAN:sp|Q9NX05|F120C_HUMAN:sp|Q96ST3|SIN3A_HUMAN:sp|Q5TCS8|KAD9_HUMAN:sp|Q86U38|NOP9_HUMAN:sp|Q96LT7|CI072_HUMAN:sp|Q8NGB2|OR4C5_HUMAN:sp|Q9NWS9|ZN446_HUMAN:TBC1D23_DEL_A-p.K649Nfs*18_::chr3:100320392-100321392_frame=2:sp|Q9UPW6|SATB2_HUMAN:sp|Q6T4R5|NHS_HUMAN:sp|Q13683|ITA7_HUMAN:sp|Q6ZN30|BNC2_HUMAN:sp|Q9HA65|TBC17_HUMAN:NDUFC2_DEL_AA-p.F69Cfs*9_::chr11:78072601-78073602_frame=-2:sp|E9PQ53|NDUCR_HUMAN:sp|Q14674|ESPL1_HUMAN:sp|Q96PC5|MIA2_HUMAN:sp|Q9H3U1|UN45A_HUMAN:sp|Q587I9|SFT2C_HUMAN:sp|Q9NVE4|CCD87_HUMAN:sp|Q9Y6F6|IRAG1_HUMAN:sp|Q96D53|COQ8B_HUMAN:sp|P78332|RBM6_HUMAN:sp|Q9Y4C4|MFHA1_HUMAN:sp|Q3SY00|T10IP_HUMAN:sp|Q9P0U3|SENP1_HUMAN:sp|Q13474|DRP2_HUMAN:sp|Q7Z2Z1|TICRR_HUMAN:sp|Q13098|CSN1_HUMAN:sp|Q6P589|TP8L2_HUMAN:sp|Q8IY18|SMC5_HUMAN,DeepNovo
K(+42.01)AVLHRLK,37.73,1005.6447,8,75.0,8,1.6,503.83044,2,33.8945,11.2945,0.50,12925,HFX193_IPP292_GEL_CRC_324_Odd.raw,,,1,1,0,0,"Acetylation (N-term)",,3 3 15 9 4 1 1 5,K(+42.01)AVLHRLK,sp|Q9UJW8|ZN180_HUMAN:sp|Q8IXI2|MIRO1_HUMAN:sp|Q99743|NPAS2_HUMAN:sp|P46939|UTRN_HUMAN:sp|Q8NDH2|CC168_HUMAN:sp|P16870|CBPE_HUMAN:sp|P05543|THBG_HUMAN:sp|Q8WZ74|CTTB2_HUMAN:sp|Q6T4R5|NHS_HUMAN:sp|Q86TW2|ADCK1_HUMAN:sp|O43402|EMC8_HUMAN:sp|Q5VV63|ATRN1_HUMAN:sp|Q14164|IKKE_HUMAN:sp|Q7RTR0|NLRP9_HUMAN:sp|O94855|SC24D_HUMAN:sp|Q8IXI1|MIRO2_HUMAN:sp|Q9H3U1|UN45A_HUMAN:sp|Q99715|COCA1_HUMAN:sp|A0JNW5|BLT3B_HUMAN:sp|Q9Y6F6|IRAG1_HUMAN:sp|Q969Z0|FAKD4_HUMAN:sp|A6NDN3|GOG6B_HUMAN:sp|Q02818|NUCB1_HUMAN:sp|Q13474|DRP2_HUMAN:sp|Q460N3|PAR15_HUMAN:sp|Q5JVX7|CA141_HUMAN:sp|Q6P589|TP8L2_HUMAN,DeepNovo
K(+42.01)AVPSRGL,39.76,868.5130,8,37.5,8,1.7,435.26453,2,45.5097,16.1097,0.52,17606,HFX193_IPP292_GEL_CRC_324_Odd.raw,1.33E6,7.01E6,1,1,1,1,"Acetylation (N-term)",,1 1 33 2 0 0 1 5,K(+42.01)AVPSRGL,,DeepNovo
K(+42.01)C(+119.00)C(+119.00)C(+119.00)GKAAKPK,33.93,1534.5892,11,54.5,11,-0.2,512.53693,3,20.8276,-0.9724,0.58,7630,HFX193_IPP292_GEL_CRC_324_Odd.raw,,,1,1,0,0,"Acetylation (N-term);Cysteinylation;Cysteinylation;Cysteinylation",,1 0 0 0 1 3 2 2 2 4 4,K(+42.01)C(+119.00)C(+119.00)C(+119.00)GKAAKPK,sp|Q99814|EPAS1_HUMAN:sp|Q6PI98|IN80C_HUMAN:sp|Q2M1P5|KIF7_HUMAN:sp|Q6ZVT6|CF20D_HUMAN:sp|H3BNL1|CC084_HUMAN:sp|Q96Q06|PLIN4_HUMAN:sp|P05455|LA_HUMAN:sp|Q99447|PCY2_HUMAN:sp|Q96HC4|PDLI5_HUMAN:sp|Q7LDG7|GRP2_HUMAN:sp|P16401|H15_HUMAN:sp|O43933|PEX1_HUMAN:sp|A6NGB0|T191C_HUMAN:sp|P08620|FGF4_HUMAN:sp|P35221|CTNA1_HUMAN:sp|Q96JN8|NEUL4_HUMAN:sp|Q8NBJ9|SIDT2_HUMAN:sp|Q8IWQ3|BRSK2_HUMAN:sp|P46821|MAP1B_HUMAN:sp|O94985|CSTN1_HUMAN:sp|P10412|H14_HUMAN:sp|P51532|SMCA4_HUMAN:sp|Q9P0M6|H2AW_HUMAN:sp|Q4LDE5|SVEP1_HUMAN:sp|P31937|3HIDH_HUMAN:sp|Q01538|MYT1_HUMAN:sp|Q6PL18|ATAD2_HUMAN:sp|Q9NQ32|CK016_HUMAN:sp|Q9UPA5|BSN_HUMAN:sp|Q9UM73|ALK_HUMAN:sp|Q5JNZ3|ZN311_HUMAN:sp|Q9NR12|PDLI7_HUMAN:sp|Q9ULT8|HECD1_HUMAN:sp|Q08345|DDR1_HUMAN:sp|Q1KMD3|HNRL2_HUMAN:sp|Q9HBB8|CDHR5_HUMAN:sp|Q9Y5A9|YTHD2_HUMAN:sp|Q8IZJ3|CPMD8_HUMAN:sp|P10323|ACRO_HUMAN:sp|Q02833|RASF7_HUMAN:sp|Q8IZ52|CHSS2_HUMAN:sp|Q8N5J2|MINY1_HUMAN:sp|Q5JR59|MTUS2_HUMAN:sp|Q5JTZ9|SYAM_HUMAN:sp|Q9UM63|PLAL1_HUMAN:sp|O75165|DJC13_HUMAN:sp|P07305|H10_HUMAN:sp|P12111|CO6A3_HUMAN:sp|Q9Y3Q4|HCN4_HUMAN:sp|P57071|PRD15_HUMAN:sp|P43235|CATK_HUMAN:sp|Q6QEF8|CORO6_HUMAN:sp|Q7RTP6|MICA3_HUMAN:sp|Q9BZ29|DOCK9_HUMAN:sp|P01275|GLUC_HUMAN:sp|Q71H61|ILDR2_HUMAN:sp|P16402|H13_HUMAN:sp|P59923|ZN445_HUMAN:sp|P56597|NDK5_HUMAN:sp|Q9NS39|RED2_HUMAN:sp|P0C854|CECR9_HUMAN:sp|P16403|H12_HUMAN:sp|Q9BSV6|SEN34_HUMAN:sp|P42285|MTREX_HUMAN:sp|Q5H9R4|ARMX4_HUMAN:sp|Q3B8N5|PROX2_HUMAN:sp|Q8N531|FBXL6_HUMAN:sp|P0C7N4|T191B_HUMAN:sp|Q9Y277|VDAC3_HUMAN:sp|Q8TEK3|DOT1L_HUMAN:sp|P21217|FUT3_HUMAN:sp|Q27J81|INF2_HUMAN:sp|Q96JE9|MAP6_HUMAN:sp|P35716|SOX11_HUMAN:sp|Q9BX73|TM2D2_HUMAN:sp|Q8WX93|PALLD_HUMAN:sp|Q8WZ42|TITIN_HUMAN:sp|Q8NFU0|BEST4_HUMAN:sp|O43194|GPR39_HUMAN:sp|O95613|PCNT_HUMAN:sp|Q14643|ITPR1_HUMAN:sp|Q9C0J1|B3GN4_HUMAN:sp|Q9BTC0|DIDO1_HUMAN:sp|Q01167|FOXK2_HUMAN:sp|O95631|NET1_HUMAN:sp|Q9HBR0|S38AA_HUMAN:sp|Q9NYZ3|GTSE1_HUMAN:sp|Q9BU61|NDUF3_HUMAN:sp|O15027|SC16A_HUMAN:sp|Q9UBL9|P2RX2_HUMAN:sp|P62324|BTG1_HUMAN:sp|Q9C0D5|TANC1_HUMAN:sp|O60469|DSCAM_HUMAN:sp|P56962|STX17_HUMAN:sp|Q9UQB8|BAIP2_HUMAN:sp|Q12899|TRI26_HUMAN:sp|Q6ZNJ1|NBEL2_HUMAN:sp|Q9Y3I1|FBX7_HUMAN:sp|Q6NUN7|JHY_HUMAN:sp|Q63HK5|TSH3_HUMAN:sp|Q14978|NOLC1_HUMAN:sp|O43699|SIGL6_HUMAN:sp|P56693|SOX10_HUMAN:sp|Q6ZVT0|TTL10_HUMAN:sp|P53992|SC24C_HUMAN:sp|P49190|PTH2R_HUMAN:sp|Q92522|H1X_HUMAN:sp|Q9NPB0|SMDC1_HUMAN:sp|Q9UGM3|DMBT1_HUMAN:sp|Q8N2M8|CLASR_HUMAN:sp|Q15270|NKX11_HUMAN:sp|Q86VI3|IQGA3_HUMAN:sp|Q9HA77|SYCM_HUMAN:sp|Q9C0I9|LRC27_HUMAN:sp|Q9BVT8|TMUB1_HUMAN:sp|P28358|HXD10_HUMAN:sp|Q7L2K0|TEDC2_HUMAN:sp|Q03164|KMT2A_HUMAN:sp|P16220|CREB1_HUMAN:sp|Q96KR1|ZFR_HUMAN,DeepNovo
K(+42.01)DFVPKSGTVEVR,57.40,1502.8092,13,38.5,13,3.6,501.94550,3,40.8719,2.1719,0.16,15879,HFX193_IPP292_GEL_CRC_324_Even.raw,6.91E6,9.45E6,2,2,1,1,"Acetylation (N-term)",,0 0 1 1 16 0 0 0 1 13 10 2 2,K(+42.01)DFVPKSGTVEVR,sp|Q96ID5|IGS21_HUMAN:sp|Q9HD67|MYO10_HUMAN:sp|P06127|CD5_HUMAN:sp|Q13007|IL24_HUMAN:sp|O15054|KDM6B_HUMAN:sp|P30203|CD6_HUMAN:sp|Q7Z5N4|SDK1_HUMAN:sp|P59910|DJB13_HUMAN:sp|O60522|TDRD6_HUMAN:sp|P51114|FXR1_HUMAN,DeepNovo
K(+42.01)DKLLRKVP,36.08,1137.7234,9,88.9,9,1.2,380.24884,3,36.0800,13.6800,0.29,13819,HFX193_IPP292_GEL_CRC_324_Odd.raw,4.42E5,3.07E6,1,1,1,1,"Acetylation (N-term)",,2 2 2 30 9 1 3 2 2,K(+42.01)DKLLRKVP,sp|Q2M243|CCD27_HUMAN:sp|A0AVI2|FR1L5_HUMAN:sp|A0A1B0GUS0|CS085_HUMAN:sp|Q13253|NOGG_HUMAN:sp|P15735|PHKG2_HUMAN:sp|Q9Y6N7|ROBO1_HUMAN:sp|P16157|ANK1_HUMAN:sp|P02787|TRFE_HUMAN:sp|Q93034|CUL5_HUMAN:sp|Q96QE4|LR37B_HUMAN:sp|O14556|G3PT_HUMAN:sp|Q96A61|TRI52_HUMAN:sp|Q8N5H7|SH2D3_HUMAN:sp|Q8IZF7|AGRF2_HUMAN:sp|Q96DT7|ZBT10_HUMAN:sp|Q5MCW4|ZN569_HUMAN:sp|P61201|CSN2_HUMAN:sp|O60309|L37A3_HUMAN:sp|Q9UJA3|MCM8_HUMAN:sp|Q6F5E8|CARL2_HUMAN:sp|O75593|FOXH1_HUMAN:sp|O14513|NCKP5_HUMAN:sp|Q12766|HMGX3_HUMAN:sp|P26012|ITB8_HUMAN:sp|O14545|TRAD1_HUMAN:sp|O43815|STRN_HUMAN:sp|Q8N7X0|ADGB_HUMAN:sp|A4UGR9|XIRP2_HUMAN:sp|Q9C0G6|DYH6_HUMAN:sp|Q96L91|EP400_HUMAN:sp|Q9NRL3|STRN4_HUMAN:sp|Q01804|OTUD4_HUMAN:sp|Q15418|KS6A1_HUMAN:sp|Q6PIU1|KCNV1_HUMAN:sp|Q9UIW2|PLXA1_HUMAN:sp|Q14527|HLTF_HUMAN:sp|A6NKG5|RTL1_HUMAN:sp|P54803|GALC_HUMAN:sp|Q9C0E4|GRIP2_HUMAN:sp|Q7Z4F1|LRP10_HUMAN:sp|P51888|PRELP_HUMAN:sp|Q9P1Y6|PHRF1_HUMAN:sp|Q9UBY8|CLN8_HUMAN:sp|P51692|STA5B_HUMAN:sp|Q9NR46|SHLB2_HUMAN:sp|O60308|CE104_HUMAN:sp|Q96MS3|GL1D1_HUMAN:sp|Q9UKU9|ANGL2_HUMAN:sp|Q6ZN18|AEBP2_HUMAN:sp|Q6GMR7|FAAH2_HUMAN:sp|Q8N7F7|UBL4B_HUMAN:sp|Q9NP80|PLPL8_HUMAN:sp|Q9BZ72|PITM2_HUMAN:sp|A8MY62|BLML_HUMAN:sp|Q86XH1|DRC11_HUMAN:sp|Q9Y6H5|SNCAP_HUMAN:sp|P36269|GGT5_HUMAN:sp|P11532|DMD_HUMAN:sp|Q8IV42|PSTK_HUMAN:sp|Q5XPI4|RN123_HUMAN:sp|Q6ZN28|MACC1_HUMAN:sp|Q15208|STK38_HUMAN:sp|Q14008|CKAP5_HUMAN:sp|Q96MI9|CBPC4_HUMAN:sp|Q9NVU7|SDA1_HUMAN:sp|Q00975|CAC1B_HUMAN:sp|Q15042|RB3GP_HUMAN:sp|Q9H816|DCR1B_HUMAN:sp|Q8IWA6|CCD60_HUMAN:sp|Q96FS4|SIPA1_HUMAN:sp|Q7Z333|SETX_HUMAN:sp|Q14028|CNGB1_HUMAN:sp|Q96RU2|UBP28_HUMAN:sp|Q6ZTW0|TPGS1_HUMAN:sp|Q13823|NOG2_HUMAN:sp|Q5T5S1|CC183_HUMAN:sp|Q15393|SF3B3_HUMAN:sp|Q16760|DGKD_HUMAN:sp|P12956|XRCC6_HUMAN:sp|P28340|DPOD1_HUMAN:sp|Q9NRC6|SPTN5_HUMAN:sp|P38935|SMBP2_HUMAN:sp|O15226|NKRF_HUMAN:sp|Q5T5P2|SKT_HUMAN:sp|Q8IWI9|MGAP_HUMAN:ADD3_INS_--A_p.E702Gfs*4::chr10:110133091-110134092_frame=3:sp|O14746|TERT_HUMAN:sp|Q8N3U4|STAG2_HUMAN:sp|Q8TB37|NUBPL_HUMAN:sp|Q3L8U1|CHD9_HUMAN:sp|Q9NW75|GPTC2_HUMAN:sp|Q9NVM4|ANM7_HUMAN:sp|Q8WVF1|OSCP1_HUMAN:sp|P57730|CAR18_HUMAN:sp|Q9Y2H1|ST38L_HUMAN:sp|Q9P298|HIG1B_HUMAN:sp|O43156|TTI1_HUMAN:sp|Q8TD19|NEK9_HUMAN:sp|Q9NVP1|DDX18_HUMAN:sp|P05186|PPBT_HUMAN:sp|O75864|PPR37_HUMAN:sp|P19099|C11B2_HUMAN:sp|Q6PI97|HOATZ_HUMAN:sp|Q96A11|G3ST3_HUMAN:sp|Q6P2D0|ZFP1_HUMAN:sp|Q9BZ71|PITM3_HUMAN:sp|Q9H6A9|PCX3_HUMAN:sp|Q8TD26|CHD6_HUMAN:sp|Q9Y592|CEP83_HUMAN:sp|Q9BYD2|RM09_HUMAN:sp|P17707|DCAM_HUMAN:sp|Q9BSK2|S2533_HUMAN:sp|Q96QG7|MTMR9_HUMAN:sp|Q9NR48|ASH1L_HUMAN:sp|Q86XP1|DGKH_HUMAN:sp|Q9BYK8|HELZ2_HUMAN:sp|Q02413|DSG1_HUMAN:sp|P49773|HINT1_HUMAN:sp|Q13291|SLAF1_HUMAN:sp|O95199|RCBT2_HUMAN,DeepNovo
K(+42.01)DPETRSL,38.28,986.5032,8,75.0,8,-0.4,494.25873,2,33.7731,16.1731,0.92,12865,HFX193_IPP292_GEL_CRC_324_Even.raw,,,1,1,0,0,"Acetylation (N-term)",,5 18 13 13 1 1 2 2,K(+42.01)DPETRSL,sp|Q03188|CENPC_HUMAN:sp|Q96IW2|SHD_HUMAN:sp|O14980|XPO1_HUMAN:sp|P33991|MCM4_HUMAN:sp|Q6NVY1|HIBCH_HUMAN:sp|P33681|CD80_HUMAN:sp|Q16322|KCA10_HUMAN:sp|Q3B726|RPA43_HUMAN:sp|Q8IWG1|DNAI3_HUMAN:sp|Q8NER1|TRPV1_HUMAN,DeepNovo
K(+42.01)DPPPYVGSKK,50.89,1256.6765,11,27.3,11,1.7,419.90015,3,30.2871,6.3871,0.32,11464,HFX193_IPP292_GEL_CRC_324_Even.raw,3.89E6,6.96E6,2,2,2,2,"Acetylation (N-term)",,0 0 27 15 1 1 1 0 0 1 4,K(+42.01)DPPPYVGSKK,sp|Q86T03|PP4P1_HUMAN:sp|O60231|DHX16_HUMAN:sp|Q9NRJ4|TULP4_HUMAN:sp|Q96SZ6|CK5P1_HUMAN:sp|Q9Y6W3|CAN7_HUMAN:sp|O95395|GCNT3_HUMAN,DeepNovo
K(+42.01)DVHPL,13.77,749.4072,6,66.7,6,1.1,375.71127,2,42.1474,11.0474,0.70,16280,HFX193_IPP292_GEL_CRC_324_Odd.raw,2.67E5,1.66E6,1,1,1,1,"Acetylation (N-term)",,1 1 2 4 2 2,K(+42.01)DVHPL,,DeepNovo
K(+42.01)DVN(+0.98)LKGAAM(+15.99)VGAK,60.25,1459.7704,14,50.0,14,2.5,730.89435,2,48.2351,15.7351,0.55,18733,HFX193_IPP292_GEL_CRC_324_Odd.raw,,,1,1,0,0,"Acetylation (N-term);Deamidation (NQ);Oxidation (M)",,0 0 39 40 40 62 8 0 0 0 7 0 0 5,K(+42.01)DVN(+0.98)LKGAAM(+15.99)VGAK,sp|Q17RS7|GEN_HUMAN:sp|Q5SWX8|ODR4_HUMAN:sp|Q8N568|DCLK2_HUMAN:sp|Q9Y4E1|WAC2C_HUMAN:sp|A6NH21|SERC4_HUMAN:sp|Q8N4B4|FBX39_HUMAN:sp|Q8N8A2|ANR44_HUMAN:sp|O75051|PLXA2_HUMAN:sp|P58743|S26A5_HUMAN:sp|Q6ZS02|DMP46_HUMAN:sp|Q9UHV7|MED13_HUMAN:sp|Q8IZD6|S22AF_HUMAN:sp|A8MVW5|HECA2_HUMAN:sp|B2RTY4|MYO9A_HUMAN:sp|P16671|CD36_HUMAN:sp|Q92621|NU205_HUMAN:sp|Q5VU65|P210L_HUMAN:sp|Q09666|AHNK_HUMAN:sp|Q9P2I0|CPSF2_HUMAN:sp|P39059|COFA1_HUMAN:sp|Q71F56|MD13L_HUMAN:sp|Q5W0V3|FHI2A_HUMAN:sp|Q14896|MYPC3_HUMAN:sp|P04114|APOB_HUMAN:sp|Q8NI35|INADL_HUMAN:sp|O75445|USH2A_HUMAN:sp|P33908|MA1A1_HUMAN:sp|Q9Y4K4|M4K5_HUMAN:sp|Q9NVE5|UBP40_HUMAN:sp|Q13127|REST_HUMAN:sp|Q9UIH9|KLF15_HUMAN:sp|P08686|CP21A_HUMAN:sp|Q92506|DHB8_HUMAN:sp|Q92625|ANS1A_HUMAN:sp|Q9H329|E41LB_HUMAN:sp|Q8NC60|NOA1_HUMAN:sp|Q9GZN7|ROGDI_HUMAN:sp|Q8IYT1|GAR4_HUMAN:sp|Q96RW7|HMCN1_HUMAN:sp|Q16515|ASIC2_HUMAN:sp|P52434|RPAB3_HUMAN:sp|Q96PX9|PKH4B_HUMAN:sp|Q8TC84|FANK1_HUMAN:sp|Q14678|KANK1_HUMAN:sp|O95721|SNP29_HUMAN:sp|Q5JRA6|TGO1_HUMAN:sp|P16930|FAAA_HUMAN:sp|Q8IVL0|NAV3_HUMAN:sp|Q86UB2|BIVM_HUMAN:sp|Q9UJW7|ZN229_HUMAN:sp|Q8N7Z5|ANR31_HUMAN:sp|O14974|MYPT1_HUMAN:sp|Q8N3K9|CMYA5_HUMAN:sp|Q8N461|FXL16_HUMAN:sp|Q58EX7|PKHG4_HUMAN:sp|Q75N90|FBN3_HUMAN:sp|Q7L8L6|FAKD5_HUMAN:sp|Q9BXS9|S26A6_HUMAN:sp|O00522|KRIT1_HUMAN:sp|P98164|LRP2_HUMAN:sp|Q5JX69|F209B_HUMAN:sp|Q5TAX3|TUT4_HUMAN:sp|Q8IVH8|M4K3_HUMAN:sp|Q00341|VIGLN_HUMAN:sp|P68543|UBX2A_HUMAN:sp|Q5T7N3|KANK4_HUMAN:sp|Q16832|DDR2_HUMAN:sp|Q13098|CSN1_HUMAN:sp|Q5THK1|PR14L_HUMAN:sp|Q9UPN3|MACF1_HUMAN:sp|P61011|SRP54_HUMAN,DeepNovo
K(+42.01)ELTKLTGVFPDFTDHLVKTHSLR,110.39,2823.5283,24,50.0,24,1.6,565.71381,5,42.9731,6.8731,0.22,16539,HFX193_IPP292_GEL_CRC_324_Odd.raw,2.21E6,9.17E6,1,1,1,1,"Acetylation (N-term)",,3 0 0 1 2 1 0 0 0 0 0 0 8 7 7 2 2 6 13 13 5 1 1 3,K(+42.01)ELTKLTGVFPDFTDHLVKTHSLR,sp|P49888|ST1E1_HUMAN:sp|O75818|RPP40_HUMAN:sp|Q7Z7H8|RM10_HUMAN:sp|A6NDX5|ZN840_HUMAN:sp|Q95460|HMR1_HUMAN:sp|A2A3L6|TTC24_HUMAN:sp|Q8IXZ3|SP8_HUMAN:sp|Q8WYJ6|SEPT1_HUMAN:sp|Q9BY31|ZN717_HUMAN:sp|O75122|CLAP2_HUMAN:sp|P05014|IFNA4_HUMAN:sp|P01570|IFN14_HUMAN:sp|Q12889|OVGP1_HUMAN:sp|Q01629|IFM2_HUMAN:sp|P01567|IFNA7_HUMAN:sp|A1L167|U2QL1_HUMAN:sp|Q8N1V2|CFA52_HUMAN:sp|O15265|ATX7_HUMAN:sp|Q05952|STP2_HUMAN:sp|Q96S94|CCNL2_HUMAN:sp|Q9NPG8|ZDHC4_HUMAN:sp|P01569|IFNA5_HUMAN:sp|P01568|IFN21_HUMAN:sp|O75840|KLF7_HUMAN:sp|Q7Z392|TPC11_HUMAN:sp|Q9Y6Q3|ZFP37_HUMAN:sp|Q9NR81|ARHG3_HUMAN:sp|Q9NX40|OCAD1_HUMAN:sp|Q96DC9|OTUB2_HUMAN:sp|Q96MT8|CEP63_HUMAN:sp|Q3KNW1|SNAI3_HUMAN:sp|Q9H0U9|TSYL1_HUMAN:sp|Q96PD7|DGAT2_HUMAN:sp|Q8NDA2|HMCN2_HUMAN:sp|Q08462|ADCY2_HUMAN:sp|O14732|IMPA2_HUMAN:sp|O15240|VGF_HUMAN:sp|Q9ULK2|AT7L1_HUMAN:sp|P01571|IFN17_HUMAN:sp|Q8TEP8|CE192_HUMAN:sp|P55056|APOC4_HUMAN:sp|P00738|HPT_HUMAN:sp|Q16619|CTF1_HUMAN:sp|P32881|IFNA8_HUMAN:sp|O14522|PTPRT_HUMAN:sp|O43704|ST1B1_HUMAN:sp|P35414|APJ_HUMAN:sp|Q6UWZ7|ABRX1_HUMAN:sp|Q8NGP0|OR4CD_HUMAN:sp|Q8WZ42|TITIN_HUMAN:sp|Q96C24|SYTL4_HUMAN:sp|Q08AF3|SLFN5_HUMAN:sp|P0CJ78|ZN865_HUMAN:sp|Q9NS98|SEM3G_HUMAN:sp|O00754|MA2B1_HUMAN:sp|P01566|IFN10_HUMAN:sp|P35680|HNF1B_HUMAN:sp|Q6NSZ9|ZSC25_HUMAN:sp|Q68DA7|FMN1_HUMAN:sp|Q12913|PTPRJ_HUMAN:sp|Q8N201|INT1_HUMAN:sp|Q4VX76|SYTL3_HUMAN:sp|Q9H9L4|KANL2_HUMAN:sp|Q15935|ZNF77_HUMAN:sp|Q8NEE6|DRC6_HUMAN:sp|P01563|IFNA2_HUMAN:sp|Q5R3K3|CAHM6_HUMAN:sp|Q5GH76|XKR4_HUMAN:sp|Q9BXM7|PINK1_HUMAN:sp|Q6ZNJ1|NBEL2_HUMAN:sp|Q9UG01|IF172_HUMAN:sp|Q76LX8|ATS13_HUMAN:sp|P32754|HPPD_HUMAN:sp|P46531|NOTC1_HUMAN:sp|Q9H9A5|CNO10_HUMAN:sp|Q9Y3F4|STRAP_HUMAN:sp|Q9H2C5|O52A5_HUMAN:sp|P05015|IFN16_HUMAN:sp|Q86UT6|NLRX1_HUMAN:sp|Q2TB90|HKDC1_HUMAN:sp|P05013|IFNA6_HUMAN:sp|Q86X02|CDR2L_HUMAN:sp|A6NCL1|GEMC1_HUMAN:sp|O43610|SPY3_HUMAN:sp|Q6ZPD8|DG2L6_HUMAN:sp|O95831|AIFM1_HUMAN:sp|Q8IYW2|CFA46_HUMAN:sp|P60509|ERB1_HUMAN:sp|P20138|CD33_HUMAN:sp|Q2LD37|BLTP1_HUMAN:sp|P00451|FA8_HUMAN:sp|P15880|RS2_HUMAN:sp|Q7Z460|CLAP1_HUMAN:sp|Q9Y2H9|MAST1_HUMAN:sp|P52789|HXK2_HUMAN:sp|Q5MNZ9|WIPI1_HUMAN:sp|Q6ECI4|ZN470_HUMAN:sp|Q9H0E3|SP130_HUMAN:sp|Q96JE7|SC16B_HUMAN,DeepNovo
K(+42.01)ERGYATAL,43.86,1049.5505,9,66.7,9,3.0,525.78412,2,48.1653,6.3653,0.45,18691,HFX193_IPP292_GEL_CRC_324_Odd.raw,5.39E5,4.22E6,1,1,1,1,"Acetylation (N-term)",,5 9 0 0 1 2 3 14 5,K(+42.01)ERGYATAL,,DeepNovo
K(+42.01)ERLKV,17.46,813.5072,6,66.7,6,1.3,407.76141,2,37.5822,8.9822,0.34,14407,HFX193_IPP292_GEL_CRC_324_Odd.raw,1.11E6,8.13E6,1,1,1,1,"Acetylation (N-term)",,1 1 2 11 11 5,K(+42.01)ERLKV,sp|Q8NCY6|MSD4_HUMAN:sp|A0A075B6T7|TVA6_HUMAN:sp|Q9BV73|CP250_HUMAN:sp|Q9NRL2|BAZ1A_HUMAN:sp|P35268|RL22_HUMAN:sp|P17275|JUNB_HUMAN,DB Search
K(+42.01)ERRVAM(+15.99)M(+15.99)YELGKKHFAL,91.03,2280.1870,18,66.7,18,0.2,457.04480,5,30.7151,-3.9849,0.09,11603,HFX193_IPP292_GEL_CRC_324_Odd.raw,9.2E5,5.79E6,1,1,1,1,"Acetylation (N-term);Oxidation (M);Oxidation (M)",,5 0 0 2 12 12 0 0 0 0 11 11 8 7 2 2 12 5,K(+42.01)ERRVAM(+15.99)M(+15.99)YELGKKHFAL,sp|Q96JQ0|PCD16_HUMAN:sp|P48165|CXA8_HUMAN:sp|P21817|RYR1_HUMAN:sp|Q9BZF9|UACA_HUMAN:sp|Q9UQF2|JIP1_HUMAN:sp|O60427|FADS1_HUMAN:tr|A0A0C4DH63|A0A0C4DH63_HUMAN:sp|Q9Y4D8|HECD4_HUMAN:sp|Q9NP86|CABP5_HUMAN:sp|Q9NYL4|FKB11_HUMAN:sp|Q56NI9|ESCO2_HUMAN:sp|P33993|MCM7_HUMAN:sp|A2A368|MAGBG_HUMAN:sp|Q96NB3|ZN830_HUMAN:sp|P27658|CO8A1_HUMAN:sp|Q9HBI1|PARVB_HUMAN:sp|Q14093|CYLC2_HUMAN:sp|Q9Y2P7|ZN256_HUMAN:sp|P06744|G6PI_HUMAN:sp|Q155Q3|DIXC1_HUMAN:sp|Q13322|GRB10_HUMAN:sp|P0C860|MS3L2_HUMAN:sp|Q92750|TAF4B_HUMAN:sp|P00519|ABL1_HUMAN:sp|Q14D04|MELT_HUMAN:sp|Q01804|OTUD4_HUMAN:sp|Q8WYN0|ATG4A_HUMAN:sp|Q9Y6M7|S4A7_HUMAN:sp|P49641|MA2A2_HUMAN:sp|Q5TEA3|DAAF9_HUMAN:sp|A0A1B0GVK7|F240A_HUMAN:sp|P49321|NASP_HUMAN:sp|Q53SF7|COBL1_HUMAN:sp|Q9BZZ5|API5_HUMAN:sp|A4D1E1|Z804B_HUMAN:sp|Q13217|DNJC3_HUMAN:sp|O14792|HS3S1_HUMAN:sp|P37173|TGFR2_HUMAN:sp|Q8TDM6|DLG5_HUMAN:sp|Q7Z2Z2|EFL1_HUMAN:sp|P51688|SPHM_HUMAN:sp|O75717|WDHD1_HUMAN:sp|Q93100|KPBB_HUMAN:sp|Q8N511|TM199_HUMAN:sp|Q6NUN0|ACSM5_HUMAN:sp|Q9HC84|MUC5B_HUMAN:sp|P54819|KAD2_HUMAN:sp|Q6P4E1|GOLM2_HUMAN:sp|Q8IWB9|TEX2_HUMAN:sp|Q8WWU5|TCP11_HUMAN:sp|Q8IZD9|DOCK3_HUMAN:sp|Q9BYV9|BACH2_HUMAN:sp|Q15021|CND1_HUMAN:sp|O60486|PLXC1_HUMAN:sp|O15480|MAGB3_HUMAN:sp|Q8IYX0|ZN679_HUMAN:sp|Q86TE4|LUZP2_HUMAN:sp|Q15650|TRIP4_HUMAN:sp|Q8IZ16|SACDR_HUMAN:sp|Q5SVQ8|ZBT41_HUMAN:sp|A6NP11|ZN716_HUMAN:sp|Q8IWJ2|GCC2_HUMAN:sp|A8TX70|CO6A5_HUMAN:sp|O60826|CCD22_HUMAN:sp|Q08379|GOGA2_HUMAN:sp|Q86XL3|ANKL2_HUMAN:sp|Q6ZST4|LCNL1_HUMAN:sp|Q9NS98|SEM3G_HUMAN:sp|P0DI82|TPC2B_HUMAN:sp|Q96FV9|THOC1_HUMAN:sp|P22692|IBP4_HUMAN:sp|Q86W10|CP4Z1_HUMAN:sp|Q8N0X7|SPART_HUMAN:sp|P59282|TPPP2_HUMAN:sp|P29144|TPP2_HUMAN:sp|P28223|5HT2A_HUMAN:sp|Q6UW49|SPESP_HUMAN:sp|Q16706|MA2A1_HUMAN:sp|Q8WU79|SMAP2_HUMAN:sp|Q9UL01|DSE_HUMAN:sp|Q9P281|BAHC1_HUMAN:sp|Q6WRI0|IGS10_HUMAN:sp|Q8N5Y2|MS3L1_HUMAN:sp|O60716|CTND1_HUMAN:sp|Q86TJ2|TAD2B_HUMAN:sp|P34932|HSP74_HUMAN:sp|O15034|RIMB2_HUMAN:sp|O00268|TAF4_HUMAN:sp|Q9UKT6|FXL21_HUMAN:sp|Q5GFL6|VWA2_HUMAN:sp|Q12955|ANK3_HUMAN:sp|Q16698|DECR_HUMAN:sp|Q3KQZ1|S2535_HUMAN:sp|O15018|PDZD2_HUMAN:sp|Q5VIR6|VPS53_HUMAN:sp|Q9ULR3|PPM1H_HUMAN:sp|A8K554|ZN815_HUMAN:sp|P0DI81|TPC2A_HUMAN:sp|Q9Y6F6|IRAG1_HUMAN:sp|O60934|NBN_HUMAN:sp|P08922|ROS1_HUMAN:sp|Q5H9T9|FSCB_HUMAN:sp|P11277|SPTB1_HUMAN:sp|Q9Y2G9|SBNO2_HUMAN:sp|Q96MC4|C295L_HUMAN:sp|P35663|CYLC1_HUMAN:sp|P06213|INSR_HUMAN:sp|A0A1W2PQL4|ZN722_HUMAN:sp|Q86YA3|ZGRF1_HUMAN:sp|Q8NFW1|COMA1_HUMAN,DeepNovo
K(+42.01)FDGAHFRL,40.27,1131.5825,9,77.8,9,-0.1,566.79846,2,62.9368,-15.3632,0.66,24558,HFX193_IPP292_GEL_CRC_324_Even.raw,5.56E5,2.92E6,2,2,1,1,"Acetylation (N-term)",,5 55 28 0 0 28 17 14 5,K(+42.01)FDGAHFRL,sp|O15347|HMGB3_HUMAN:sp|A8MTL3|R212B_HUMAN:sp|Q9BW62|KATL1_HUMAN:sp|O75366|AVIL_HUMAN:RPL22_DEL_T-p.K15Rfs*5_::chr1:6197225-6198225_frame=-2:sp|Q9UPW8|UN13A_HUMAN:sp|Q8IWX8|CHERP_HUMAN:sp|O60476|MA1A2_HUMAN:sp|Q8N5D0|WDTC1_HUMAN:sp|Q9BW83|IFT27_HUMAN:sp|P56705|WNT4_HUMAN:sp|Q9HC36|MRM3_HUMAN,DeepNovo
K(+42.01)FGGHLRSV,35.50,1041.5719,9,77.8,9,3.0,521.79480,2,43.6193,15.1193,0.77,16858,HFX193_IPP292_GEL_CRC_324_Even.raw,1.02E6,6.76E6,2,2,2,2,"Acetylation (N-term)",,5 66 25 20 14 10 4 0 0,K(+42.01)FGGHLRSV,sp|P98160|PGBM_HUMAN:sp|Q8WUJ3|CEMIP_HUMAN:sp|Q6ZVT6|CF20D_HUMAN:sp|Q9P2D8|UNC79_HUMAN:sp|Q02040|AK17A_HUMAN:sp|Q9Y3I1|FBX7_HUMAN:sp|Q8NDM7|CFA43_HUMAN:sp|Q9UBZ9|REV1_HUMAN:sp|B7Z6K7|ZN814_HUMAN:sp|Q9NNW5|WDR6_HUMAN:sp|Q9HCR9|PDE11_HUMAN:sp|O75326|SEM7A_HUMAN:sp|Q9Y5F0|PCDBD_HUMAN:sp|Q9UHN6|CEIP2_HUMAN:sp|P0C6S8|LIGO3_HUMAN:sp|Q5T160|SYRM_HUMAN:sp|Q9P109|GCNT4_HUMAN:sp|Q86YC3|LRC33_HUMAN:sp|Q8N573|OXR1_HUMAN:sp|P46013|KI67_HUMAN:sp|P11055|MYH3_HUMAN:sp|Q14674|ESPL1_HUMAN:sp|Q7Z6L1|TCPR1_HUMAN:sp|P34969|5HT7R_HUMAN:sp|Q6UXV1|IZUM2_HUMAN:sp|Q96NU7|HUTI_HUMAN:sp|P15927|RFA2_HUMAN:sp|P54136|SYRC_HUMAN:sp|Q96N87|S6A18_HUMAN:sp|Q14254|FLOT2_HUMAN:sp|Q9Y6V0|PCLO_HUMAN:sp|Q96MF0|YO028_HUMAN:sp|A3KMH1|VWA8_HUMAN:sp|Q14694|UBP10_HUMAN:sp|P0C1Z6|TFPT_HUMAN:sp|Q5T4S7|UBR4_HUMAN:sp|Q9HBH9|MKNK2_HUMAN:sp|Q9H4P4|RNF41_HUMAN:sp|Q9UPA5|BSN_HUMAN:sp|Q9Y4G8|RPGF2_HUMAN:sp|A8MXQ7|IQAK1_HUMAN:sp|Q86WI1|PKHL1_HUMAN:sp|Q86YE8|ZN573_HUMAN:sp|Q14517|FAT1_HUMAN,DeepNovo
K(+42.01)FGTVR,19.43,748.4232,6,66.7,6,0.0,375.21884,2,29.6060,16.7060,0.51,11179,HFX193_IPP292_GEL_CRC_324_Odd.raw,8.44E4,1.81E6,1,1,1,1,"Acetylation (N-term)",,5 2 2 1 1 5,K(+42.01)FGTVR,sp|Q9P225|DYH2_HUMAN,DB Search
K(+42.01)FLSRHSL,37.35,1028.5767,8,100.0,8,1.0,515.29614,2,42.3217,0.9217,0.48,16329,HFX193_IPP292_GEL_CRC_324_Even.raw,4.75E5,3.94E6,2,2,2,2,"Acetylation (N-term)",,5 6 37 4 3 3 8 5,K(+42.01)FLSRHSL,sp|O15118|NPC1_HUMAN:sp|Q9BRP7|FDXA1_HUMAN:sp|Q9Y520|PRC2C_HUMAN:sp|Q96SB8|SMC6_HUMAN:sp|Q9GZV9|FGF23_HUMAN:sp|P04004|VTNC_HUMAN:sp|Q08426|ECHP_HUMAN:sp|Q86SG6|NEK8_HUMAN:sp|Q8N8Q8|COX18_HUMAN:sp|O75689|ADAP1_HUMAN:sp|P62068|UBP46_HUMAN:sp|P09884|DPOLA_HUMAN:sp|P50570|DYN2_HUMAN:sp|P48764|SL9A3_HUMAN:sp|Q15111|PLCL1_HUMAN:sp|P80404|GABT_HUMAN:sp|Q5T4S7|UBR4_HUMAN:sp|Q96GF1|RN185_HUMAN:sp|Q16832|DDR2_HUMAN:sp|Q9ULB5|CADH7_HUMAN:sp|B2RTY4|MYO9A_HUMAN:sp|Q96M02|CJ090_HUMAN:sp|Q9H8E8|CSR2B_HUMAN,DeepNovo
K(+42.01)FRAAKSV,31.84,947.5552,8,100.0,8,2.4,474.78601,2,35.7392,13.4392,0.41,13675,HFX193_IPP292_GEL_CRC_324_Odd.raw,,,1,1,0,0,"Acetylation (N-term)",,4 3 3 4 2 2 17 5,K(+42.01)FRAAKSV,,DeepNovo
K(+42.01)GAASKTTASTLAAAAAAAGPA,73.94,1899.0061,22,59.1,22,2.5,634.01086,3,41.7774,6.9774,0.24,16086,HFX193_IPP292_GEL_CRC_324_Odd.raw,2.83E6,1.79E7,1,1,1,1,"Acetylation (N-term)",,0 0 16 10 10 0 0 0 24 0 0 19 24 27 27 29 34 57 83 7 0 0,K(+42.01)GAASKTTASTLAAAAAAAGPA,sp|Q12796|PNRC1_HUMAN:MARCKS_DEL_A-p.K155Rfs*12_::chr6:113859534-113860534_frame=1:sp|Q13461|FOXE3_HUMAN:sp|O60779|S19A2_HUMAN:sp|Q504T8|MIDN_HUMAN:sp|P42858|HD_HUMAN:sp|Q9H4H8|FA83D_HUMAN:sp|Q9UF56|FXL17_HUMAN:sp|Q4LEZ3|AARD_HUMAN:sp|Q6ZRS2|SRCAP_HUMAN:sp|P55198|AF17_HUMAN:sp|P0C6S8|LIGO3_HUMAN:sp|Q5VWI1|TCRGL_HUMAN:sp|Q9BZK7|TBL1R_HUMAN:sp|O95868|LY66D_HUMAN:sp|Q9BSJ2|GCP2_HUMAN:sp|Q32NB8|PGPS1_HUMAN:SEC31A_INS_--T_p.I462Nfs*2::chr4:82863911-82864912_frame=-2:sp|A1A5C7|S22AN_HUMAN:sp|Q9NQ79|CRAC1_HUMAN:sp|Q8NFD5|ARI1B_HUMAN:sp|P0CG20|PRR35_HUMAN:sp|Q9UID3|VPS51_HUMAN:MARCKS_DEL_A-p.K155Rfs*12_::chr6:113859534-113860534_frame=2:sp|O43815|STRN_HUMAN:sp|Q8NAP8|ZBT8B_HUMAN:sp|Q641Q2|WAC2A_HUMAN:sp|O15265|ATX7_HUMAN:sp|Q13620|CUL4B_HUMAN:sp|Q96T76|MMS19_HUMAN:sp|P35408|PE2R4_HUMAN:sp|Q7RTS3|PTF1A_HUMAN:sp|Q8NF64|ZMIZ2_HUMAN:sp|P37108|SRP14_HUMAN:sp|Q6P6C2|ALKB5_HUMAN:sp|P07204|TRBM_HUMAN:sp|Q9HAH7|FBRS_HUMAN:tr|A0A1W2PR80|A0A1W2PR80_HUMAN:sp|P27361|MK03_HUMAN:sp|Q99536|VAT1_HUMAN:sp|Q8NA77|TEX19_HUMAN:sp|Q9Y597|KCTD3_HUMAN:sp|Q5VWQ8|DAB2P_HUMAN:sp|Q0P6H9|TMM62_HUMAN:sp|P16989|YBOX3_HUMAN:sp|O00178|GTPB1_HUMAN:sp|Q8NER5|ACV1C_HUMAN:sp|Q8N9B5|JMY_HUMAN:sp|Q59H18|TNI3K_HUMAN:sp|Q9UL25|RAB21_HUMAN:sp|Q86XE3|MICU3_HUMAN:sp|A6NHT5|HMX3_HUMAN:sp|Q86U06|RBM23_HUMAN:MARCKS_DEL_A-p.K155Rfs*12_::chr6:113859534-113860534_frame=-1:sp|Q14257|RCN2_HUMAN:sp|P0C854|CECR9_HUMAN:sp|Q496Y0|LONF3_HUMAN:sp|Q6UXC1|AEGP_HUMAN:sp|Q6ZSI9|CAN12_HUMAN:sp|Q9BPX5|ARP5L_HUMAN:sp|P11831|SRF_HUMAN:sp|P38484|INGR2_HUMAN:sp|O95622|ADCY5_HUMAN:sp|P28482|MK01_HUMAN:sp|Q96NT1|NP1L5_HUMAN:SETD1B_DEL_C-p.H8Tfs*27_::chr12:121804252-121805252_frame=-3:sp|P56270|MAZ_HUMAN:SEC31A_INS_--T_p.I462Nfs*2::chr4:82863911-82864912_frame=1:sp|O75925|PIAS1_HUMAN:sp|Q9BYB0|SHAN3_HUMAN:sp|Q8NDY6|BHE23_HUMAN:MARCKS_DEL_A-p.K155Rfs*12_::chr6:113859534-113860534_frame=-2:sp|Q8N3F9|G137C_HUMAN:sp|P17010|ZFX_HUMAN:sp|Q3KR16|PKHG6_HUMAN:sp|Q9Y5J1|UTP18_HUMAN:sp|Q8WZ71|TM158_HUMAN:sp|O75912|DGKI_HUMAN:sp|Q5VZB9|DMRTA_HUMAN:sp|Q5K4L6|S27A3_HUMAN:sp|O00410|IPO5_HUMAN:sp|Q13263|TIF1B_HUMAN:sp|O94876|TMCC1_HUMAN:sp|O00116|ADAS_HUMAN:sp|P82914|RT15_HUMAN:sp|Q86TG7|PEG10_HUMAN:sp|O75420|GGYF1_HUMAN:sp|Q92570|NR4A3_HUMAN:sp|Q9UK22|FBX2_HUMAN:sp|P30559|OXYR_HUMAN:sp|P18825|ADA2C_HUMAN:sp|Q9NZV5|SELN_HUMAN:sp|Q8NE35|CPEB3_HUMAN:sp|Q8TE49|OTU7A_HUMAN:sp|Q969W9|PMEPA_HUMAN:sp|P42345|MTOR_HUMAN:sp|Q9H4Q4|PRD12_HUMAN:SETD1B_DEL_C-p.H8Tfs*27_::chr12:121804252-121805252_frame=3:sp|Q96S59|RANB9_HUMAN:sp|Q15652|JHD2C_HUMAN:sp|O00268|TAF4_HUMAN:sp|O75364|PITX3_HUMAN:sp|Q6ZMT4|KDM7A_HUMAN:sp|Q9NWL6|ASND1_HUMAN:sp|Q9NXT0|ZN586_HUMAN:sp|A6NGN9|IGLO5_HUMAN:sp|Q8IV76|PASD1_HUMAN:sp|Q8NEM7|SP20H_HUMAN:sp|P20264|PO3F3_HUMAN:sp|Q9NQS7|INCE_HUMAN:sp|P31277|HXD11_HUMAN:sp|P52746|ZN142_HUMAN:sp|P22083|FUT4_HUMAN:sp|Q03164|KMT2A_HUMAN:sp|Q9NS37|ZHANG_HUMAN:sp|Q9NR56|MBNL1_HUMAN:sp|Q9H0E3|SP130_HUMAN:sp|P31270|HXA11_HUMAN:sp|Q86X55|CARM1_HUMAN:sp|Q7L311|ARMX2_HUMAN,DeepNovo
K(+42.01)GAEDFPRL,36.11,1073.5505,9,55.6,9,3.3,537.78430,2,72.6820,-9.4180,0.26,28401,HFX193_IPP292_GEL_CRC_324_Even.raw,1.14E6,5.83E6,1,1,1,1,"Acetylation (N-term)",,0 0 33 17 15 0 0 4 5,K(+42.01)GAEDFPRL,sp|O94875|SRBS2_HUMAN:sp|A6NLW8|DUXA_HUMAN:sp|Q7RTU4|BHA09_HUMAN:sp|Q9NSA3|CNBP1_HUMAN:sp|Q8N3J6|CADM2_HUMAN:sp|Q6XR72|ZNT10_HUMAN:sp|Q9HCQ5|GALT9_HUMAN:sp|Q9UHF7|TRPS1_HUMAN:sp|O00461|GOLI4_HUMAN:sp|Q02846|GUC2D_HUMAN:sp|Q9BQG0|MBB1A_HUMAN:sp|Q8IVV2|LOXH1_HUMAN:sp|Q7KZ85|SPT6H_HUMAN:sp|Q9NRS6|SNX15_HUMAN:sp|Q9NZW4|DSPP_HUMAN:sp|Q9Y5P3|RAI2_HUMAN:sp|Q13332|PTPRS_HUMAN:tr|Q9H3A6|Q9H3A6_HUMAN:sp|Q4G0U5|PCDP1_HUMAN,DeepNovo
K(+42.01)GAPPKYAL,35.03,985.5596,9,44.4,9,-3.0,493.78561,2,33.2304,5.7304,0.14,12656,HFX193_IPP292_GEL_CRC_324_Even.raw,1.68E5,1.72E6,1,1,1,1,"Acetylation (N-term)",,5 3 0 0 0 0 0 5 5,K(+42.01)GAPPKYAL,,DeepNovo
K(+42.01)GAVKAAKKPKAAAKK,49.75,1636.0511,16,62.5,16,-1.4,410.01950,4,20.1409,3.3409,0.33,7338,HFX193_IPP292_GEL_CRC_324_Even.raw,1.51E6,9.87E6,4,4,3,3,"Acetylation (N-term)",,0 0 0 0 6 0 0 2 2 2 8 6 3 2 2 5,K(+42.01)GAVKAAKKPKAAAKK,sp|P22413|ENPP1_HUMAN:sp|P58107|EPIPL_HUMAN:sp|Q9P215|POGK_HUMAN:sp|Q9NSC7|SIA7A_HUMAN:sp|P15502|ELN_HUMAN:sp|Q5H9B9|BM2KL_HUMAN:sp|O60245|PCDH7_HUMAN:sp|Q96JH7|VCIP1_HUMAN:sp|O14556|G3PT_HUMAN:sp|Q06323|PSME1_HUMAN:sp|P20929|NEBU_HUMAN:sp|Q14161|GIT2_HUMAN:sp|Q13029|PRDM2_HUMAN:sp|P46013|KI67_HUMAN:sp|Q8WXA9|SREK1_HUMAN:sp|P16401|H15_HUMAN:sp|Q6L8Q7|PDE12_HUMAN:sp|Q96TA1|NIBA2_HUMAN:sp|Q96NS5|ASB16_HUMAN:sp|Q01101|INSM1_HUMAN:sp|Q9NZ71|RTEL1_HUMAN:sp|Q13322|GRB10_HUMAN:sp|P46821|MAP1B_HUMAN:sp|Q8NFD5|ARI1B_HUMAN:sp|H0YKK7|GG6LS_HUMAN:DOCK3_DEL_C-p.P1852Qfs*45_::chr3:51379673-51380673_frame=-3:sp|P15407|FOSL1_HUMAN:sp|Q92733|PRCC_HUMAN:sp|Q9Y5X2|SNX8_HUMAN:sp|Q92506|DHB8_HUMAN:sp|P19878|NCF2_HUMAN:sp|Q9UPT8|ZC3H4_HUMAN:sp|P30622|CLIP1_HUMAN:sp|Q96T92|INSM2_HUMAN:sp|Q5TCY1|TTBK1_HUMAN:sp|Q9NQZ6|ZC4H2_HUMAN:sp|Q96LT6|CA074_HUMAN:sp|Q5JYT7|K1755_HUMAN:sp|Q6P5Z2|PKN3_HUMAN:sp|P40198|CEAM3_HUMAN:sp|A6NE52|WDR97_HUMAN:sp|Q9C0E4|GRIP2_HUMAN:sp|Q8WXI9|P66B_HUMAN:sp|Q76L83|ASXL2_HUMAN:sp|O15197|EPHB6_HUMAN:sp|O75037|KI21B_HUMAN:sp|Q9BZA8|PC11Y_HUMAN:sp|Q3MHD2|LSM12_HUMAN:sp|Q8IZ52|CHSS2_HUMAN:sp|Q6KC79|NIPBL_HUMAN:sp|A6NCC3|GOG8O_HUMAN:sp|Q8N6H7|ARFG2_HUMAN:sp|Q9Y2F5|ICE1_HUMAN:sp|I6L899|GOG8R_HUMAN:sp|O95359|TACC2_HUMAN:sp|Q96QZ7|MAGI1_HUMAN:sp|Q6IQ55|TTBK2_HUMAN:sp|Q9Y5B0|CTDP1_HUMAN:sp|P07305|H10_HUMAN:sp|O15240|VGF_HUMAN:sp|Q14690|RRP5_HUMAN:sp|P16989|YBOX3_HUMAN:sp|Q8TDY2|RBCC1_HUMAN:sp|Q12830|BPTF_HUMAN:sp|Q96FN5|KIF12_HUMAN:sp|Q2TAL8|QRIC1_HUMAN:sp|O75362|ZN217_HUMAN:sp|O60216|RAD21_HUMAN:sp|P26641|EF1G_HUMAN:sp|Q9Y5V3|MAGD1_HUMAN:sp|P47898|5HT5A_HUMAN:sp|Q6IA86|ELP2_HUMAN:sp|Q8TC29|ENKUR_HUMAN:sp|Q96JE9|MAP6_HUMAN:sp|Q03167|TGBR3_HUMAN:sp|Q5T5S1|CC183_HUMAN:sp|O95169|NDUB8_HUMAN:sp|Q9H7X3|ZN696_HUMAN:sp|Q13443|ADAM9_HUMAN:sp|Q5VTL8|PR38B_HUMAN:sp|Q8WUM4|PDC6I_HUMAN:sp|Q8TD08|MK15_HUMAN:sp|Q8NDV7|TNR6A_HUMAN:sp|Q7Z442|PK1L2_HUMAN:sp|P07196|NFL_HUMAN:sp|A8MWX3|WASH4_HUMAN:sp|Q13127|REST_HUMAN:sp|C9JC47|F157A_HUMAN:sp|P82914|RT15_HUMAN:sp|Q9Y3P9|RBGP1_HUMAN:sp|Q9UQQ2|SH2B3_HUMAN:sp|Q9P2K9|DISP3_HUMAN:sp|Q9NPI1|BRD7_HUMAN:sp|Q9BY42|RTF2_HUMAN:sp|Q8IV50|LYSM2_HUMAN:sp|Q9GZP8|IMUP_HUMAN:sp|Q9BW85|YJU2_HUMAN:sp|Q8N5T2|TBC19_HUMAN:sp|Q8IY33|MILK2_HUMAN:sp|O95466|FMNL1_HUMAN:sp|O00268|TAF4_HUMAN:sp|Q9UKT6|FXL21_HUMAN:sp|O15090|ZN536_HUMAN:sp|Q13488|VPP3_HUMAN:sp|A0A0J9YY54|TX13D_HUMAN:sp|O75864|PPR37_HUMAN:sp|Q8TAS1|UHMK1_HUMAN:sp|Q2M296|MTHSD_HUMAN:sp|Q99986|VRK1_HUMAN:RNF43_DEL_C-p.G659Vfs*41_::chr17:58357300-58358300_frame=-2:sp|Q9NQS7|INCE_HUMAN:sp|Q9NQW8|CNGB3_HUMAN:sp|Q8TAT5|NEIL3_HUMAN:sp|Q6PI73|LIRA6_HUMAN:sp|A8MTZ0|BBIP1_HUMAN:sp|Q9H9Y2|RPF1_HUMAN:sp|Q9UDY2|ZO2_HUMAN:sp|Q9H6I2|SOX17_HUMAN:sp|Q9NR56|MBNL1_HUMAN:sp|Q8TCC7|S22A8_HUMAN,DeepNovo
K(+42.01)GDKKVEKV,22.61,1071.6288,9,77.8,9,1.2,358.21729,3,30.2035,11.4035,0.30,11446,HFX193_IPP292_GEL_CRC_324_Odd.raw,1.22E5,1.4E6,1,1,1,1,"Acetylation (N-term)",,0 0 14 7 4 3 3 5 5,K(+42.01)GDKKVEKV,sp|P07900|HS90A_HUMAN:sp|Q9Y5Y6|ST14_HUMAN:sp|P50461|CSRP3_HUMAN:sp|Q00526|CDK3_HUMAN:sp|Q58FF7|H90B3_HUMAN:sp|Q7Z410|TMPS9_HUMAN:sp|O00471|EXOC5_HUMAN:sp|O60518|RNBP6_HUMAN:sp|Q9BXT4|TDRD1_HUMAN:sp|Q5JU85|IQEC2_HUMAN:sp|O94804|STK10_HUMAN:sp|O95696|BRD1_HUMAN:sp|Q96MT7|CFA44_HUMAN:sp|Q96ST8|CEP89_HUMAN:sp|P05814|CASB_HUMAN:sp|Q8IYB1|M21D2_HUMAN:sp|Q5T5X7|BEND3_HUMAN:sp|Q9C0G6|DYH6_HUMAN:sp|Q641Q2|WAC2A_HUMAN:sp|Q9NYC9|DYH9_HUMAN:sp|Q9NZI8|IF2B1_HUMAN:sp|Q02880|TOP2B_HUMAN:sp|P51816|AFF2_HUMAN:sp|Q9UPA5|BSN_HUMAN:sp|O95292|VAPB_HUMAN:sp|A6NHC0|CAN8_HUMAN:sp|Q96QA5|GSDMA_HUMAN:sp|O00206|TLR4_HUMAN:sp|Q15025|TNIP1_HUMAN:sp|O60741|HCN1_HUMAN:sp|Q96C86|DCPS_HUMAN:sp|O75146|HIP1R_HUMAN:sp|Q9HC77|CENPJ_HUMAN:sp|Q9Y217|MTMR6_HUMAN:sp|Q9H9E3|COG4_HUMAN:sp|Q8NDH2|CC168_HUMAN:sp|Q9P2E9|RRBP1_HUMAN:sp|Q86YC2|PALB2_HUMAN:sp|Q8TBM8|DJB14_HUMAN:sp|O95365|ZBT7A_HUMAN:sp|Q86UP2|KTN1_HUMAN:sp|P26572|MGAT1_HUMAN:sp|Q7Z494|NPHP3_HUMAN:sp|Q9GZS0|DNAI2_HUMAN:sp|Q8NCX0|CC150_HUMAN:sp|P12882|MYH1_HUMAN:sp|A8MPP1|D11L8_HUMAN:sp|Q58FF6|H90B4_HUMAN:sp|O15393|TMPS2_HUMAN:sp|Q9NP80|PLPL8_HUMAN:sp|Q8N9B5|JMY_HUMAN:sp|P17676|CEBPB_HUMAN:sp|O60216|RAD21_HUMAN:sp|Q92771|DDX12_HUMAN:sp|Q8WVV5|BT2A2_HUMAN:sp|Q9H816|DCR1B_HUMAN:sp|Q9UDT6|CLIP2_HUMAN:sp|Q9Y4E1|WAC2C_HUMAN:sp|Q92817|EVPL_HUMAN:sp|Q9NYI0|PSD3_HUMAN:sp|Q9H8W3|F204A_HUMAN:sp|O00401|WASL_HUMAN:sp|Q96JM4|LRIQ1_HUMAN:sp|Q9HCE1|MOV10_HUMAN:sp|Q9BY66|KDM5D_HUMAN:sp|Q6VEQ5|WASH2_HUMAN:sp|O94964|SOGA1_HUMAN:sp|A8K0Z3|WASH1_HUMAN:sp|Q9H4B8|DPEP3_HUMAN:sp|Q9H7L9|SDS3_HUMAN:sp|Q9NQA3|WASH6_HUMAN:sp|O15381|NVL_HUMAN:sp|Q9P1Z3|HCN3_HUMAN:sp|Q96FC9|DDX11_HUMAN:sp|Q9NVV9|THAP1_HUMAN:sp|A8MWX3|WASH4_HUMAN:sp|Q96JA4|M4A14_HUMAN:sp|Q8IXJ9|ASXL1_HUMAN:sp|Q9BRX2|PELO_HUMAN:sp|Q2UY09|COSA1_HUMAN:sp|C4AMC7|WASH3_HUMAN:sp|Q14872|MTF1_HUMAN:sp|Q6ZN44|UNC5A_HUMAN:sp|Q6TFL3|CC171_HUMAN:sp|P20908|CO5A1_HUMAN:sp|Q6NW34|NEPRO_HUMAN:sp|P16452|EPB42_HUMAN:sp|Q9BY42|RTF2_HUMAN:sp|P14625|ENPL_HUMAN:sp|Q9UBZ9|REV1_HUMAN:sp|Q96C92|ENTR1_HUMAN:sp|Q58FF8|H90B2_HUMAN:sp|P09327|VILI_HUMAN:sp|P24941|CDK2_HUMAN:sp|Q9UL51|HCN2_HUMAN:sp|Q9UL19|PLAT4_HUMAN:sp|O15078|CE290_HUMAN:sp|Q9NVP1|DDX18_HUMAN:sp|P29218|IMPA1_HUMAN:sp|P08238|HS90B_HUMAN:sp|Q9BXT6|M10L1_HUMAN:sp|Q92540|SMG7_HUMAN:sp|P08908|5HT1A_HUMAN:sp|O75475|PSIP1_HUMAN:sp|O43586|PPIP1_HUMAN:sp|Q14554|PDIA5_HUMAN:sp|Q9H0H3|KLH25_HUMAN:sp|Q92598|HS105_HUMAN:sp|Q9ULD2|MTUS1_HUMAN:sp|P57075|UBS3A_HUMAN:sp|Q8NFU7|TET1_HUMAN:sp|P11137|MTAP2_HUMAN:sp|O15169|AXIN1_HUMAN:sp|P30307|MPIP3_HUMAN:sp|P13535|MYH8_HUMAN:sp|Q9BX97|PLVAP_HUMAN:sp|Q5T5U3|RHG21_HUMAN:sp|P26374|RAE2_HUMAN:sp|Q01780|EXOSX_HUMAN:sp|P82912|RT11_HUMAN,DeepNovo
K(+42.01)GFGRK,17.05,733.4235,6,66.7,6,0.9,367.71936,2,27.2608,17.3608,0.77,10225,HFX193_IPP292_GEL_CRC_324_Odd.raw,6.83E5,5.75E6,1,1,1,1,"Acetylation (N-term)",,5 15 11 0 0 2,K(+42.01)GFGRK,sp|Q96RK0|CIC_HUMAN,DB Search
K(+42.01)GGAKKHAL,31.71,950.5661,9,33.3,9,-0.9,476.28992,2,24.8882,7.1882,0.41,9266,HFX193_IPP292_GEL_CRC_324_Odd.raw,5.03E5,4.18E6,2,2,1,1,"Acetylation (N-term)",,0 0 0 0 0 0 12 12 5,K(+42.01)GGAKKHAL,sp|O15523|DDX3Y_HUMAN:sp|P40426|PBX3_HUMAN:sp|Q52M58|CN177_HUMAN:sp|P59827|BPIB4_HUMAN:sp|Q86VV8|RTTN_HUMAN:sp|Q96PX6|CC85A_HUMAN:sp|Q6ZW49|PAXI1_HUMAN:sp|Q86TI0|TBCD1_HUMAN:sp|P42336|PK3CA_HUMAN:sp|P40425|PBX2_HUMAN:sp|Q9Y4A5|TRRAP_HUMAN:sp|Q92574|TSC1_HUMAN:sp|P16109|LYAM3_HUMAN:sp|P17010|ZFX_HUMAN:sp|Q13813|SPTN1_HUMAN:sp|A0A3B3IRV3|MCTS2_HUMAN:sp|Q15878|CAC1E_HUMAN:sp|Q9NP91|S6A20_HUMAN:sp|Q9ULC4|MCTS1_HUMAN:sp|P52746|ZN142_HUMAN:sp|O60343|TBCD4_HUMAN:sp|Q9NRE2|TSH2_HUMAN:sp|Q9Y2L5|TPPC8_HUMAN:sp|Q9ULI0|ATD2B_HUMAN:sp|Q70CQ2|UBP34_HUMAN:sp|O00571|DDX3X_HUMAN:sp|Q9P104|DOK5_HUMAN,DeepNovo
K(+42.01)GGKGHKV,33.28,851.4977,8,75.0,8,1.5,426.75677,2,21.0003,18.9003,0.31,7706,HFX193_IPP292_GEL_CRC_324_Odd.raw,8.25E5,8.27E6,1,1,1,1,"Acetylation (N-term)",,5 1 1 7 3 3 14 5,K(+42.01)GGKGHKV,sp|Q9Y520|PRC2C_HUMAN:sp|Q6UVK1|CSPG4_HUMAN:sp|Q9Y6D5|BIG2_HUMAN:sp|Q2MKA7|RSPO1_HUMAN:sp|P08123|CO1A2_HUMAN:sp|O43763|TLX2_HUMAN:sp|Q8NFQ8|TOIP2_HUMAN:sp|Q5T8A7|PPR26_HUMAN:sp|Q86XP3|DDX42_HUMAN:sp|Q5FYA8|ARSH_HUMAN:sp|A6NHQ2|FBLL1_HUMAN:sp|P62805|H4_HUMAN:sp|Q13319|CD5R2_HUMAN:sp|P49590|SYHM_HUMAN:sp|Q5K4E3|POLS2_HUMAN:sp|Q8N9R0|CP081_HUMAN:sp|Q9Y6R7|FCGBP_HUMAN:sp|P78368|KC1G2_HUMAN:sp|O75592|MYCB2_HUMAN:sp|Q9P2N4|ATS9_HUMAN:sp|Q86WK9|PAQR7_HUMAN:sp|Q07092|COGA1_HUMAN:sp|Q8N865|CG031_HUMAN:sp|Q9HBJ7|UBP29_HUMAN:sp|P12110|CO6A2_HUMAN:sp|P20908|CO5A1_HUMAN:sp|P55084|ECHB_HUMAN:sp|Q587J7|TDR12_HUMAN:sp|Q5D862|FILA2_HUMAN:sp|Q12769|NU160_HUMAN:sp|Q6XPS3|TPTE2_HUMAN:sp|Q6UXK5|LRRN1_HUMAN:sp|Q96F83|CLBA1_HUMAN:sp|Q9Y3U8|RL36_HUMAN:sp|P61313|RL15_HUMAN:sp|P98174|FGD1_HUMAN:sp|P08069|IGF1R_HUMAN:sp|P34931|HS71L_HUMAN:sp|Q9NZR1|TMOD2_HUMAN:sp|Q9UBB5|MBD2_HUMAN:sp|P16066|ANPRA_HUMAN:sp|Q1L5Z9|LONF2_HUMAN:sp|Q86UX2|ITIH5_HUMAN:sp|O00257|CBX4_HUMAN:sp|Q8N5J4|SPIC_HUMAN:sp|Q15916|ZBTB6_HUMAN:sp|Q9BSJ8|ESYT1_HUMAN:sp|P51689|ARSD_HUMAN:sp|P51690|ARSL_HUMAN:sp|Q5VWQ8|DAB2P_HUMAN:sp|O76094|SRP72_HUMAN:sp|Q8IVH8|M4K3_HUMAN:sp|O15013|ARHGA_HUMAN:sp|P54793|ARSF_HUMAN:sp|Q4G0I0|UQCC4_HUMAN:sp|Q68DK7|MSL1_HUMAN:sp|P31629|ZEP2_HUMAN:sp|Q5T4S7|UBR4_HUMAN:sp|Q9BWG4|SSBP4_HUMAN:sp|Q9NQC1|JADE2_HUMAN:sp|P11230|ACHB_HUMAN:sp|P13942|COBA2_HUMAN:sp|P19801|AOC1_HUMAN:sp|P06213|INSR_HUMAN:sp|P14616|INSRR_HUMAN:sp|Q86YA3|ZGRF1_HUMAN,DeepNovo
K(+42.01)GGKHGVK,27.08,851.4977,8,75.0,8,2.8,426.75732,2,22.5636,14.8636,0.41,8301,HFX193_IPP292_GEL_CRC_324_Even.raw,6.13E4,6.97E5,1,1,1,1,"Acetylation (N-term)",,5 3 3 9 0 0 8 5,K(+42.01)GGKHGVK,,DeepNovo
K(+42.01)GGKKKGKGL,20.36,1041.6658,10,70.0,10,1.0,348.22955,3,24.2129,2.7129,0.29,8958,HFX193_IPP292_GEL_CRC_324_Even.raw,,,1,1,0,0,"Acetylation (N-term)",,0 0 0 4 3 2 9 3 3 5,K(+42.01)GGKKKGKGL,tr|A0A075B7D8|A0A075B7D8_HUMAN:sp|Q92664|TF3A_HUMAN:sp|Q02153|GCYB1_HUMAN:sp|Q08426|ECHP_HUMAN:sp|Q9Y3Q7|ADA18_HUMAN:sp|Q9UJU6|DBNL_HUMAN:sp|Q8N264|RHG24_HUMAN:sp|Q9ULG1|INO80_HUMAN:sp|Q13428|TCOF_HUMAN:sp|O95749|GGPPS_HUMAN:sp|P46013|KI67_HUMAN:sp|Q9H7D0|DOCK5_HUMAN:sp|Q9BYG7|MSTRO_HUMAN:sp|Q6DKI1|RL7L_HUMAN:sp|Q7RTT9|S29A4_HUMAN:sp|Q6P1W5|CA094_HUMAN:sp|Q8N4N3|KLH36_HUMAN:sp|P49589|SYCC_HUMAN:sp|Q96CW1|AP2M1_HUMAN:sp|Q5SYE7|NHSL1_HUMAN:sp|Q14183|DOC2A_HUMAN:sp|Q68DE3|USF3_HUMAN:sp|Q86Y26|NUTM1_HUMAN:sp|Q9NY57|ST32B_HUMAN:sp|Q8N660|NBPFF_HUMAN:sp|Q14185|DOCK1_HUMAN:sp|P51532|SMCA4_HUMAN:sp|Q6ISB3|GRHL2_HUMAN:sp|P0DPF3|NBPF9_HUMAN:sp|O76041|NEBL_HUMAN:sp|P35442|TSP2_HUMAN:sp|O15047|SET1A_HUMAN:sp|Q8TDI0|CHD5_HUMAN:sp|Q9BZI1|IRX2_HUMAN:sp|Q9UGJ1|GCP4_HUMAN:sp|P48167|GLRB_HUMAN:sp|P30520|PURA2_HUMAN:sp|Q9Y561|LRP12_HUMAN:sp|Q3BBV2|NBPF8_HUMAN:sp|Q8WXI9|P66B_HUMAN:sp|Q6ZTY9|CG065_HUMAN:sp|P11766|ADHX_HUMAN:sp|O95922|TTLL1_HUMAN:sp|Q8N309|LRC43_HUMAN:sp|Q5VZP5|STYL2_HUMAN:sp|Q86VW0|SESD1_HUMAN:sp|Q5VZL5|ZMYM4_HUMAN:sp|P16234|PGFRA_HUMAN:sp|Q9Y4J8|DTNA_HUMAN:sp|P21741|MK_HUMAN:sp|Q9Y5S1|TRPV2_HUMAN:sp|Q6NSI1|AR26L_HUMAN:sp|O43147|SGSM2_HUMAN:sp|P51531|SMCA2_HUMAN:sp|Q9H040|SPRTN_HUMAN:sp|Q8WTQ4|CP078_HUMAN:sp|Q9NVD3|SETD4_HUMAN:sp|Q7Z6Z7|HUWE1_HUMAN:sp|Q3SY00|T10IP_HUMAN:sp|Q04637|IF4G1_HUMAN:sp|Q9Y223|GLCNE_HUMAN:sp|O75177|CREST_HUMAN:sp|Q6P3W6|NBPFA_HUMAN:sp|Q3BBV0|NBPF1_HUMAN:sp|P46781|RS9_HUMAN:sp|Q5T3I0|GPTC4_HUMAN:sp|P17029|ZKSC1_HUMAN:sp|Q6UXK2|ISLR2_HUMAN:sp|Q13627|DYR1A_HUMAN:sp|O94850|DEND_HUMAN:sp|Q6GMV2|SMYD5_HUMAN:sp|Q8IYB4|PEX5R_HUMAN:sp|Q9H799|CPLN1_HUMAN:sp|P01266|THYG_HUMAN:sp|P36969|GPX4_HUMAN:sp|Q7KZ85|SPT6H_HUMAN:sp|Q5TAG4|NBPFC_HUMAN:sp|P20936|RASA1_HUMAN:sp|Q8NDY6|BHE23_HUMAN:sp|Q4LE39|ARI4B_HUMAN:sp|P09132|SRP19_HUMAN:sp|B4DH59|NBPFP_HUMAN:sp|O15417|TNC18_HUMAN:sp|Q06643|TNFC_HUMAN:sp|O14686|KMT2D_HUMAN:sp|O60763|USO1_HUMAN:sp|Q5T1M5|FKB15_HUMAN:sp|P59282|TPPP2_HUMAN:sp|Q8TAZ6|CKLF2_HUMAN:sp|Q99075|HBEGF_HUMAN:sp|Q8N3U4|STAG2_HUMAN:sp|Q8TE82|S3TC1_HUMAN:sp|Q9C0C2|TB182_HUMAN:sp|Q9BW30|TPPP3_HUMAN:sp|Q9H8G2|CAAP1_HUMAN:sp|Q92545|TM131_HUMAN:sp|O43149|ZZEF1_HUMAN:sp|A0A087WUL8|NBPFJ_HUMAN:sp|O75976|CBPD_HUMAN:sp|Q6UY14|ATL4_HUMAN:sp|Q69YH5|CDCA2_HUMAN:sp|Q8TCU6|PREX1_HUMAN:sp|P48960|AGRE5_HUMAN:sp|O00585|CCL21_HUMAN:sp|Q7Z5J4|RAI1_HUMAN:sp|Q9P267|MBD5_HUMAN:sp|Q8N3K9|CMYA5_HUMAN:sp|Q6ZVT0|TTL10_HUMAN:sp|Q3KQZ1|S2535_HUMAN:sp|Q8TAY7|F110D_HUMAN:sp|Q3SXZ7|TTLL9_HUMAN:sp|Q12894|IFRD2_HUMAN:sp|Q68E01|INT3_HUMAN:sp|O15018|PDZD2_HUMAN:sp|Q9UJQ4|SALL4_HUMAN:sp|H3BMG3|SMKR1_HUMAN:sp|P0DPF2|NBPFK_HUMAN:sp|Q5TH69|BIG3_HUMAN:sp|Q8TAV3|CP2W1_HUMAN:sp|Q8N841|TTLL6_HUMAN,DeepNovo
K(+42.01)GGKKPM(+15.99)SL,42.34,1002.5532,9,100.0,9,1.2,502.28448,2,29.7333,9.2333,0.60,11215,HFX193_IPP292_GEL_CRC_324_Odd.raw,1.73E6,1.15E7,1,1,1,1,"Acetylation (N-term);Oxidation (M)",,5 2 2 11 18 2 2 6 5,K(+42.01)GGKKPM(+15.99)SL,sp|Q9H7Z7|PGES2_HUMAN:sp|Q6ZVW7|I17EL_HUMAN:sp|Q5MNZ6|WIPI3_HUMAN:sp|Q6PIF6|MYO7B_HUMAN:sp|Q9UKZ4|TEN1_HUMAN:sp|P35268|RL22_HUMAN:sp|Q7L985|LIGO2_HUMAN:sp|P11055|MYH3_HUMAN:sp|P23470|PTPRG_HUMAN:sp|Q15744|CEBPE_HUMAN:sp|O95522|PRA12_HUMAN:sp|Q9BQG2|NUD12_HUMAN:sp|O75678|RFPL2_HUMAN:sp|Q10587|TEF_HUMAN:sp|Q9P0M6|H2AW_HUMAN:sp|Q7Z6J0|SH3R1_HUMAN:sp|Q9UPZ3|HPS5_HUMAN:sp|Q9Y450|HBS1L_HUMAN:sp|Q8NFJ9|BBS1_HUMAN:sp|P08842|STS_HUMAN:sp|Q6ZT12|UBR3_HUMAN:sp|O75679|RFPL3_HUMAN:sp|Q8N5U6|RNF10_HUMAN:sp|O00445|SYT5_HUMAN:sp|Q86VY4|TSYL5_HUMAN:sp|Q9UKX2|MYH2_HUMAN:sp|Q8TDR4|TCP1L_HUMAN:sp|Q9BRQ6|MIC25_HUMAN:sp|P51610|HCFC1_HUMAN:sp|Q9UKX3|MYH13_HUMAN:sp|Q5U4N7|GDAS1_HUMAN:sp|Q7L8L6|FAKD5_HUMAN:sp|Q9HBI0|PARVG_HUMAN:sp|Q9UPQ9|TNR6B_HUMAN:sp|P12882|MYH1_HUMAN:sp|Q13061|TRDN_HUMAN:sp|Q5JU67|CF157_HUMAN:sp|P61247|RS3A_HUMAN:sp|Q5HYW3|RTL5_HUMAN:sp|O14964|HGS_HUMAN:sp|A0A1B0GVH6|CM042_HUMAN:sp|Q9HB55|CP343_HUMAN:sp|O95389|CCN6_HUMAN:sp|Q8N1A0|KT222_HUMAN:sp|Q96AC1|FERM2_HUMAN:sp|O60682|MUSC_HUMAN:sp|Q9UQ10|DHDH_HUMAN:sp|Q8TE77|SSH3_HUMAN:sp|Q9HCK4|ROBO2_HUMAN:sp|Q3SY52|ZIK1_HUMAN:sp|Q5T655|CFA58_HUMAN:sp|Q13356|PPIL2_HUMAN:sp|Q70E73|RAPH1_HUMAN:sp|P27816|MAP4_HUMAN:sp|Q86XK3|SFR1_HUMAN:sp|O95793|STAU1_HUMAN:sp|P35626|ARBK2_HUMAN:sp|O75147|OBSL1_HUMAN:sp|Q9HBR0|S38AA_HUMAN:sp|Q5VWK5|IL23R_HUMAN:sp|P78325|ADAM8_HUMAN:sp|P13533|MYH6_HUMAN:sp|P52179|MYOM1_HUMAN:sp|Q9C0D5|TANC1_HUMAN:sp|Q8IWB6|TEX14_HUMAN:sp|Q9BW19|KIFC1_HUMAN:sp|O14647|CHD2_HUMAN:sp|P21333|FLNA_HUMAN:sp|Q14106|TOB2_HUMAN:sp|P54277|PMS1_HUMAN:sp|O75677|RFPL1_HUMAN:sp|Q7Z5J4|RAI1_HUMAN:sp|Q63HN8|RN213_HUMAN:sp|Q12955|ANK3_HUMAN:sp|Q9HCM1|RESF1_HUMAN:sp|P02810|PRPC_HUMAN:sp|Q9Y623|MYH4_HUMAN:sp|Q6R2W3|SCND3_HUMAN:sp|Q15059|BRD3_HUMAN:sp|Q9P2K3|RCOR3_HUMAN:sp|O15018|PDZD2_HUMAN:sp|P61019|RAB2A_HUMAN:sp|P12883|MYH7_HUMAN:sp|P20264|PO3F3_HUMAN:sp|Q10571|MN1_HUMAN:sp|Q12929|EPS8_HUMAN:sp|Q9UKM7|MA1B1_HUMAN:sp|O15347|HMGB3_HUMAN:sp|P35790|CHKA_HUMAN:sp|Q4G0P3|HYDIN_HUMAN:RPL22_DEL_T-p.K15Rfs*5_::chr1:6197225-6198225_frame=-2:sp|P13535|MYH8_HUMAN:sp|Q03701|CEBPZ_HUMAN:sp|A0JNW5|BLT3B_HUMAN:sp|P25054|APC_HUMAN:sp|P50222|MEOX2_HUMAN:sp|Q12873|CHD3_HUMAN:sp|Q9Y5G1|PCDGF_HUMAN:sp|Q9NRH2|SNRK_HUMAN:sp|O00562|PITM1_HUMAN:sp|Q9UH03|SEPT3_HUMAN:sp|Q9UPN3|MACF1_HUMAN:sp|Q96RN5|MED15_HUMAN,DeepNovo
K(+42.01)GGKPSLVPGF,43.86,1127.6339,11,45.5,11,-2.0,376.88449,3,24.9925,5.6925,0.69,9304,HFX193_IPP292_GEL_CRC_324_Odd.raw,2.54E5,2.97E6,1,1,1,1,"Acetylation (N-term)",,4 1 0 18 4 3 1 0 0 1 5,K(+42.01)GGKPSLVPGF,sp|Q86V25|VASH2_HUMAN:sp|Q9BQN1|FA83C_HUMAN:tr|A0A0G2JMM0|A0A0G2JMM0_HUMAN:sp|O43414|ERI3_HUMAN:sp|Q8NES3|LFNG_HUMAN:sp|Q86YP4|P66A_HUMAN:sp|Q8WZ42|TITIN_HUMAN:sp|Q5T2N8|ATD3C_HUMAN:sp|O15417|TNC18_HUMAN:sp|Q96PQ6|ZN317_HUMAN:sp|Q8IYU8|MICU2_HUMAN:sp|Q8NHK3|KI2LB_HUMAN:sp|Q12766|HMGX3_HUMAN:sp|Q9P2D7|DYH1_HUMAN:sp|A0A5F9ZHS7|NFILZ_HUMAN:sp|Q5T9A4|ATD3B_HUMAN:tr|A0A1W2PRS3|A0A1W2PRS3_HUMAN:sp|Q96P26|5NT1B_HUMAN:sp|O60318|GANP_HUMAN:sp|Q8IWB6|TEX14_HUMAN:sp|Q96Q07|BTBD9_HUMAN:sp|Q6V0I7|FAT4_HUMAN:sp|B3KU38|IQIP1_HUMAN:sp|P51787|KCNQ1_HUMAN:sp|O60281|ZN292_HUMAN:sp|Q9BXW7|HDHD5_HUMAN:sp|Q9NXH8|TOR4A_HUMAN:sp|Q9BRP4|PAAF1_HUMAN:sp|P14867|GBRA1_HUMAN:sp|O75603|GCM2_HUMAN:sp|Q9NUL7|DDX28_HUMAN:sp|Q14641|INSL4_HUMAN:sp|C9J3V5|TEX22_HUMAN:sp|O95758|PTBP3_HUMAN:sp|Q13485|SMAD4_HUMAN:sp|Q8TCU4|ALMS1_HUMAN:sp|Q86UK0|ABCAC_HUMAN:sp|Q86YW5|TRML1_HUMAN:sp|P32856|STX2_HUMAN:sp|Q9ULE6|PALD_HUMAN:sp|Q58EX7|PKHG4_HUMAN:tr|A0A0G2JN01|A0A0G2JN01_HUMAN:sp|P15918|RAG1_HUMAN:sp|Q9H9Y6|RPA2_HUMAN:sp|P0DPB3|SCHI1_HUMAN:sp|Q9NVI7|ATD3A_HUMAN:sp|Q8N743|KI3L3_HUMAN:sp|Q9HC56|PCDH9_HUMAN:sp|Q8N109|KI2LA_HUMAN:sp|Q9BXJ9|NAA15_HUMAN:sp|P48634|PRC2A_HUMAN:sp|Q96S82|UBL7_HUMAN:sp|P07911|UROM_HUMAN:sp|O94913|PCF11_HUMAN:sp|Q8TDW7|FAT3_HUMAN:sp|Q9NR09|BIRC6_HUMAN:sp|Q9BZ11|ADA33_HUMAN,DeepNovo
K(+42.01)GGLHKVL,36.66,892.5494,8,75.0,8,2.5,447.28308,2,36.6480,14.4480,0.20,14028,HFX193_IPP292_GEL_CRC_324_Odd.raw,9.29E5,6.57E6,1,1,1,1,"Acetylation (N-term)",,5 0 0 19 21 8 8 5,K(+42.01)GGLHKVL,sp|Q12767|TMM94_HUMAN:sp|O75369|FLNB_HUMAN:sp|P15923|TFE2_HUMAN:sp|Q9NRP7|STK36_HUMAN:sp|Q8IYY4|DZI1L_HUMAN:sp|Q9UDT6|CLIP2_HUMAN:sp|Q9BW27|NUP85_HUMAN:ZNF518A_DEL_A-p.T929Lfs*2_::chr10:96158599-96159599_frame=-3:sp|Q8TDJ6|DMXL2_HUMAN:sp|Q9P275|UBP36_HUMAN:sp|Q6ZRS2|SRCAP_HUMAN:sp|Q99698|LYST_HUMAN:sp|P00540|MOS_HUMAN:sp|Q96DY2|DRC10_HUMAN:sp|Q9P2R6|RERE_HUMAN:sp|Q12906|ILF3_HUMAN:sp|P33992|MCM5_HUMAN:sp|Q9UJA3|MCM8_HUMAN:sp|Q6N021|TET2_HUMAN:sp|Q96ST8|CEP89_HUMAN:sp|O95180|CAC1H_HUMAN:sp|Q9H7R5|ZN665_HUMAN:sp|P17655|CAN2_HUMAN:sp|Q86WZ6|ZN227_HUMAN:sp|Q6ZTR5|CFA47_HUMAN:sp|P51532|SMCA4_HUMAN:sp|P11233|RALA_HUMAN:sp|Q8NFQ5|BPIB6_HUMAN:sp|Q02108|GCYA1_HUMAN:sp|Q14315|FLNC_HUMAN:sp|P11234|RALB_HUMAN:sp|O43464|HTRA2_HUMAN:sp|Q14839|CHD4_HUMAN:sp|Q8N201|INT1_HUMAN:sp|Q02880|TOP2B_HUMAN:sp|P0C7X3|CCYL3_HUMAN:sp|Q7RTS7|K2C74_HUMAN:sp|Q9UBW8|CSN7A_HUMAN:sp|Q6TFL3|CC171_HUMAN:sp|P11388|TOP2A_HUMAN:sp|O15118|NPC1_HUMAN:sp|Q8TCG1|CIP2A_HUMAN:sp|Q3SY84|K2C71_HUMAN:sp|Q8TDI0|CHD5_HUMAN:sp|O75146|HIP1R_HUMAN:sp|A8MXY4|ZNF99_HUMAN:sp|Q9HCC8|GDPD2_HUMAN:sp|O14647|CHD2_HUMAN:sp|Q9BZY9|TRI31_HUMAN:sp|O14926|FSCN2_HUMAN:sp|Q86UP2|KTN1_HUMAN:sp|Q9HCG1|ZN160_HUMAN:sp|Q96EV2|RBM33_HUMAN:sp|Q32M84|BTBDG_HUMAN:sp|Q7Z3B4|NUP54_HUMAN:sp|Q96AY4|TTC28_HUMAN:sp|Q9UP52|TFR2_HUMAN:sp|P51531|SMCA2_HUMAN:sp|O60610|DIAP1_HUMAN:sp|Q5T7W7|TSTD2_HUMAN:sp|Q07864|DPOE1_HUMAN:sp|Q86Y46|K2C73_HUMAN:sp|Q9Y485|DMXL1_HUMAN:sp|A4D0V7|CPED1_HUMAN:sp|Q9UBQ6|EXTL2_HUMAN:sp|Q9BUL9|RPP25_HUMAN:sp|Q12873|CHD3_HUMAN:sp|Q86U86|PB1_HUMAN:sp|A4D2B8|PM2P1_HUMAN:sp|Q13228|SBP1_HUMAN:sp|Q8N3A8|PARP8_HUMAN:sp|A6NNP5|CC169_HUMAN:sp|O75153|CLU_HUMAN:sp|Q96KR1|ZFR_HUMAN,DeepNovo
K(+42.01)GGLHRK,29.27,836.4980,7,71.4,7,0.3,419.25644,2,23.8435,19.1435,0.15,8746,HFX193_IPP292_GEL_CRC_324_Odd.raw,1.9E7,5.6E7,4,4,2,2,"Acetylation (N-term)",,2 0 0 70 12 6 5,K(+42.01)GGLHRK,sp|E9PQ53|NDUCR_HUMAN:sp|Q92896|GSLG1_HUMAN:sp|O75570|RF1M_HUMAN:sp|O14773|TPP1_HUMAN:sp|Q8IZD9|DOCK3_HUMAN:sp|O60896|RAMP3_HUMAN:sp|O95298|NDUC2_HUMAN:sp|O43866|CD5L_HUMAN:sp|P33402|GCYA2_HUMAN:sp|O95602|RPA1_HUMAN:sp|Q9NY28|GALT8_HUMAN:sp|P43146|DCC_HUMAN:sp|P63010|AP2B1_HUMAN:sp|Q96A00|PP14A_HUMAN:sp|O00488|ZN593_HUMAN:sp|Q9ULJ7|ANR50_HUMAN:sp|A2VEC9|SSPO_HUMAN:sp|Q9BV73|CP250_HUMAN:sp|A0A1B0GTK4|F237A_HUMAN:sp|Q96RL7|VP13A_HUMAN:sp|Q9UPC5|GPR34_HUMAN:NDUFC2_DEL_AA-p.F69Cfs*9_::chr11:78072601-78073602_frame=-2,DeepNovo
K(+42.01)GGLHRKTV,47.78,1036.6141,9,77.8,9,2.2,519.31549,2,27.3173,9.2173,0.28,10212,HFX193_IPP292_GEL_CRC_324_Even.raw,4.04E6,2.63E7,1,1,1,1,"Acetylation (N-term)",,3 0 0 61 13 3 4 11 5,K(+42.01)GGLHRKTV,sp|O14773|TPP1_HUMAN:sp|Q8IZD9|DOCK3_HUMAN:sp|O43193|MTLR_HUMAN:sp|Q9HC35|EMAL4_HUMAN:sp|P33402|GCYA2_HUMAN:sp|P43146|DCC_HUMAN:sp|Q96A00|PP14A_HUMAN:sp|Q9ULJ7|ANR50_HUMAN:sp|Q9BV73|CP250_HUMAN:sp|B2RTY4|MYO9A_HUMAN:sp|Q8IWJ2|GCC2_HUMAN:sp|Q9UPC5|GPR34_HUMAN:sp|Q499Z4|ZN672_HUMAN:sp|O75570|RF1M_HUMAN:sp|Q07837|SLC31_HUMAN:sp|O95298|NDUC2_HUMAN:sp|O43866|CD5L_HUMAN:sp|P63010|AP2B1_HUMAN:sp|O00488|ZN593_HUMAN:sp|Q8IVF5|TIAM2_HUMAN:sp|Q5T9A4|ATD3B_HUMAN:sp|A0A1B0GTK4|F237A_HUMAN:sp|Q5BJF6|ODFP2_HUMAN:sp|Q96RL7|VP13A_HUMAN:sp|P33240|CSTF2_HUMAN:sp|P26006|ITA3_HUMAN:sp|Q92896|GSLG1_HUMAN:sp|Q9Y5F3|PCDB1_HUMAN:sp|O75339|CILP1_HUMAN:sp|O15297|PPM1D_HUMAN:sp|O43353|RIPK2_HUMAN:sp|A6NKG5|RTL1_HUMAN:sp|Q8TF74|WIPF2_HUMAN:sp|P61163|ACTZ_HUMAN:sp|O95602|RPA1_HUMAN:sp|P13569|CFTR_HUMAN:sp|Q9C0D4|Z518B_HUMAN:sp|Q13753|LAMC2_HUMAN:sp|P42025|ACTY_HUMAN:sp|P46779|RL28_HUMAN:sp|Q92547|TOPB1_HUMAN:NDUFC2_DEL_AA-p.F69Cfs*9_::chr11:78072601-78073602_frame=-2:sp|E9PQ53|NDUCR_HUMAN:sp|Q9P0Z9|SOX_HUMAN:sp|P17031|ZNF26_HUMAN:sp|Q9UFB7|ZBT47_HUMAN:sp|O60896|RAMP3_HUMAN:sp|Q9H9D4|ZN408_HUMAN:sp|Q9NVI7|ATD3A_HUMAN:sp|Q9NY28|GALT8_HUMAN:sp|Q68D51|DEN2C_HUMAN:sp|A0A087WXM9|MEIKN_HUMAN:sp|A2VEC9|SSPO_HUMAN,DeepNovo
K(+42.01)GGLHVTKR,36.09,1036.6141,9,55.6,9,1.5,346.54584,3,27.3181,11.6181,0.13,10211,HFX193_IPP292_GEL_CRC_324_Even.raw,4.65E6,3.07E7,1,1,1,1,"Acetylation (N-term)",,3 0 0 92 13 2 2 1 1,K(+42.01)GGLHVTKR,sp|Q9HD26|GOPC_HUMAN:sp|Q7L2H7|EIF3M_HUMAN:sp|Q8IXF0|NPAS3_HUMAN:sp|P51805|PLXA3_HUMAN:sp|P15822|ZEP1_HUMAN:sp|P52333|JAK3_HUMAN:sp|Q9UH90|FBX40_HUMAN:sp|Q6UWW0|LCN15_HUMAN:sp|P14616|INSRR_HUMAN:sp|P21589|5NTD_HUMAN,DeepNovo
K(+42.01)GGLKKDRL,34.41,1055.6451,9,77.8,9,1.4,352.88947,3,31.2810,10.0809,0.42,11857,HFX193_IPP292_GEL_CRC_324_Odd.raw,1.01E5,8.76E5,1,1,1,1,"Acetylation (N-term)",,5 1 0 3 7 3 2 2 5,K(+42.01)GGLKKDRL,sp|Q504Q3|PAN2_HUMAN:sp|Q96HM7|PED1B_HUMAN:sp|Q96JQ0|PCD16_HUMAN:sp|Q9BZF9|UACA_HUMAN:sp|Q9UGF6|OR5V1_HUMAN:sp|Q15413|RYR3_HUMAN:sp|Q9H2G4|TSYL2_HUMAN:sp|Q96FW1|OTUB1_HUMAN:sp|P98194|AT2C1_HUMAN:sp|Q92817|EVPL_HUMAN:sp|Q9H6R4|NOL6_HUMAN:sp|P31943|HNRH1_HUMAN:sp|Q9BYP7|WNK3_HUMAN:sp|O15050|TRNK1_HUMAN:sp|Q9BZR9|TRIM8_HUMAN:sp|Q8TAF3|WDR48_HUMAN:sp|Q5VTY9|HHAT_HUMAN:sp|Q9Y5A7|NUB1_HUMAN:sp|P16435|NCPR_HUMAN:sp|Q9H4L7|SMRCD_HUMAN:sp|Q96SW2|CRBN_HUMAN:sp|Q96NH3|BROMI_HUMAN:sp|Q4VXU2|PAP1L_HUMAN:sp|P19823|ITIH2_HUMAN:sp|A8MZ36|EVPLL_HUMAN:sp|P14317|HCLS1_HUMAN:sp|Q9UBV2|SE1L1_HUMAN:sp|Q6F5E8|CARL2_HUMAN:sp|Q96I59|SYNM_HUMAN:sp|Q155Q3|DIXC1_HUMAN:sp|Q9P0J1|PDP1_HUMAN:sp|Q5TB80|CE162_HUMAN:sp|O60279|SUSD5_HUMAN:sp|Q9BRS2|RIOK1_HUMAN:sp|Q96N46|TTC14_HUMAN:sp|P55196|AFAD_HUMAN:sp|Q92504|S39A7_HUMAN:sp|Q6WCQ1|MPRIP_HUMAN:sp|Q99463|NPY6R_HUMAN:sp|Q9BTV5|FSD1_HUMAN:sp|P30279|CCND2_HUMAN:sp|Q9NVR0|KLH11_HUMAN:sp|Q9Y2I9|TBC30_HUMAN:sp|Q16134|ETFD_HUMAN:sp|Q9BSF4|TIM29_HUMAN:sp|O15400|STX7_HUMAN:sp|Q9NRX3|NUA4L_HUMAN:sp|Q99990|VGLL1_HUMAN:sp|Q8J025|APCD1_HUMAN:sp|P39023|RL3_HUMAN:sp|P42345|MTOR_HUMAN:sp|Q99459|CDC5L_HUMAN:sp|O75175|CNOT3_HUMAN:sp|Q68CP9|ARID2_HUMAN:sp|Q7L0X2|ERIP6_HUMAN:sp|P52597|HNRPF_HUMAN:sp|M0R2J8|DCDC1_HUMAN:sp|P19827|ITIH1_HUMAN:sp|O15085|ARHGB_HUMAN:sp|O95757|HS74L_HUMAN:sp|P55884|EIF3B_HUMAN:sp|Q9Y4G6|TLN2_HUMAN:sp|O43314|VIP2_HUMAN:sp|O76036|NCTR1_HUMAN:sp|O00443|P3C2A_HUMAN:sp|Q9H4L4|SENP3_HUMAN:sp|Q8IUD2|RB6I2_HUMAN:sp|Q8WW38|FOG2_HUMAN:sp|Q8NHS4|CLHC1_HUMAN:sp|Q09161|NCBP1_HUMAN:sp|P29320|EPHA3_HUMAN:sp|F5GYI3|UBA1L_HUMAN:sp|Q8IYW2|CFA46_HUMAN:sp|O00141|SGK1_HUMAN:sp|O95104|SCAF4_HUMAN:sp|Q13107|UBP4_HUMAN:sp|O14757|CHK1_HUMAN:sp|P82979|SARNP_HUMAN:sp|A2CJ06|DYTN_HUMAN:sp|Q9Y6V0|PCLO_HUMAN:sp|Q01546|K22O_HUMAN:sp|O15534|PER1_HUMAN:sp|P11940|PABP1_HUMAN:sp|O95416|SOX14_HUMAN:sp|Q9H361|PABP3_HUMAN:sp|Q96J65|MRP9_HUMAN:sp|P55795|HNRH2_HUMAN:sp|P09874|PARP1_HUMAN:sp|Q9BXU7|UBP26_HUMAN:sp|Q92736|RYR2_HUMAN:sp|P36956|SRBP1_HUMAN:sp|Q2KHM9|MOONR_HUMAN,DeepNovo
K(+42.01)GGLVL,17.43,627.3955,6,100.0,6,-0.4,628.40259,1,67.2308,-16.0692,0.64,26272,HFX193_IPP292_GEL_CRC_324_Even.raw,3.8E5,2.46E6,2,2,1,1,"Acetylation (N-term)",,5 4 4 85 27 5,K(+42.01)GGLVL,sp|P48023|TNFL6_HUMAN:sp|Q15751|HERC1_HUMAN:sp|P08240|SRPRA_HUMAN:sp|O60256|KPRB_HUMAN,DB Search
K(+42.01)GHKKKLL,20.09,992.6495,8,75.0,8,2.6,497.33328,2,26.2424,7.7424,0.20,9805,HFX193_IPP292_GEL_CRC_324_Even.raw,2.17E6,1.4E7,2,2,2,2,"Acetylation (N-term)",,0 0 3 4 4 9 21 5,K(+42.01)GHKKKLL,sp|P54762|EPHB1_HUMAN:sp|P48556|PSMD8_HUMAN:sp|P52701|MSH6_HUMAN:sp|P58107|EPIPL_HUMAN:sp|Q9NSC7|SIA7A_HUMAN:sp|P59046|NAL12_HUMAN:sp|P53680|AP2S1_HUMAN:sp|P58418|CLRN1_HUMAN:sp|Q96JH7|VCIP1_HUMAN:sp|O75031|HSF2B_HUMAN:sp|Q68DL7|CR063_HUMAN:sp|Q8ND07|BBOF1_HUMAN:sp|Q9UKZ4|TEN1_HUMAN:sp|Q8IWZ3|ANKH1_HUMAN:sp|Q13434|MKRN4_HUMAN:sp|Q8N6W0|CELF5_HUMAN:sp|Q92621|NU205_HUMAN:sp|Q9P1Z9|CC180_HUMAN:sp|Q96KG9|SCYL1_HUMAN:sp|Q15034|HERC3_HUMAN:sp|Q5SQ80|A20A2_HUMAN:sp|Q93073|SBP2L_HUMAN:sp|Q96Q35|FACC1_HUMAN:sp|Q709C8|VP13C_HUMAN:sp|Q5T9A4|ATD3B_HUMAN:sp|Q6PL18|ATAD2_HUMAN:sp|Q7L8W6|DPH6_HUMAN:sp|Q96QA5|GSDMA_HUMAN:sp|P35498|SCN1A_HUMAN:sp|Q8N1F7|NUP93_HUMAN:sp|Q6ZU69|S31F1_HUMAN:SLC35F5_DEL_A-p.C248Afs*22_::chr2:113742200-113743200_frame=3:sp|P29084|T2EB_HUMAN:sp|O43592|XPOT_HUMAN:sp|O15197|EPHB6_HUMAN:sp|O75037|KI21B_HUMAN:sp|A4D1E9|GTPBA_HUMAN:sp|P24666|PPAC_HUMAN:sp|Q9Y2F5|ICE1_HUMAN:sp|Q6P4F7|RHGBA_HUMAN:sp|Q8IYE0|CC146_HUMAN:sp|Q8WXW3|PIBF1_HUMAN:sp|Q5VWQ8|DAB2P_HUMAN:sp|Q8IXS2|DRC2_HUMAN:sp|Q9H6A0|DEN2D_HUMAN:sp|O60749|SNX2_HUMAN:sp|Q96DT0|LEG12_HUMAN:sp|Q9ULV3|CIZ1_HUMAN:sp|A2A3K4|PTPC1_HUMAN:sp|P11532|DMD_HUMAN:sp|Q96BD5|PF21A_HUMAN:sp|Q53RD9|FBLN7_HUMAN:sp|A6NNP5|CC169_HUMAN:sp|Q8NHY0|B4GN2_HUMAN:sp|Q6P9F0|CCD62_HUMAN:sp|Q9Y2D4|EXC6B_HUMAN:sp|Q96EK2|PF21B_HUMAN:sp|Q96FS4|SIPA1_HUMAN:sp|Q92782|DPF1_HUMAN:sp|Q8IZU3|SYCP3_HUMAN:sp|Q5T5S1|CC183_HUMAN:sp|Q9P212|PLCE1_HUMAN:sp|Q9UKE5|TNIK_HUMAN:sp|Q5VU43|MYOME_HUMAN:sp|O15066|KIF3B_HUMAN:sp|Q9Y2I7|FYV1_HUMAN:sp|Q03989|ARI5A_HUMAN:sp|Q09428|ABCC8_HUMAN:sp|Q5VUR7|A20A3_HUMAN:sp|P28329|CLAT_HUMAN:sp|P02549|SPTA1_HUMAN:sp|Q9UEU0|VTI1B_HUMAN:sp|O76014|KRT37_HUMAN:sp|P30876|RPB2_HUMAN:sp|P35240|MERL_HUMAN:sp|Q5T4D3|TMTC4_HUMAN:sp|A0AUZ9|KAL1L_HUMAN:sp|A6NHR8|FA47D_HUMAN:sp|O94876|TMCC1_HUMAN:sp|Q86YW9|MD12L_HUMAN:sp|Q8IXJ9|ASXL1_HUMAN:sp|Q8TDI7|TMC2_HUMAN:sp|A8MZF0|PRR33_HUMAN:sp|Q3KNS1|PTHD3_HUMAN:sp|Q9NQ66|PLCB1_HUMAN:sp|Q9Y3P9|RBGP1_HUMAN:sp|P54132|BLM_HUMAN:sp|Q6A162|K1C40_HUMAN:sp|Q9H560|ANR19_HUMAN:ENO4_DEL_A-p.K207Rfs*32_::chr10:116858617-116859617_frame=1:sp|Q5VU69|CP141_HUMAN:sp|Q9H3J6|MTRFR_HUMAN:sp|P18887|XRCC1_HUMAN:sp|Q86SQ4|AGRG6_HUMAN:sp|P42345|MTOR_HUMAN:sp|Q5VVM6|CCD30_HUMAN:sp|P35580|MYH10_HUMAN:sp|Q9HCX4|TRPC7_HUMAN:sp|P08047|SP1_HUMAN:MIS18BP1_DEL_T-p.K157Nfs*24_::chr14:45246316-45247316_frame=-2:sp|Q09MP3|R51A2_HUMAN:sp|Q13241|KLRD1_HUMAN:sp|Q9UGI6|KCNN3_HUMAN:sp|Q569K4|Z385B_HUMAN:sp|Q9NZJ4|SACS_HUMAN:sp|Q15652|JHD2C_HUMAN:sp|P35711|SOX5_HUMAN:sp|P15509|CSF2R_HUMAN:sp|Q8N3K9|CMYA5_HUMAN:sp|Q96M02|CJ090_HUMAN:MSH3_DEL_A-p.K383Rfs*32_::chr5:80674596-80675596_frame=-3:sp|Q9GZX5|ZN350_HUMAN:sp|Q9NZC9|SMAL1_HUMAN:sp|Q68CQ4|UTP25_HUMAN:sp|Q9Y600|CSAD_HUMAN:sp|Q99704|DOK1_HUMAN:sp|Q9UK59|DBR1_HUMAN:sp|Q99832|TCPH_HUMAN:RBM27_DEL_A-p.K816Nfs*5_::chr5:146267257-146268257_frame=-1:sp|O95239|KIF4A_HUMAN,DeepNovo
K(+42.01)GKFKFPLVEK,45.34,1361.8070,11,45.5,11,-1.2,341.45865,4,28.0099,6.8099,0.11,10527,HFX193_IPP292_GEL_CRC_324_Odd.raw,1.46E6,9.23E6,2,2,1,1,"Acetylation (N-term)",,0 0 2 3 3 4 2 0 0 1 1,K(+42.01)GKFKFPLVEK,sp|Q5T5P2|SKT_HUMAN:sp|Q96L21|RL10L_HUMAN:sp|P27635|RL10_HUMAN:sp|Q86T26|TM11B_HUMAN,DeepNovo
K(+42.01)GKFKFWKARKFLSKK,67.19,2068.2461,16,68.8,16,4.2,414.65823,5,30.0322,3.7322,0.19,11360,HFX193_IPP292_GEL_CRC_324_Even.raw,8.33E6,5.04E7,3,3,3,3,"Acetylation (N-term)",,0 0 4 9 9 6 6 0 0 0 2 2 8 2 2 5,K(+42.01)GKFKFWKARKFLSKK,sp|Q86UQ0|ZN589_HUMAN:sp|P63136|POK25_HUMAN:sp|Q9H9L3|I20L2_HUMAN:sp|Q8WWL7|CCNB3_HUMAN:sp|Q9BYH8|IKBZ_HUMAN:sp|Q12912|IRAG2_HUMAN:sp|Q8IUH5|ZDH17_HUMAN:sp|Q7Z570|Z804A_HUMAN:sp|Q8NFU5|IPMK_HUMAN:sp|Q9BXU9|CABP8_HUMAN:sp|O95789|ZMYM6_HUMAN:sp|Q9UKZ4|TEN1_HUMAN:sp|Q6VY07|PACS1_HUMAN:sp|Q92738|US6NL_HUMAN:sp|Q8TAM1|BBS10_HUMAN:sp|Q9NP79|VTA1_HUMAN:sp|P13686|PPA5_HUMAN:sp|A6NFR6|CE060_HUMAN:sp|Q9Y2G3|AT11B_HUMAN:sp|P07225|PROS_HUMAN:sp|Q86V35|CABP7_HUMAN:sp|O95255|MRP6_HUMAN:sp|Q01538|MYT1_HUMAN:sp|Q5S007|LRRK2_HUMAN:sp|Q17R89|RHG44_HUMAN:sp|Q96N46|TTC14_HUMAN:sp|P63133|POK8_HUMAN:sp|Q9BY21|GPR87_HUMAN:sp|Q9UQG0|POK11_HUMAN:sp|Q99965|ADAM2_HUMAN:sp|P59044|NLRP6_HUMAN:sp|Q16630|CPSF6_HUMAN:sp|Q7Z3E2|CC186_HUMAN:sp|Q6NXG1|ESRP1_HUMAN:sp|P63132|PO113_HUMAN:sp|Q9P273|TEN3_HUMAN:sp|Q9P2D0|IBTK_HUMAN:sp|Q92508|PIEZ1_HUMAN:sp|A6NCQ9|RN222_HUMAN:sp|O14827|RGRF2_HUMAN:sp|O60563|CCNT1_HUMAN:sp|P0C221|CC175_HUMAN:sp|Q9QC07|POK18_HUMAN:sp|Q9HC16|ABC3G_HUMAN:sp|Q06278|AOXA_HUMAN:sp|Q4L180|FIL1L_HUMAN:sp|Q7Z5M8|AB12B_HUMAN:sp|Q9NV66|TYW1_HUMAN:sp|Q5T7W7|TSTD2_HUMAN:sp|Q96DT5|DYH11_HUMAN:sp|Q96S42|NODAL_HUMAN:sp|P38567|HYALP_HUMAN:sp|Q92759|TF2H4_HUMAN:sp|P42226|STAT6_HUMAN:sp|Q9BYX2|TBD2A_HUMAN:sp|O95279|KCNK5_HUMAN:sp|O15438|MRP3_HUMAN:sp|O75400|PR40A_HUMAN:sp|P21941|MATN1_HUMAN:sp|Q9UBS5|GABR1_HUMAN:sp|Q15413|RYR3_HUMAN:sp|Q8TDG4|HELQ_HUMAN:sp|Q9H816|DCR1B_HUMAN:sp|Q9NQV7|PRDM9_HUMAN:sp|Q9NYY3|PLK2_HUMAN:sp|Q76I76|SSH2_HUMAN:sp|Q8IZL2|MAML2_HUMAN:sp|Q7Z3J2|VP35L_HUMAN:sp|Q14149|MORC3_HUMAN:sp|Q8IWJ2|GCC2_HUMAN:sp|P78527|PRKDC_HUMAN:sp|Q2M3T9|HYAL4_HUMAN:sp|A6NJI9|LRC72_HUMAN:sp|Q96GE6|CALL4_HUMAN:sp|Q9UJX4|APC5_HUMAN:sp|P10074|TZAP_HUMAN:sp|P61221|ABCE1_HUMAN:sp|Q9BXR3|POK6_HUMAN:sp|Q9Y2K5|R3HD2_HUMAN:sp|Q9BUQ8|DDX23_HUMAN:sp|O75530|EED_HUMAN:sp|P19367|HXK1_HUMAN:sp|P12110|CO6A2_HUMAN:sp|Q5RHP9|ERIC3_HUMAN:sp|P35659|DEK_HUMAN:sp|Q6P1L6|ZN343_HUMAN:sp|Q9Y5S2|MRCKB_HUMAN:sp|P11229|ACM1_HUMAN:sp|Q9UG01|IF172_HUMAN:sp|Q8NDA8|MROH1_HUMAN:sp|Q6NUM6|TYW1B_HUMAN:sp|P63135|POK7_HUMAN:sp|A8MZ59|LEUTX_HUMAN:sp|O00398|P2Y10_HUMAN:sp|Q6P9A3|ZN549_HUMAN:sp|Q7Z3Z4|PIWL4_HUMAN:sp|Q92547|TOPB1_HUMAN:sp|Q2TB90|HKDC1_HUMAN:sp|Q15223|NECT1_HUMAN:sp|Q9H267|VP33B_HUMAN:sp|Q9ULD2|MTUS1_HUMAN:sp|Q9BRR8|GPTC1_HUMAN:sp|Q7Z7B0|FLIP1_HUMAN:sp|Q96NG3|ODAD4_HUMAN:sp|Q5SVZ6|ZMYM1_HUMAN:sp|Q8IW75|SPA12_HUMAN:sp|Q07864|DPOE1_HUMAN:sp|Q5CZC0|FSIP2_HUMAN:sp|Q9Y6R1|S4A4_HUMAN:sp|Q6Y2X3|DJC14_HUMAN:sp|Q9NZP2|OR6C2_HUMAN:sp|P52789|HXK2_HUMAN:sp|O95197|RTN3_HUMAN:sp|Q7Z2W7|TRPM8_HUMAN:sp|Q9NRS6|SNX15_HUMAN:sp|O15357|SHIP2_HUMAN:sp|Q63HM2|PCX4_HUMAN:sp|Q9UPN3|MACF1_HUMAN,DeepNovo
K(+42.01)GKKGKLLAK,33.08,1111.7440,10,40.0,10,0.5,556.87958,2,21.4135,0.5135,0.62,7874,HFX193_IPP292_GEL_CRC_324_Odd.raw,1.27E6,6.66E6,2,2,2,2,"Acetylation (N-term)",,0 0 1 5 0 0 1 3 7 5,K(+42.01)GKKGKLLAK,sp|P58107|EPIPL_HUMAN:sp|Q16822|PCKGM_HUMAN:sp|Q8IVG5|SAM9L_HUMAN:sp|O14867|BACH1_HUMAN:sp|Q7L2E3|DHX30_HUMAN:sp|Q7Z589|EMSY_HUMAN:sp|Q15181|IPYR_HUMAN:sp|Q75QN2|INT8_HUMAN:sp|Q5T2T1|MPP7_HUMAN:sp|Q9UHX3|AGRE2_HUMAN:sp|Q7RTT9|S29A4_HUMAN:sp|Q6N043|Z280D_HUMAN:sp|Q8NAN2|MIGA1_HUMAN:sp|Q6F5E8|CARL2_HUMAN:sp|Q9UI08|EVL_HUMAN:sp|Q6ZNB6|NFXL1_HUMAN:sp|H0YKK7|GG6LS_HUMAN:sp|Q5VW36|FOCAD_HUMAN:sp|P31937|3HIDH_HUMAN:sp|Q9UNA4|POLI_HUMAN:sp|P51809|VAMP7_HUMAN:sp|Q5TZA2|CROCC_HUMAN:sp|Q8WWQ8|STAB2_HUMAN:sp|O95502|NPTXR_HUMAN:sp|Q14126|DSG2_HUMAN:sp|Q8WUY3|PRUN2_HUMAN:sp|Q38SD2|LRRK1_HUMAN:sp|Q9Y561|LRP12_HUMAN:sp|Q02410|APBA1_HUMAN:sp|O95834|EMAL2_HUMAN:sp|Q9NY15|STAB1_HUMAN:sp|Q7Z4F1|LRP10_HUMAN:sp|P13569|CFTR_HUMAN:sp|Q5VZ72|IZUM3_HUMAN:sp|P0CF97|F200B_HUMAN:sp|Q658L1|SAXO2_HUMAN:sp|P0C221|CC175_HUMAN:sp|Q4G0J3|LARP7_HUMAN:sp|Q719I0|AHSA2_HUMAN:sp|P04629|NTRK1_HUMAN:sp|O95302|FKBP9_HUMAN:sp|Q9UBS9|SUCO_HUMAN:sp|Q96P56|CTSR2_HUMAN:sp|Q96M98|PACRG_HUMAN:sp|Q969T7|5NT3B_HUMAN:sp|Q8NBT3|TM145_HUMAN:sp|Q8N3H0|TAFA2_HUMAN:sp|A6NN73|GOG8C_HUMAN:sp|Q8NEV4|MYO3A_HUMAN:sp|Q7L5Y1|ENOF1_HUMAN:sp|Q13131|AAPK1_HUMAN:sp|P09234|RU1C_HUMAN:sp|Q86XH1|DRC11_HUMAN:sp|Q8IZD0|SAM14_HUMAN:sp|P08218|CEL2B_HUMAN:sp|Q6DKJ4|NXN_HUMAN:sp|Q86U86|PB1_HUMAN:sp|Q8N323|NXPE1_HUMAN:sp|Q9H875|PKRI1_HUMAN:sp|Q9BYX2|TBD2A_HUMAN:sp|Q13368|MPP3_HUMAN:sp|Q86XA9|HTR5A_HUMAN:sp|Q9NZM3|ITSN2_HUMAN:sp|Q15291|RBBP5_HUMAN:sp|O95433|AHSA1_HUMAN:sp|P0CG21|NHLC4_HUMAN:sp|Q6ZRH7|CTSRG_HUMAN:sp|Q9NYP7|ELOV5_HUMAN:sp|Q9H799|CPLN1_HUMAN:sp|Q7Z333|SETX_HUMAN:sp|Q96BT1|CC049_HUMAN:sp|Q13163|MP2K5_HUMAN:sp|Q86SQ6|AGRA1_HUMAN:sp|O76024|WFS1_HUMAN:sp|Q03989|ARI5A_HUMAN:sp|Q9Y2X9|ZN281_HUMAN:sp|Q8N8U9|BMPER_HUMAN:sp|P35240|MERL_HUMAN:sp|Q5K4L6|S27A3_HUMAN:sp|P01031|CO5_HUMAN:sp|Q9H190|SDCB2_HUMAN:sp|Q7L4S7|ARMX6_HUMAN:sp|O00116|ADAS_HUMAN:sp|Q9C0C7|AMRA1_HUMAN:sp|Q9NTI5|PDS5B_HUMAN:sp|Q16181|SEPT7_HUMAN:sp|Q6ZQQ2|S31D1_HUMAN:sp|O75962|TRIO_HUMAN:sp|O95436|NPT2B_HUMAN:sp|Q9UL01|DSE_HUMAN:sp|Q12899|TRI26_HUMAN:sp|P52732|KIF11_HUMAN:sp|Q9NZU5|LMCD1_HUMAN:sp|Q9NYQ6|CELR1_HUMAN:sp|Q9UQ16|DYN3_HUMAN:sp|O94874|UFL1_HUMAN:sp|P46060|RAGP1_HUMAN:sp|Q6XZB0|LIPI_HUMAN:sp|Q9BRU9|UTP23_HUMAN:sp|Q8IZJ1|UNC5B_HUMAN:sp|P51648|AL3A2_HUMAN:sp|P46199|IF2M_HUMAN:sp|P07814|SYEP_HUMAN:sp|Q8IVS2|FABD_HUMAN:sp|P43003|EAA1_HUMAN:sp|Q05048|CSTF1_HUMAN:sp|Q9UBD6|RHCG_HUMAN:sp|Q9Y238|DLEC1_HUMAN:sp|P32239|GASR_HUMAN:sp|P06396|GELS_HUMAN:sp|Q9NRG7|D39U1_HUMAN:sp|P08237|PFKAM_HUMAN:sp|Q71F23|CENPU_HUMAN:sp|Q9NZC9|SMAL1_HUMAN:sp|Q96MT3|PRIC1_HUMAN:sp|Q9UPR0|PLCL2_HUMAN:sp|Q8NCM8|DYHC2_HUMAN:sp|O00712|NFIB_HUMAN:sp|O95239|KIF4A_HUMAN:sp|Q8TE60|ATS18_HUMAN,DeepNovo
K(+42.01)GKKKSRKLAGKK,26.64,1497.9830,13,23.1,13,-2.8,500.33356,3,20.0278,-2.8722,0.04,7316,HFX193_IPP292_GEL_CRC_324_Odd.raw,1.02E5,1.56E6,2,2,1,1,"Acetylation (N-term)",,0 0 0 0 0 0 0 2 1 0 0 7 5,K(+42.01)GKKKSRKLAGKK,,DeepNovo
K(+42.01)GKKKYAF,43.35,1010.5912,8,75.0,8,0.9,506.30338,2,27.7755,7.3755,0.37,10419,HFX193_IPP292_GEL_CRC_324_Odd.raw,8.74E5,8.26E6,2,2,1,1,"Acetylation (N-term)",,0 0 18 8 2 2 8 5,K(+42.01)GKKKYAF,sp|P22670|RFX1_HUMAN:sp|Q15413|RYR3_HUMAN:sp|O14924|RGS12_HUMAN:sp|Q8WXI2|CNKR2_HUMAN:sp|Q8IXK0|PHC2_HUMAN:sp|Q12972|PP1R8_HUMAN:sp|Q99767|APBA2_HUMAN:sp|P09884|DPOLA_HUMAN:sp|O75051|PLXA2_HUMAN:sp|Q13751|LAMB3_HUMAN:sp|A4D0S4|LAMB4_HUMAN:sp|Q9BXF6|RFIP5_HUMAN:sp|P10275|ANDR_HUMAN:sp|O43432|IF4G3_HUMAN:sp|O43684|BUB3_HUMAN:sp|Q92835|SHIP1_HUMAN:sp|Q9Y3M8|STA13_HUMAN:sp|Q9Y4B5|MTCL1_HUMAN:sp|Q9NQ32|CK016_HUMAN:sp|Q96QD8|S38A2_HUMAN:sp|Q9BXB7|SPT16_HUMAN:sp|O15123|ANGP2_HUMAN:sp|Q16254|E2F4_HUMAN:sp|O94868|FCSD2_HUMAN:sp|P21912|SDHB_HUMAN:sp|Q3L8U1|CHD9_HUMAN:sp|O14753|OVOL1_HUMAN:sp|P52738|ZN140_HUMAN:sp|Q96S16|JMJD8_HUMAN:sp|Q9BT78|CSN4_HUMAN:sp|A6PVS8|LRIQ3_HUMAN:sp|Q9P2F9|ZN319_HUMAN:sp|Q6P1A2|MBOA5_HUMAN:sp|Q96RK4|BBS4_HUMAN:sp|P22314|UBA1_HUMAN:sp|Q9H4A4|AMPB_HUMAN:sp|Q9BRP0|OVOL2_HUMAN:sp|Q15072|OZF_HUMAN:sp|Q15329|E2F5_HUMAN:sp|Q14671|PUM1_HUMAN:sp|Q6Y7W6|GGYF2_HUMAN:sp|Q9HBI0|PARVG_HUMAN:sp|Q8TB72|PUM2_HUMAN:sp|Q99569|PKP4_HUMAN:sp|P00918|CAH2_HUMAN:sp|Q8N108|MIER1_HUMAN:sp|Q96JM2|ZN462_HUMAN:sp|Q8IZT6|ASPM_HUMAN,DeepNovo
K(+42.01)GKLKLRY,18.39,1046.6600,8,75.0,8,1.1,349.89432,3,38.7490,12.1490,0.44,14904,HFX193_IPP292_GEL_CRC_324_Even.raw,3.2E5,2.7E6,1,1,1,1,"Acetylation (N-term)",,0 0 48 45 42 5 5 5,K(+42.01)GKLKLRY,sp|O95182|NDUA7_HUMAN,DB Search
K(+42.01)GKTKYLRSV,58.32,1220.7241,10,50.0,10,0.4,407.91547,3,28.0869,4.4869,0.20,10553,HFX193_IPP292_GEL_CRC_324_Even.raw,7.56E5,6.34E6,2,2,1,1,"Acetylation (N-term)",,0 0 0 3 9 17 17 0 0 5,K(+42.01)GKTKYLRSV,sp|Q8NHU6|TDRD7_HUMAN:sp|Q8N6Y2|LRC17_HUMAN:sp|P10070|GLI2_HUMAN:sp|Q96R67|OR4CC_HUMAN:sp|P48449|LSS_HUMAN:sp|P34925|RYK_HUMAN:sp|Q9BXE9|VN1R3_HUMAN:sp|Q9Y251|HPSE_HUMAN:sp|Q96AM1|MRGRF_HUMAN:sp|Q00610|CLH1_HUMAN:sp|Q9Y468|LMBL1_HUMAN:sp|P07101|TY3H_HUMAN:sp|Q9C0E4|GRIP2_HUMAN:sp|Q9H9A6|LRC40_HUMAN:sp|P42336|PK3CA_HUMAN:sp|Q8NI17|IL31R_HUMAN:sp|O14788|TNF11_HUMAN:sp|Q96A73|P33MX_HUMAN:sp|P00439|PH4H_HUMAN:sp|Q9Y5W8|SNX13_HUMAN:sp|Q96ND0|F210A_HUMAN:sp|Q9HAY6|BCDO1_HUMAN:sp|Q9H0V9|LMA2L_HUMAN:sp|Q8NEZ3|WDR19_HUMAN:sp|Q86TG1|T150A_HUMAN:sp|O00219|HYAS3_HUMAN:sp|C9JSJ3|MEIOS_HUMAN:sp|O00507|USP9Y_HUMAN:sp|Q96EN9|REX1B_HUMAN:sp|A1A4S6|RHG10_HUMAN:sp|Q8IWU9|TPH2_HUMAN:sp|Q9NQT8|KI13B_HUMAN:sp|Q8TEQ0|SNX29_HUMAN:sp|Q8WYB5|KAT6B_HUMAN:sp|Q15599|NHRF2_HUMAN:sp|P67809|YBOX1_HUMAN:sp|Q6ZTR5|CFA47_HUMAN:sp|Q02878|RL6_HUMAN:sp|Q9Y6S9|RPKL1_HUMAN:sp|P16989|YBOX3_HUMAN:sp|P06239|LCK_HUMAN:sp|Q15596|NCOA2_HUMAN:sp|Q9H1Z4|WDR13_HUMAN:sp|Q8WYK0|ACO12_HUMAN:sp|P53675|CLH2_HUMAN:sp|Q96BU1|S1PBP_HUMAN,DeepNovo
K(+42.01)GKVKGVP,30.07,853.5385,8,100.0,8,0.6,427.77679,2,32.6623,14.8623,0.11,12404,HFX193_IPP292_GEL_CRC_324_Even.raw,9.96E5,7.72E6,1,1,1,1,"Acetylation (N-term)",,5 5 39 16 16 16 3 3,K(+42.01)GKVKGVP,sp|Q7Z692|CEA19_HUMAN:sp|O14646|CHD1_HUMAN:sp|P23467|PTPRB_HUMAN:sp|Q68D10|SPT2_HUMAN:sp|P21817|RYR1_HUMAN:sp|Q02086|SP2_HUMAN:sp|Q13103|SPP24_HUMAN:sp|P86480|PR20D_HUMAN:sp|P50225|ST1A1_HUMAN:sp|P13232|IL7_HUMAN:sp|P52824|DGKQ_HUMAN:sp|Q8TE85|GRHL3_HUMAN:sp|P14543|NID1_HUMAN:sp|Q02817|MUC2_HUMAN:sp|P30039|PBLD_HUMAN:tr|A0A499FJF3|A0A499FJF3_HUMAN:sp|Q9H3S1|SEM4A_HUMAN:sp|Q5JV73|FRPD3_HUMAN:sp|Q86YJ7|AN13B_HUMAN:sp|Q8IVT2|MISP_HUMAN:sp|Q6UWQ7|IGFL2_HUMAN:sp|O15303|GRM6_HUMAN:sp|Q09666|AHNK_HUMAN:sp|Q96B97|SH3K1_HUMAN:sp|Q8NHQ8|RASF8_HUMAN:sp|Q02447|SP3_HUMAN:sp|P04114|APOB_HUMAN:sp|P86478|PR20E_HUMAN:sp|Q6UXB4|CLC4G_HUMAN:sp|Q8TD43|TRPM4_HUMAN:sp|Q6UN15|FIP1_HUMAN:sp|Q3KRB8|RHGBB_HUMAN:sp|P86496|PR20A_HUMAN:sp|P14621|ACYP2_HUMAN:sp|P07311|ACYP1_HUMAN:sp|Q9P2L0|WDR35_HUMAN:sp|Q8NDG6|TDRD9_HUMAN:sp|Q9BXX0|EMIL2_HUMAN:sp|P51587|BRCA2_HUMAN:sp|Q02446|SP4_HUMAN:sp|Q9GZN7|ROGDI_HUMAN:sp|Q9Y6Y1|CMTA1_HUMAN:sp|Q13007|IL24_HUMAN:sp|Q9Y3A2|UTP11_HUMAN:sp|Q14050|CO9A3_HUMAN:sp|P82987|ATL3_HUMAN:sp|Q9P273|TEN3_HUMAN:TCF7L2_DEL_A-p.K485Sfs*23_::chr10:113165058-113166058_frame=-3:sp|A7KAX9|RHG32_HUMAN:sp|Q9UJY4|GGA2_HUMAN:sp|Q9Y5H2|PCDGB_HUMAN:sp|Q9H1B4|NXF5_HUMAN:sp|Q99571|P2RX4_HUMAN:sp|Q9GZY0|NXF2_HUMAN:sp|Q15788|NCOA1_HUMAN:sp|Q96GW7|PGCB_HUMAN:sp|P86479|PR20C_HUMAN:sp|Q93086|P2RX5_HUMAN:sp|Q9HCH0|NCK5L_HUMAN:sp|Q9UG56|PISD_HUMAN:sp|P0DMN0|ST1A4_HUMAN:sp|P50226|ST1A2_HUMAN:sp|Q6P4F7|RHGBA_HUMAN:sp|P86481|PR20B_HUMAN:sp|Q9C0F0|ASXL3_HUMAN:sp|Q9NPG3|UBN1_HUMAN:sp|O60229|KALRN_HUMAN:sp|P0DMM9|ST1A3_HUMAN:sp|Q9Y566|SHAN1_HUMAN:sp|Q8NI60|COQ8A_HUMAN:sp|O00222|GRM8_HUMAN:sp|O14511|NRG2_HUMAN:sp|Q5TH69|BIG3_HUMAN:sp|Q96C55|ZN524_HUMAN:sp|Q6P0N0|M18BP_HUMAN:sp|Q8N6T3|ARFG1_HUMAN:sp|P21781|FGF7_HUMAN,DeepNovo
K(+42.01)GKVKKAPAM(+15.99)RPV,57.70,1466.8755,13,53.8,13,0.5,367.72632,4,32.8269,13.7269,0.25,12498,HFX193_IPP292_GEL_CRC_324_Odd.raw,3E6,1.7E7,2,2,2,2,"Acetylation (N-term);Oxidation (M)",,0 0 16 16 20 2 0 0 5 3 1 1 5,K(+42.01)GKVKKAPAM(+15.99)RPV,sp|Q8IYT4|KATL2_HUMAN:sp|Q14119|VEZF1_HUMAN:sp|Q14416|GRM2_HUMAN,DeepNovo
K(+42.01)GKYKGHLELRL,50.81,1482.8671,12,66.7,12,2.4,371.72491,4,27.9311,5.6311,0.43,10514,HFX193_IPP292_GEL_CRC_324_Odd.raw,2.8E6,1.19E7,3,3,3,3,"Acetylation (N-term)",,0 0 12 11 9 9 9 11 0 0 4 5,K(+42.01)GKYKGHLELRL,sp|Q96RF0|SNX18_HUMAN:sp|Q05BQ5|MBTD1_HUMAN:sp|P16112|PGCA_HUMAN:sp|O95433|AHSA1_HUMAN:sp|Q96JB8|MPP4_HUMAN:sp|Q9Y676|RT18B_HUMAN:sp|P82987|ATL3_HUMAN:sp|Q9P0K1|ADA22_HUMAN:sp|Q13351|KLF1_HUMAN:sp|Q01974|ROR2_HUMAN:sp|Q96JP0|FEM1C_HUMAN:sp|Q5JSH3|WDR44_HUMAN:sp|O60449|LY75_HUMAN:sp|Q9H7P9|PKHG2_HUMAN:sp|O75179|ANR17_HUMAN:sp|Q8NFD2|ANKK1_HUMAN:sp|Q8IWZ3|ANKH1_HUMAN:sp|Q9UKQ2|ADA28_HUMAN:sp|Q8IZY2|ABCA7_HUMAN:sp|Q01973|ROR1_HUMAN:sp|Q15149|PLEC_HUMAN,DeepNovo
K(+42.01)GLHKKAVR,29.04,1077.6771,9,66.7,9,0.0,539.84583,2,21.2513,1.8513,0.63,7804,HFX193_IPP292_GEL_CRC_324_Odd.raw,4.46E5,4.53E6,2,2,1,1,"Acetylation (N-term)",,5 5 1 10 7 2 0 0 5,K(+42.01)GLHKKAVR,sp|Q96N67|DOCK7_HUMAN:sp|Q13233|M3K1_HUMAN:sp|P98175|RBM10_HUMAN:sp|Q68CR1|SE1L3_HUMAN:sp|Q9BYD1|RM13_HUMAN:sp|Q14993|COJA1_HUMAN:sp|Q6UB28|MAP12_HUMAN:sp|P56555|DSCR4_HUMAN:sp|Q9UDT6|CLIP2_HUMAN:sp|P05000|IFNW1_HUMAN:sp|P15309|PPAP_HUMAN:sp|O75155|CAND2_HUMAN:sp|Q5T3U5|MRP7_HUMAN:sp|P13984|T2FB_HUMAN:sp|Q9P2M4|TBC14_HUMAN:sp|P26373|RL13_HUMAN:sp|Q9Y4A5|TRRAP_HUMAN:sp|O75113|N4BP1_HUMAN:sp|Q49A88|CCD14_HUMAN:sp|Q14667|BLTP2_HUMAN:sp|O94986|CE152_HUMAN:sp|Q8NHS4|CLHC1_HUMAN:sp|Q504Y0|S39AC_HUMAN:sp|Q9BV38|WDR18_HUMAN:sp|Q5JWR5|DOP1_HUMAN:sp|Q9Y442|CV024_HUMAN:sp|A0A1B0GUW6|SPEM3_HUMAN:sp|Q8TB92|HMGC2_HUMAN:sp|Q96QP1|ALPK1_HUMAN:sp|Q07864|DPOE1_HUMAN:sp|Q14315|FLNC_HUMAN:sp|O14607|UTY_HUMAN:sp|A4D0V7|CPED1_HUMAN:sp|O15550|KDM6A_HUMAN:sp|Q8NGS2|OR1J2_HUMAN:sp|Q14258|TRI25_HUMAN:sp|Q9NRY4|RHG35_HUMAN:sp|Q96LB4|VATG3_HUMAN,DeepNovo
K(+42.01)GLHKKVAGGKK,40.44,1291.8088,12,33.3,12,0.8,646.91217,2,28.0869,8.9869,0.55,10563,HFX193_IPP292_GEL_CRC_324_Even.raw,2.38E6,2.14E7,2,2,2,2,"Acetylation (N-term)",,1 1 0 4 4 2 1 1 0 0 1 5,K(+42.01)GLHKKVAGGKK,sp|Q96N67|DOCK7_HUMAN:sp|A6NHY2|AKD1B_HUMAN:sp|Q68EA5|ZNF57_HUMAN:sp|Q86UQ4|ABCAD_HUMAN:sp|Q9H3P7|GCP60_HUMAN:sp|P36508|ZNF76_HUMAN:sp|Q96MT8|CEP63_HUMAN:sp|P48637|GSHB_HUMAN:sp|O60502|OGA_HUMAN:sp|Q9Y2G4|ANKR6_HUMAN:sp|Q7LBC6|KDM3B_HUMAN:sp|Q96QS1|TSN32_HUMAN:sp|O75155|CAND2_HUMAN:sp|Q9NY61|AATF_HUMAN:sp|Q5JPF3|AN36C_HUMAN:sp|Q9H112|CST11_HUMAN:sp|Q9UEG4|ZN629_HUMAN:sp|P26373|RL13_HUMAN:sp|O94892|ZN432_HUMAN:sp|Q63HN8|RN213_HUMAN:sp|Q9UKY0|PRND_HUMAN:sp|Q96JC1|VPS39_HUMAN:sp|P07864|LDHC_HUMAN:sp|Q70Z53|F10C1_HUMAN:sp|A6NJ78|MET15_HUMAN:sp|A0PG75|PLS5_HUMAN:sp|Q96RY7|IF140_HUMAN:sp|Q8N2N9|AN36B_HUMAN:sp|Q5UE93|PI3R6_HUMAN:sp|Q8TD16|BICD2_HUMAN:ZBTB20_DEL_G-p.P692Lfs*43_::chr3:114338656-114339656_frame=-3:sp|Q14590|ZN235_HUMAN:sp|Q702N8|XIRP1_HUMAN:sp|P56645|PER3_HUMAN:sp|Q5T5P2|SKT_HUMAN:sp|O75901|RASF9_HUMAN:sp|Q9NWT6|HIF1N_HUMAN:sp|Q5T9S5|CCD18_HUMAN:sp|Q2VY69|ZN284_HUMAN:sp|Q7L7V1|DHX32_HUMAN:sp|Q96H20|SNF8_HUMAN:sp|Q8NCM8|DYHC2_HUMAN:sp|Q8N0W5|IQCK_HUMAN:sp|Q68DH5|LMBD2_HUMAN:sp|O00303|EIF3F_HUMAN,DeepNovo
K(+42.01)GLHKRHGVL,41.18,1185.7095,10,60.0,10,1.5,396.24435,3,30.0980,11.1980,0.13,11388,HFX193_IPP292_GEL_CRC_324_Odd.raw,3.8E5,2.91E6,1,1,1,1,"Acetylation (N-term)",,0 0 17 16 7 0 2 3 0 2,K(+42.01)GLHKRHGVL,sp|Q13233|M3K1_HUMAN:sp|Q68CR1|SE1L3_HUMAN:sp|Q9BYD1|RM13_HUMAN:sp|Q14993|COJA1_HUMAN:sp|Q6UB28|MAP12_HUMAN:sp|A6NK53|ZN233_HUMAN:sp|P52824|DGKQ_HUMAN:sp|Q8N9A8|NEPR1_HUMAN:sp|Q5T3U5|MRP7_HUMAN:sp|P13984|T2FB_HUMAN:sp|Q6DN90|IQEC1_HUMAN:sp|Q5JU85|IQEC2_HUMAN:sp|Q49A88|CCD14_HUMAN:sp|Q96P47|AGAP3_HUMAN:sp|Q14667|BLTP2_HUMAN:sp|Q9BY31|ZN717_HUMAN:sp|Q5JWR5|DOP1_HUMAN:sp|Q8TB92|HMGC2_HUMAN:sp|Q96QP1|ALPK1_HUMAN:sp|Q07864|DPOE1_HUMAN:sp|Q8IUH8|SPP2C_HUMAN:sp|O95395|GCNT3_HUMAN:sp|Q14315|FLNC_HUMAN:sp|O14607|UTY_HUMAN:sp|O15550|KDM6A_HUMAN:sp|P51786|ZN157_HUMAN:sp|Q8NGS2|OR1J2_HUMAN:sp|Q14258|TRI25_HUMAN:sp|Q96LB4|VATG3_HUMAN:sp|Q9H7T9|AUNIP_HUMAN:sp|Q9NZW5|PALS2_HUMAN,DeepNovo
K(+42.01)GLTFAKL,47.90,918.5538,8,50.0,8,-1.3,460.28357,2,26.0867,-8.7133,0.22,9720,HFX193_IPP292_GEL_CRC_324_Even.raw,4.03E5,3.74E6,1,1,1,1,"Acetylation (N-term)",,2 2 2 2 0 0 0 1,K(+42.01)GLTFAKL,,DeepNovo
K(+42.01)GLVVGGK,28.70,798.4963,8,75.0,8,1.3,400.25595,2,37.7771,8.7771,0.48,14475,HFX193_IPP292_GEL_CRC_324_Even.raw,1.38E6,9.53E6,1,1,1,1,"Acetylation (N-term)",,5 6 2 9 9 0 0 3,K(+42.01)GLVVGGK,sp|Q9H3Z7|ABHGB_HUMAN:sp|P15121|ALDR_HUMAN:sp|Q53G59|KLH12_HUMAN:sp|P21817|RYR1_HUMAN:sp|B2RXF5|ZBT42_HUMAN:sp|Q96BI3|APH1A_HUMAN:sp|Q9H3H1|MOD5_HUMAN:sp|Q9BRQ8|FSP1_HUMAN:sp|P31947|1433S_HUMAN:sp|Q96CH1|GP146_HUMAN:sp|P35348|ADA1A_HUMAN:sp|Q53GD3|CTL4_HUMAN:sp|Q9Y2P5|S27A5_HUMAN:sp|Q96JN8|NEUL4_HUMAN:sp|O14576|DC1I1_HUMAN:sp|Q6UW60|PCSK4_HUMAN:sp|Q00403|TF2B_HUMAN:sp|Q9BVI4|NOC4L_HUMAN:sp|Q9Y6R7|FCGBP_HUMAN:sp|O15211|RGL2_HUMAN:sp|P78363|ABCA4_HUMAN:sp|Q9P2D7|DYH1_HUMAN:sp|Q96KN3|PKNX2_HUMAN:sp|P62079|TSN5_HUMAN:sp|Q5U4P2|ASPH1_HUMAN:sp|Q9UPM8|AP4E1_HUMAN:sp|Q9UKX7|NUP50_HUMAN:sp|A0PJK1|SC5AA_HUMAN:sp|Q9BPU6|DPYL5_HUMAN:sp|Q16134|ETFD_HUMAN:sp|O95405|ZFYV9_HUMAN:sp|A5YKK6|CNOT1_HUMAN:sp|P05062|ALDOB_HUMAN:sp|Q15046|SYK_HUMAN:sp|Q96PD7|DGAT2_HUMAN:sp|Q13409|DC1I2_HUMAN:sp|O94956|SO2B1_HUMAN:XYLT2_DEL_C-p.G529Afs*78_::chr17:50356106-50357106_frame=-2:sp|Q9Y664|KPTN_HUMAN:sp|Q5T447|HECD3_HUMAN:sp|O14493|CLD4_HUMAN:sp|P04629|NTRK1_HUMAN:sp|Q52MB2|CC184_HUMAN:sp|Q96HH6|TMM19_HUMAN:sp|Q9Y4D7|PLXD1_HUMAN:sp|Q9BYN7|ZN341_HUMAN:sp|Q5TGY3|AHDC1_HUMAN:sp|Q9Y6F7|CDY2_HUMAN:sp|A6NHM9|MOXD2_HUMAN:sp|Q0D2K2|KLH30_HUMAN:sp|Q6ZRI0|OTOG_HUMAN:sp|A8MPP1|D11L8_HUMAN:sp|O95644|NFAC1_HUMAN:sp|Q86XN8|MEX3D_HUMAN:sp|Q6ZQN7|SO4C1_HUMAN:sp|P50570|DYN2_HUMAN:sp|Q8N1L9|BATF2_HUMAN:sp|P11169|GTR3_HUMAN:sp|P46459|NSF_HUMAN:sp|A1L020|MEX3A_HUMAN:sp|Q7RTY1|MOT9_HUMAN:sp|Q9P0V3|SH3B4_HUMAN:sp|Q92771|DDX12_HUMAN:sp|Q9HAE3|CLXN_HUMAN:sp|Q9NS39|RED2_HUMAN:sp|Q86UR5|RIMS1_HUMAN:sp|Q6ZN04|MEX3B_HUMAN:sp|Q7RTY5|PRS48_HUMAN:sp|Q9Y6F8|CDY1_HUMAN:sp|Q5U5Q3|MEX3C_HUMAN:sp|Q06495|NPT2A_HUMAN:sp|Q6ZRH7|CTSRG_HUMAN:tr|A0A8Q3SIG1|A0A8Q3SIG1_HUMAN:sp|O60519|CRBL2_HUMAN:sp|Q9H1B5|XYLT2_HUMAN:sp|O95198|KLHL2_HUMAN:sp|Q96JE9|MAP6_HUMAN:sp|Q9P2J3|KLHL9_HUMAN:sp|Q9NP94|S39A2_HUMAN:sp|Q8N752|KC1AL_HUMAN:sp|Q9HCM2|PLXA4_HUMAN:sp|Q92604|LGAT1_HUMAN:sp|Q8WZ42|TITIN_HUMAN:sp|P17342|ANPRC_HUMAN:sp|P49588|SYAC_HUMAN:sp|Q5SXM2|SNPC4_HUMAN:sp|P11215|ITAM_HUMAN:sp|Q9Y2K5|R3HD2_HUMAN:sp|Q96FC9|DDX11_HUMAN:sp|A0AUZ9|KAL1L_HUMAN:sp|Q5KSL6|DGKK_HUMAN:sp|Q4ZG55|GREB1_HUMAN:sp|Q6ICH7|ASPH2_HUMAN:sp|Q9H981|ARP8_HUMAN:sp|P47872|SCTR_HUMAN:sp|P55347|PKNX1_HUMAN:sp|Q9UH77|KLHL3_HUMAN:sp|Q9UQ16|DYN3_HUMAN:sp|O94874|UFL1_HUMAN:sp|Q6P1J6|PLB1_HUMAN:sp|Q58HT5|AWAT1_HUMAN:sp|P01909|DQA1_HUMAN:sp|O75581|LRP6_HUMAN:sp|O60431|OR1I1_HUMAN:sp|Q6QHF9|PAOX_HUMAN:sp|Q9P267|MBD5_HUMAN:sp|Q8IXV7|KLD8B_HUMAN:sp|Q8TF17|S3TC2_HUMAN:sp|P20648|ATP4A_HUMAN:sp|Q9H0B3|IQCN_HUMAN:sp|Q14331|FRG1_HUMAN:sp|Q15223|NECT1_HUMAN:sp|Q8WXF8|DEDD2_HUMAN:sp|Q6ZPD8|DG2L6_HUMAN:sp|Q9ULI2|RIMKB_HUMAN:sp|P41587|VIPR2_HUMAN:sp|P11166|GTR1_HUMAN:sp|Q05193|DYN1_HUMAN:sp|A4D0V7|CPED1_HUMAN:sp|Q9NNW7|TRXR2_HUMAN,DeepNovo
K(+42.01)GLVVGGKGAVK,50.95,1153.7183,12,75.0,12,2.2,577.86768,2,34.8300,9.8300,0.62,13281,HFX193_IPP292_GEL_CRC_324_Even.raw,1.4E6,1.18E7,2,2,2,2,"Acetylation (N-term)",,5 30 18 46 20 0 0 4 1 5 4 5,K(+42.01)GLVVGGKGAVK,sp|Q9H3Z7|ABHGB_HUMAN:sp|Q9BXU3|TX13A_HUMAN:sp|P21817|RYR1_HUMAN:sp|Q9H477|RBSK_HUMAN:sp|Q8N0V5|GNT2A_HUMAN:sp|Q96BI3|APH1A_HUMAN:sp|Q96Q06|PLIN4_HUMAN:sp|Q9BRQ8|FSP1_HUMAN:sp|P37268|FDFT_HUMAN:sp|P35348|ADA1A_HUMAN:sp|Q53GD3|CTL4_HUMAN:sp|Q9HCD6|TANC2_HUMAN:sp|P81605|DCD_HUMAN:sp|Q9Y2P5|S27A5_HUMAN:sp|Q09666|AHNK_HUMAN:sp|Q96JN8|NEUL4_HUMAN:sp|O14576|DC1I1_HUMAN:sp|Q8WZ75|ROBO4_HUMAN:sp|Q00403|TF2B_HUMAN:sp|Q9BVI4|NOC4L_HUMAN:sp|Q5SQ80|A20A2_HUMAN:sp|O15211|RGL2_HUMAN:sp|P62079|TSN5_HUMAN:sp|Q9UPM8|AP4E1_HUMAN:sp|Q9UKX7|NUP50_HUMAN:sp|Q709C8|VP13C_HUMAN:sp|A0PJK1|SC5AA_HUMAN:sp|A6NJG6|ARGFX_HUMAN:sp|P27448|MARK3_HUMAN:sp|Q5CZ79|AN20B_HUMAN:sp|Q16134|ETFD_HUMAN:sp|Q96N23|CFA54_HUMAN:sp|Q08554|DSC1_HUMAN:sp|O95405|ZFYV9_HUMAN:sp|A5YKK6|CNOT1_HUMAN:sp|P05062|ALDOB_HUMAN:sp|Q96PD7|DGAT2_HUMAN:TCF7L2_DEL_A-p.K485Sfs*23_::chr10:113165058-113166058_frame=-3:sp|O94956|SO2B1_HUMAN:XYLT2_DEL_C-p.G529Afs*78_::chr17:50356106-50357106_frame=-2:sp|Q9UKF6|CPSF3_HUMAN:sp|O43681|GET3_HUMAN:sp|O14493|CLD4_HUMAN:sp|P04629|NTRK1_HUMAN:sp|Q9BYN7|ZN341_HUMAN:sp|Q9Y6F7|CDY2_HUMAN:sp|Q99490|AGAP2_HUMAN:sp|P23415|GLRA1_HUMAN:sp|Q0D2K2|KLH30_HUMAN:sp|Q96QI5|HS3S6_HUMAN:sp|Q6ZRI0|OTOG_HUMAN:sp|Q12834|CDC20_HUMAN:sp|Q86XN8|MEX3D_HUMAN:sp|Q6ZQN7|SO4C1_HUMAN:sp|P50570|DYN2_HUMAN:sp|Q8N1L9|BATF2_HUMAN:sp|P11169|GTR3_HUMAN:sp|A1L020|MEX3A_HUMAN:sp|Q9P0V3|SH3B4_HUMAN:sp|Q92771|DDX12_HUMAN:sp|Q9UBB9|TFP11_HUMAN:sp|Q9NS39|RED2_HUMAN:sp|P23246|SFPQ_HUMAN:sp|Q86UR5|RIMS1_HUMAN:sp|Q5TYW2|A20A1_HUMAN:sp|Q9Y6F8|CDY1_HUMAN:sp|Q06495|NPT2A_HUMAN:sp|Q6ZRH7|CTSRG_HUMAN:sp|Q07617|SPAG1_HUMAN:sp|Q14028|CNGB1_HUMAN:sp|Q9H1B5|XYLT2_HUMAN:sp|O14788|TNF11_HUMAN:sp|O95198|KLHL2_HUMAN:sp|Q96JE9|MAP6_HUMAN:sp|Q9P2J3|KLHL9_HUMAN:sp|Q9NP94|S39A2_HUMAN:sp|Q8WZ42|TITIN_HUMAN:sp|P11586|C1TC_HUMAN:sp|Q5VUR7|A20A3_HUMAN:sp|P49588|SYAC_HUMAN:sp|Q8WYQ9|ZCH14_HUMAN:sp|Q13936|CAC1C_HUMAN:sp|P30876|RPB2_HUMAN:sp|P11215|ITAM_HUMAN:sp|Q9Y2K5|R3HD2_HUMAN:sp|Q96FC9|DDX11_HUMAN:sp|A0AUZ9|KAL1L_HUMAN:sp|Q5KSL6|DGKK_HUMAN:sp|Q96S37|S22AC_HUMAN:sp|Q96PQ0|SORC2_HUMAN:sp|P29376|LTK_HUMAN:sp|Q7Z3G6|PRIC2_HUMAN:sp|Q9H981|ARP8_HUMAN:sp|Q9NTN3|S35D1_HUMAN:sp|P47872|SCTR_HUMAN:sp|P55347|PKNX1_HUMAN:sp|Q9UH77|KLHL3_HUMAN:sp|Q68CR1|SE1L3_HUMAN:sp|Q9UQ16|DYN3_HUMAN:sp|O94874|UFL1_HUMAN:sp|Q6P1J6|PLB1_HUMAN:sp|O75581|LRP6_HUMAN:sp|P50851|LRBA_HUMAN:sp|Q9BQS8|FYCO1_HUMAN:sp|O60431|OR1I1_HUMAN:sp|Q9BX66|SRBS1_HUMAN:sp|Q6QHF9|PAOX_HUMAN:sp|Q7Z5J4|RAI1_HUMAN:sp|Q9P267|MBD5_HUMAN:sp|Q8IXV7|KLD8B_HUMAN:sp|Q8TF17|S3TC2_HUMAN:sp|P20648|ATP4A_HUMAN:sp|Q9H0B3|IQCN_HUMAN:sp|Q14331|FRG1_HUMAN:sp|Q8NGE5|O10A7_HUMAN:sp|P20618|PSB1_HUMAN:sp|P41587|VIPR2_HUMAN:sp|P11166|GTR1_HUMAN:sp|O15553|MEFV_HUMAN:sp|P05121|PAI1_HUMAN,DeepNovo
K(+42.01)GLVVLERAKKGLL,53.51,1565.0028,14,57.1,14,2.3,522.67609,3,42.3215,16.9215,0.10,16334,HFX193_IPP292_GEL_CRC_324_Even.raw,2.47E5,2.69E6,1,1,1,1,"Acetylation (N-term)",,5 14 6 23 19 1 1 0 0 5 0 0 6 5,K(+42.01)GLVVLERAKKGLL,sp|P58107|EPIPL_HUMAN:sp|A0AVI2|FR1L5_HUMAN:sp|Q6UWY2|PRS57_HUMAN:sp|Q16822|PCKGM_HUMAN:sp|P21817|RYR1_HUMAN:sp|Q6UVJ0|SAS6_HUMAN:sp|Q9Y219|JAG2_HUMAN:sp|O43854|EDIL3_HUMAN:sp|B7ZC32|KIF28_HUMAN:sp|Q9Y5F9|PCDGI_HUMAN:sp|Q96DT7|ZBT10_HUMAN:sp|Q6PIF6|MYO7B_HUMAN:sp|Q9BRQ8|FSP1_HUMAN:sp|Q93088|BHMT1_HUMAN:sp|Q99798|ACON_HUMAN:sp|Q460N5|PAR14_HUMAN:sp|Q99469|STAC_HUMAN:sp|O95238|SPDEF_HUMAN:sp|Q96P47|AGAP3_HUMAN:sp|Q96JN8|NEUL4_HUMAN:sp|Q8TBE7|S35G2_HUMAN:sp|Q5TIA1|MEI1_HUMAN:sp|Q7Z6J0|SH3R1_HUMAN:sp|Q6ISB3|GRHL2_HUMAN:sp|A4UGR9|XIRP2_HUMAN:sp|Q8NAP8|ZBT8B_HUMAN:sp|O95630|STABP_HUMAN:sp|Q9UNA4|POLI_HUMAN:sp|Q9UKX7|NUP50_HUMAN:sp|Q8NGG3|OR5T3_HUMAN:sp|Q8IWK6|AGRA3_HUMAN:sp|P37058|DHB3_HUMAN:sp|O76031|CLPX_HUMAN:sp|Q9BYE9|CDHR2_HUMAN:sp|P17693|HLAG_HUMAN:sp|Q9H2M3|BHMT2_HUMAN:sp|Q14397|GCKR_HUMAN:sp|O94925|GLSK_HUMAN:sp|P21860|ERBB3_HUMAN:sp|Q96PX9|PKH4B_HUMAN:sp|A5YKK6|CNOT1_HUMAN:sp|Q9BRP4|PAAF1_HUMAN:sp|Q8NDH2|CC168_HUMAN:sp|P15924|DESP_HUMAN:sp|O75916|RGS9_HUMAN:sp|Q5VZL5|ZMYM4_HUMAN:sp|P21462|FPR1_HUMAN:sp|P04629|NTRK1_HUMAN:sp|Q8IYD8|FANCM_HUMAN:sp|Q9Y6F7|CDY2_HUMAN:sp|Q9Y618|NCOR2_HUMAN:sp|Q13733|AT1A4_HUMAN:sp|O60303|KATIP_HUMAN:sp|Q702N8|XIRP1_HUMAN:sp|Q7Z3B1|NEGR1_HUMAN:sp|Q8IZA0|K319L_HUMAN:sp|Q6NVV3|NIPA3_HUMAN:sp|A8MY62|BLML_HUMAN:sp|Q9P0V3|SH3B4_HUMAN:sp|Q9Y692|GMEB1_HUMAN:sp|Q9NS39|RED2_HUMAN:sp|A6NM43|TCPQL_HUMAN:sp|Q9NV29|TM100_HUMAN:sp|Q9Y6F8|CDY1_HUMAN:sp|P17028|ZNF24_HUMAN:sp|Q92824|PCSK5_HUMAN:sp|Q6ICB4|SESQ2_HUMAN:sp|Q9H1B5|XYLT2_HUMAN:sp|P33991|MCM4_HUMAN:sp|Q96JE9|MAP6_HUMAN:sp|P14859|PO2F1_HUMAN:sp|O14525|ASTN1_HUMAN:sp|Q9NP94|S39A2_HUMAN:sp|O60832|DKC1_HUMAN:sp|Q8WZ42|TITIN_HUMAN:sp|Q99788|CML1_HUMAN:sp|P49588|SYAC_HUMAN:ZBTB20_DEL_G-p.P692Lfs*43_::chr3:114338656-114339656_frame=-2:sp|Q8NH90|O5AK2_HUMAN:sp|Q9H1X3|DJC25_HUMAN:sp|Q92952|KCNN1_HUMAN:sp|A0AUZ9|KAL1L_HUMAN:sp|Q68DN1|CB016_HUMAN:sp|Q14184|DOC2B_HUMAN:sp|Q15147|PLCB4_HUMAN:sp|Q9HCI5|MAGE1_HUMAN:sp|P01920|DQB1_HUMAN:sp|P47872|SCTR_HUMAN:sp|Q5T4F4|ZFY27_HUMAN:sp|P55347|PKNX1_HUMAN:sp|Q9H2J4|PDCL3_HUMAN:sp|Q8N8M0|NAT16_HUMAN:sp|O94874|UFL1_HUMAN:sp|Q6DN12|MCTP2_HUMAN:sp|Q0D2K0|NIPA4_HUMAN:sp|O60266|ADCY3_HUMAN:sp|Q9NPB6|PAR6A_HUMAN:sp|Q92979|NEP1_HUMAN:sp|Q9HBM0|VEZA_HUMAN:sp|Q8TF17|S3TC2_HUMAN:sp|Q96KR7|PHAR3_HUMAN:sp|P20648|ATP4A_HUMAN:sp|Q2TB90|HKDC1_HUMAN:sp|Q12756|KIF1A_HUMAN:sp|Q9Y5F8|PCDGJ_HUMAN:sp|Q14982|OPCM_HUMAN:sp|Q92482|AQP3_HUMAN:ANO10_DEL_T-p.D45Mfs*12_::chr3:43605221-43606221_frame=-1:sp|O00462|MANBA_HUMAN:sp|Q9NZI5|GRHL1_HUMAN:sp|Q2VPB7|AP5B1_HUMAN:sp|P41587|VIPR2_HUMAN:sp|Q9BY77|PDIP3_HUMAN:sp|Q6P1M3|L2GL2_HUMAN:sp|Q14676|MDC1_HUMAN:sp|P38919|IF4A3_HUMAN:sp|Q6T423|S22AP_HUMAN:sp|Q8NCM8|DYHC2_HUMAN:sp|O15195|VILL_HUMAN:sp|Q96NI6|LRFN5_HUMAN,DeepNovo
K(+42.01)GLWHLVK,38.03,1021.6072,8,62.5,8,-2.3,511.80975,2,26.1063,0.8063,0.57,9753,HFX193_IPP292_GEL_CRC_324_Odd.raw,,,1,1,0,0,"Acetylation (N-term)",,5 5 2 0 0 0 5 5,K(+42.01)GLWHLVK,,DeepNovo
K(+42.01)GM(+15.99)THLRL,30.96,1012.5488,8,75.0,8,-0.1,338.52350,3,32.1559,-10.7441,0.34,12231,HFX193_IPP292_GEL_CRC_324_Odd.raw,1.96E5,1.79E6,1,1,1,1,"Acetylation (N-term);Oxidation (M)",,5 0 0 40 20 4 4 5,K(+42.01)GM(+15.99)THLRL,sp|A2RRP1|NBAS_HUMAN:sp|O60244|MED14_HUMAN:sp|A0A1B0GTW7|CIROP_HUMAN:sp|Q14353|GAMT_HUMAN:sp|Q8TBJ5|FEZF2_HUMAN:sp|O75626|PRDM1_HUMAN:sp|P20800|EDN2_HUMAN:sp|O43167|ZBT24_HUMAN:sp|Q13129|RLF_HUMAN:sp|Q8N6M5|ALLC_HUMAN:sp|P81408|EREP3_HUMAN:TVP23A_DEL_A-p.F140Lfs*7_::chr16:10772846-10773846_frame=1:sp|Q7Z6Z7|HUWE1_HUMAN:sp|Q86VW0|SESD1_HUMAN:sp|A6NEC2|PSAL_HUMAN:sp|P29350|PTN6_HUMAN:sp|P45844|ABCG1_HUMAN:sp|P05067|A4_HUMAN:sp|Q63HM2|PCX4_HUMAN:sp|O15391|TYY2_HUMAN:sp|P41180|CASR_HUMAN:sp|Q8IZ20|ZN683_HUMAN:sp|Q8IYI8|ZN440_HUMAN,DeepNovo
K(+42.01)GPYAKTSSLR,47.49,1248.6826,11,45.5,11,-4.1,417.23309,3,30.1498,18.3498,0.13,11391,HFX193_IPP292_GEL_CRC_324_Odd.raw,5.28E5,3.82E6,1,1,1,1,"Acetylation (N-term)",,0 0 19 9 2 1 0 0 1 10 5,K(+42.01)GPYAKTSSLR,sp|P46108|CRK_HUMAN:sp|Q9BZP6|CHIA_HUMAN:sp|Q9BUQ8|DDX23_HUMAN:sp|Q9UMR3|TBX20_HUMAN:sp|O43189|PHF1_HUMAN:sp|Q9Y6Q6|TNR11_HUMAN:sp|Q05215|EGR4_HUMAN:sp|Q96S66|CLCC1_HUMAN,DeepNovo
K(+42.01)GRFPLK,20.48,886.5388,7,42.9,7,4.1,444.27853,2,41.1288,16.9288,0.33,15840,HFX193_IPP292_GEL_CRC_324_Even.raw,1.11E7,6.42E7,2,2,2,2,"Acetylation (N-term)",,0 0 3 0 0 24 5,K(+42.01)GRFPLK,sp|Q8WY91|THAP4_HUMAN:sp|Q6PI47|KCD18_HUMAN:sp|Q9Y5F3|PCDB1_HUMAN:sp|Q9P2G4|MAP10_HUMAN:sp|Q9ULM0|PKHH1_HUMAN:sp|Q9NZN5|ARHGC_HUMAN:sp|Q5VW36|FOCAD_HUMAN:sp|Q9NQR1|KMT5A_HUMAN:sp|P82663|RT25_HUMAN:sp|P19827|ITIH1_HUMAN:sp|O94913|PCF11_HUMAN:sp|Q9ULK4|MED23_HUMAN:sp|P22607|FGFR3_HUMAN:sp|Q96KN7|RPGR1_HUMAN:sp|Q9Y5H0|PCDG3_HUMAN:sp|Q8NG08|HELB_HUMAN:sp|Q9BQD7|ANKMT_HUMAN,DeepNovo
K(+42.01)GRKGGGGRGAPY,61.41,1301.6952,13,0.0,13,1.5,651.85590,2,25.4728,13.7728,0.45,9477,HFX193_IPP292_GEL_CRC_324_Even.raw,6.12E6,4.35E7,2,2,2,2,"Acetylation (N-term)",,0 0 0 0 0 0 0 0 0 0 0 0 0,K(+42.01)GRKGGGGRGAPY,,DeepNovo
K(+42.01)GRVHLSV,45.43,936.5505,8,62.5,8,1.5,469.28323,2,39.0844,0.6844,0.54,15014,HFX193_IPP292_GEL_CRC_324_Odd.raw,8.12E5,4.98E6,1,1,1,1,"Acetylation (N-term)",,2 0 0 1 16 15 15 5,K(+42.01)GRVHLSV,sp|Q9C0G6|DYH6_HUMAN:sp|Q08345|DDR1_HUMAN:sp|Q8TEH3|DEN1A_HUMAN:sp|Q6ZT12|UBR3_HUMAN:sp|P51801|CLCKB_HUMAN:sp|P51800|CLCKA_HUMAN:sp|Q9HBT6|CAD20_HUMAN:sp|Q3KPI0|CEA21_HUMAN:sp|O43395|PRPF3_HUMAN,DeepNovo
K(+42.01)GRVKTHL,34.09,979.5927,8,50.0,8,0.3,327.53827,3,31.2153,14.6153,0.21,11838,HFX193_IPP292_GEL_CRC_324_Even.raw,2.23E5,2.24E6,1,1,1,1,"Acetylation (N-term)",,0 0 1 1 2 6 6 5,K(+42.01)GRVKTHL,sp|P49888|ST1E1_HUMAN:sp|Q8TCG1|CIP2A_HUMAN:sp|Q7RTX0|TS1R3_HUMAN:sp|Q5HY98|ZN766_HUMAN:sp|Q96S65|CSRN1_HUMAN:sp|O95782|AP2A1_HUMAN:sp|O95248|MTMR5_HUMAN:sp|Q76KX8|ZN534_HUMAN:sp|O43704|ST1B1_HUMAN:sp|Q8NHR9|PROF4_HUMAN:sp|P51522|ZNF83_HUMAN:sp|Q9H467|CUED2_HUMAN:sp|O94973|AP2A2_HUMAN:sp|P17026|ZNF22_HUMAN:sp|O75170|PP6R2_HUMAN:sp|Q9BZR9|TRIM8_HUMAN:sp|P01266|THYG_HUMAN:sp|Q3KQZ1|S2535_HUMAN:sp|P62841|RS15_HUMAN:sp|Q9BRP7|FDXA1_HUMAN:sp|Q8WYJ6|SEPT1_HUMAN:sp|Q9NS98|SEM3G_HUMAN:sp|Q7Z4N2|TRPM1_HUMAN:sp|P19532|TFE3_HUMAN:sp|Q7Z794|K2C1B_HUMAN:sp|O75030|MITF_HUMAN:sp|Q96M86|DNHD1_HUMAN:sp|Q96SE7|ZN347_HUMAN:sp|Q15631|TSN_HUMAN:sp|Q9H7T9|AUNIP_HUMAN:sp|Q68DQ2|CRBG3_HUMAN,DeepNovo
K(+42.01)GRYKAFHL,50.90,1160.6454,9,77.8,9,1.3,387.88959,3,39.4229,15.2229,0.30,15176,HFX193_IPP292_GEL_CRC_324_Even.raw,3.26E5,2.74E6,1,1,1,1,"Acetylation (N-term)",,3 0 0 2 3 8 8 18 5,K(+42.01)GRYKAFHL,sp|P42695|CNDD3_HUMAN:sp|P05090|APOD_HUMAN:sp|Q86T96|RN180_HUMAN:sp|Q8WWK9|CKAP2_HUMAN:sp|Q6P1J9|CDC73_HUMAN:sp|Q15738|NSDHL_HUMAN:sp|Q9C0B2|CFA74_HUMAN:sp|O75346|ZN253_HUMAN:sp|Q9Y2U8|MAN1_HUMAN:sp|O75157|T22D2_HUMAN:sp|Q5THJ4|VP13D_HUMAN:sp|A0JD37|TRDV3_HUMAN:sp|P49336|CDK8_HUMAN:sp|Q9BR11|ZSWM1_HUMAN:sp|Q9UIG0|BAZ1B_HUMAN:sp|Q6EMB2|TTLL5_HUMAN:sp|Q8NEG5|ZSWM2_HUMAN:sp|P35789|ZNF93_HUMAN:sp|Q96JM2|ZN462_HUMAN,DeepNovo
K(+42.01)GSKEN(+0.98)N(+0.98)VRAGY,57.59,1365.6525,12,66.7,12,1.3,683.83441,2,34.4712,3.0712,0.36,13164,HFX193_IPP292_GEL_CRC_324_Even.raw,6.84E5,5.87E6,2,2,2,2,"Acetylation (N-term);Deamidation (NQ);Deamidation (NQ)",,0 0 42 42 24 12 12 8 2 0 0 5,K(+42.01)GSKEN(+0.98)N(+0.98)VRAGY,sp|Q8TAM6|ERMIN_HUMAN:sp|Q14494|NF2L1_HUMAN:sp|Q13596|SNX1_HUMAN:sp|Q8N568|DCLK2_HUMAN:sp|Q96C23|GALM_HUMAN:sp|Q96E29|MTEF3_HUMAN:sp|Q9Y4E1|WAC2C_HUMAN:sp|P63145|GAK24_HUMAN:sp|P05060|SCG1_HUMAN:sp|O43615|TIM44_HUMAN:sp|Q7L3T8|SYPM_HUMAN:sp|P11498|PYC_HUMAN:sp|O00409|FOXN3_HUMAN:sp|Q2M2H8|MGAL_HUMAN:sp|Q6IPX3|TCAL6_HUMAN:sp|P62684|GA113_HUMAN:sp|Q59EK9|RUN3A_HUMAN:sp|Q8IWN7|RP1L1_HUMAN:sp|Q9UGU0|TCF20_HUMAN:sp|P63128|POK9_HUMAN:sp|Q9P1Z9|CC180_HUMAN:sp|Q9NS73|MBIP1_HUMAN:sp|O95835|LATS1_HUMAN:sp|Q5T2R2|DPS1_HUMAN:sp|Q9H3G5|CPVL_HUMAN:sp|O94989|ARHGF_HUMAN:sp|Q9H5I5|PIEZ2_HUMAN:sp|O95071|UBR5_HUMAN:sp|Q641Q2|WAC2A_HUMAN:sp|Q9NQX3|GEPH_HUMAN:sp|Q9HDB9|GAK5_HUMAN:sp|Q70CQ2|UBP34_HUMAN:sp|Q96A22|CK052_HUMAN:sp|Q14585|ZN345_HUMAN:sp|Q8TCF1|ZFAN1_HUMAN:sp|P01877|IGHA2_HUMAN:sp|Q5T7B8|KIF24_HUMAN:sp|Q86W56|PARG_HUMAN:sp|Q96N67|DOCK7_HUMAN:sp|Q14669|TRIPC_HUMAN:sp|Q9Y3D6|FIS1_HUMAN:sp|Q02446|SP4_HUMAN:sp|Q9UQB8|BAIP2_HUMAN:sp|Q2T9K0|TMM44_HUMAN:sp|Q5TCS8|KAD9_HUMAN:sp|Q8TE49|OTU7A_HUMAN:sp|Q92997|DVL3_HUMAN:sp|Q7Z2W4|ZCCHV_HUMAN:sp|Q99572|P2RX7_HUMAN:sp|Q15848|ADIPO_HUMAN:sp|Q4V9L6|TM119_HUMAN:sp|Q96LK8|SPT32_HUMAN:sp|Q9BYC8|RM32_HUMAN:sp|Q5T890|ER6L2_HUMAN:sp|P29508|SPB3_HUMAN:sp|Q96BH3|ESPB1_HUMAN:sp|Q13698|CAC1S_HUMAN:sp|Q8WXG9|AGRV1_HUMAN:sp|Q63HN8|RN213_HUMAN:sp|Q9NT99|LRC4B_HUMAN:sp|P01876|IGHA1_HUMAN:sp|Q6X4W1|NSMF_HUMAN:sp|Q15283|RASA2_HUMAN:sp|Q9UBF9|MYOTI_HUMAN:sp|Q96JG9|ZN469_HUMAN:sp|Q7L2J0|MEPCE_HUMAN:sp|Q5VST9|OBSCN_HUMAN:sp|Q96T58|MINT_HUMAN:sp|Q9BXS6|NUSAP_HUMAN:sp|Q7L7V1|DHX32_HUMAN:sp|P48664|EAA4_HUMAN:sp|P48594|SPB4_HUMAN:sp|Q8NBW4|S38A9_HUMAN:sp|Q9BW91|NUDT9_HUMAN:sp|Q14008|CKAP5_HUMAN:sp|P30414|NKTR_HUMAN:sp|O75022|LIRB3_HUMAN,DeepNovo
K(+42.01)GSLAL,23.40,629.3748,6,100.0,6,-3.0,630.38019,1,67.4407,1.7407,0.86,26348,HFX193_IPP292_GEL_CRC_324_Even.raw,2.83E5,2E6,1,1,1,1,"Acetylation (N-term)",,2 2 2 5 5 5,K(+42.01)GSLAL,sp|Q02833|RASF7_HUMAN:sp|Q8WY07|CTR3_HUMAN:sp|Q96CB5|CH044_HUMAN:sp|Q14D33|RTP5_HUMAN:sp|Q13813|SPTN1_HUMAN,DB Search
K(+42.01)GSLHSKL,40.48,910.5236,8,100.0,8,1.7,456.26987,2,30.5958,13.1958,0.20,11557,HFX193_IPP292_GEL_CRC_324_Even.raw,9.26E5,6.95E6,1,1,1,1,"Acetylation (N-term)",,2 2 4 4 7 4 4 5,K(+42.01)GSLHSKL,sp|Q5T0W9|FA83B_HUMAN:sp|O43264|ZW10_HUMAN:sp|Q53FZ2|ACSM3_HUMAN:sp|A6NI28|RHG42_HUMAN:sp|P41252|SYIC_HUMAN:sp|Q5VYV0|FOXB2_HUMAN:sp|Q9Y3Q7|ADA18_HUMAN:sp|Q15035|TRAM2_HUMAN:sp|Q96A61|TRI52_HUMAN:sp|Q13410|BT1A1_HUMAN:sp|Q6N043|Z280D_HUMAN:sp|O60925|PFD1_HUMAN:sp|Q13018|PLA2R_HUMAN:sp|Q9HCS4|TF7L1_HUMAN:sp|Q99996|AKAP9_HUMAN:sp|Q14CN2|CLCA4_HUMAN:sp|O14512|SOCS7_HUMAN:sp|Q96QP1|ALPK1_HUMAN:sp|Q00013|EM55_HUMAN:sp|Q9NVE5|UBP40_HUMAN:sp|Q96RR4|KKCC2_HUMAN:sp|Q08211|DHX9_HUMAN:sp|Q7Z3D4|LYSM3_HUMAN:sp|Q765P7|MTSS2_HUMAN:sp|Q9GZU2|PEG3_HUMAN:sp|Q9UPT8|ZC3H4_HUMAN:sp|Q8NCN2|ZBT34_HUMAN:sp|Q5VUJ6|LRCH2_HUMAN:sp|Q9NRA1|PDGFC_HUMAN:sp|Q32MH5|ATOSA_HUMAN:sp|P17936|IBP3_HUMAN:sp|Q2KHR2|RFX7_HUMAN:sp|Q9P2E9|RRBP1_HUMAN:sp|Q8NGN4|O10G9_HUMAN:sp|Q9BU19|ZN692_HUMAN:sp|Q9P0N8|MARH2_HUMAN:sp|Q92574|TSC1_HUMAN:sp|Q5SXM1|ZN678_HUMAN:sp|Q9NQB0|TF7L2_HUMAN:sp|Q9H313|TTYH1_HUMAN:sp|Q86UP2|KTN1_HUMAN:sp|O95249|GOSR1_HUMAN:sp|Q8N6G5|CGAT2_HUMAN:sp|Q9UKN1|MUC12_HUMAN:sp|Q8NGN5|O10G8_HUMAN:sp|Q6AWC2|WWC2_HUMAN:sp|Q8WY91|THAP4_HUMAN:sp|P0DPB3|SCHI1_HUMAN:sp|Q86YJ6|THNS2_HUMAN:sp|Q8NGN3|O10G4_HUMAN:sp|Q96JI7|SPTCS_HUMAN:sp|Q02643|GHRHR_HUMAN:sp|P46734|MP2K3_HUMAN:sp|Q93099|HGD_HUMAN:sp|Q96Q05|TPPC9_HUMAN:sp|O60749|SNX2_HUMAN:sp|Q86TC9|MYPN_HUMAN:sp|P30566|PUR8_HUMAN:sp|Q86VP3|PACS2_HUMAN:sp|Q03060|CREM_HUMAN:sp|Q14008|CKAP5_HUMAN:sp|Q9UBG3|CRNN_HUMAN:sp|Q96MF6|CQ10A_HUMAN:sp|Q03426|KIME_HUMAN:sp|Q9H0V1|TM168_HUMAN:sp|Q9ULH0|KDIS_HUMAN:sp|P00450|CERU_HUMAN:sp|Q12778|FOXO1_HUMAN:sp|O75762|TRPA1_HUMAN:tr|A0A8Q3SIG1|A0A8Q3SIG1_HUMAN:sp|A6NGH8|ANR61_HUMAN:sp|Q5JRC9|FA47A_HUMAN:sp|P98177|FOXO4_HUMAN:sp|P28340|DPOD1_HUMAN:sp|O15417|TNC18_HUMAN:sp|Q96CW5|GCP3_HUMAN:sp|Q9H8M1|CQ10B_HUMAN:sp|Q9NVU0|RPC5_HUMAN:sp|O75445|USH2A_HUMAN:sp|Q9UJA9|ENPP5_HUMAN:sp|P12268|IMDH2_HUMAN:sp|Q92952|KCNN1_HUMAN:sp|P22223|CADH3_HUMAN:sp|Q15075|EEA1_HUMAN:sp|Q14005|IL16_HUMAN:sp|P57057|G6PT2_HUMAN:sp|P08F94|PKHD1_HUMAN:sp|P52732|KIF11_HUMAN:sp|O14609|XKRY_HUMAN:sp|Q6ZTK2|YP015_HUMAN:sp|A6NKB5|PCX2_HUMAN:sp|B3KU38|IQIP1_HUMAN:sp|Q8NDA8|MROH1_HUMAN:sp|Q8NCW0|KREM2_HUMAN:sp|Q13546|RIPK1_HUMAN:sp|Q9UGI6|KCNN3_HUMAN:sp|Q9HCU4|CELR2_HUMAN:sp|Q8NGN6|O10G7_HUMAN:sp|Q9BWJ5|SF3B5_HUMAN:sp|Q7Z3U7|MON2_HUMAN:sp|Q12802|AKP13_HUMAN:sp|Q9H1H9|KI13A_HUMAN:sp|P19838|NFKB1_HUMAN:sp|Q96AY4|TTC28_HUMAN:sp|Q5SVZ6|ZMYM1_HUMAN:sp|Q8N8W4|PLPL1_HUMAN:sp|O43379|WDR62_HUMAN:sp|Q8ND30|LIPB2_HUMAN:sp|Q7Z6K1|THAP5_HUMAN:sp|P05160|F13B_HUMAN:sp|Q9BYN0|SRXN1_HUMAN:sp|Q07864|DPOE1_HUMAN:sp|Q5CZC0|FSIP2_HUMAN:sp|O75143|ATG13_HUMAN:sp|Q9NPG1|FZD3_HUMAN:sp|Q92186|SIA8B_HUMAN:sp|P52564|MP2K6_HUMAN:sp|Q969I6|S38A4_HUMAN:sp|P55199|ELL_HUMAN:sp|P14091|CATE_HUMAN,DeepNovo
K(+42.01)GSSTHKLL,37.21,1011.5713,9,44.4,9,-4.8,506.79050,2,30.1498,10.2498,0.28,11392,HFX193_IPP292_GEL_CRC_324_Odd.raw,2.41E6,1.72E7,1,1,1,1,"Acetylation (N-term)",,1 0 0 0 1 4 33 93 5,K(+42.01)GSSTHKLL,sp|Q99814|EPAS1_HUMAN:sp|Q9UNK0|STX8_HUMAN:sp|O14646|CHD1_HUMAN:sp|Q13395|TARB1_HUMAN:sp|P25391|LAMA1_HUMAN:sp|O75373|ZN737_HUMAN:sp|Q6ZS30|NBEL1_HUMAN:sp|P0CB33|ZN735_HUMAN:sp|Q9P255|ZN492_HUMAN:sp|Q9BWV1|BOC_HUMAN:sp|Q86WZ0|HEAT4_HUMAN:sp|Q12772|SRBP2_HUMAN:sp|P17019|ZN708_HUMAN:sp|Q96RU2|UBP28_HUMAN:sp|O75346|ZN253_HUMAN:sp|Q969K7|TMM54_HUMAN:sp|Q8TBZ0|CC110_HUMAN:sp|O15360|FANCA_HUMAN:sp|Q05481|ZNF91_HUMAN:sp|Q8IZP0|ABI1_HUMAN:sp|Q03924|ZN117_HUMAN:sp|Q9P2J9|PDP2_HUMAN:sp|Q9H0A0|NAT10_HUMAN:sp|Q03938|ZNF90_HUMAN:sp|P17035|ZNF28_HUMAN:sp|Q8IYN0|ZN100_HUMAN:sp|Q6ZNA1|ZN836_HUMAN:sp|Q8TF32|ZN431_HUMAN:sp|Q9UBM8|MGT4C_HUMAN:sp|P17038|ZNF43_HUMAN:sp|O75437|ZN254_HUMAN:sp|Q96H40|ZN486_HUMAN:sp|Q15269|PWP2_HUMAN:sp|Q76NI1|KNDC1_HUMAN:sp|Q15940|ZNF67_HUMAN:sp|Q6ZMV8|ZN730_HUMAN:sp|Q58DX5|NADL2_HUMAN:sp|Q7KZN9|COX15_HUMAN:sp|Q03923|ZNF85_HUMAN:sp|Q9NYB9|ABI2_HUMAN:sp|Q6ZN08|ZNF66_HUMAN:sp|Q9ULH4|LRFN2_HUMAN:sp|Q52M93|Z585B_HUMAN:sp|Q03936|ZNF92_HUMAN:sp|Q9UL12|SARDH_HUMAN:sp|A8MTY0|ZN724_HUMAN:sp|Q7Z392|TPC11_HUMAN:sp|O95393|BMP10_HUMAN:sp|Q5R3F8|PPR29_HUMAN:sp|Q96AB6|NTAN1_HUMAN:sp|Q96JC4|ZN479_HUMAN:sp|Q7L576|CYFP1_HUMAN:sp|Q5JVG8|ZN506_HUMAN:sp|Q6P1J6|PLB1_HUMAN:sp|Q68DY1|ZN626_HUMAN:sp|Q96SN8|CK5P2_HUMAN:sp|Q96N22|ZN681_HUMAN:sp|M0R2J8|DCDC1_HUMAN:sp|Q13129|RLF_HUMAN:sp|Q8NDA2|HMCN2_HUMAN:sp|Q3MIS6|ZN528_HUMAN:sp|Q9H8G1|ZN430_HUMAN:sp|P53582|MAP11_HUMAN:sp|Q6ZR52|ZN493_HUMAN:sp|O60941|DTNB_HUMAN:sp|Q9HCG1|ZN160_HUMAN:sp|Q8N9W8|GAR2_HUMAN:sp|A6NNF4|ZN726_HUMAN:sp|Q9BZV3|IMPG2_HUMAN:sp|Q8IYB8|SUV3_HUMAN:sp|Q8TD23|ZN675_HUMAN:sp|Q6ZNG1|ZN600_HUMAN:sp|Q7Z443|PK1L3_HUMAN:sp|Q9BVI0|PHF20_HUMAN:sp|P0DPD5|ZN723_HUMAN:sp|P57071|PRD15_HUMAN:sp|A6NK75|ZNF98_HUMAN:sp|Q8N5I3|KCNRG_HUMAN:sp|Q9UHP3|UBP25_HUMAN:sp|Q8N3A8|PARP8_HUMAN:sp|O15488|GLYG2_HUMAN:sp|P35789|ZNF93_HUMAN:sp|P36956|SRBP1_HUMAN,DeepNovo
K(+42.01)GTTTKL,26.05,789.4596,7,57.1,7,2.7,395.73816,2,25.6601,1.1601,0.38,9584,HFX193_IPP292_GEL_CRC_324_Odd.raw,2.79E5,3.13E6,1,1,1,1,"Acetylation (N-term)",,5 20 0 0 0 2 2,K(+42.01)GTTTKL,,DeepNovo
K(+42.01)GTTVALGHKKVARLT,72.26,1721.0311,16,56.2,16,1.5,431.26569,4,28.0363,4.6363,0.28,10528,HFX193_IPP292_GEL_CRC_324_Even.raw,2.66E5,2.39E6,1,1,1,1,"Acetylation (N-term)",,5 1 0 0 0 59 7 7 21 21 16 8 1 0 0 5,K(+42.01)GTTVALGHKKVARLT,sp|Q96JQ0|PCD16_HUMAN:sp|Q16342|PDCD2_HUMAN:sp|P42858|HD_HUMAN:sp|Q4V348|Z658B_HUMAN:sp|Q9Y2G4|ANKR6_HUMAN:sp|Q14512|FGFP1_HUMAN:sp|Q6DN14|MCTP1_HUMAN:sp|Q5T160|SYRM_HUMAN:sp|Q15173|2A5B_HUMAN:sp|P21506|ZNF10_HUMAN:sp|P26373|RL13_HUMAN:sp|O43290|SNUT1_HUMAN:sp|P14317|HCLS1_HUMAN:sp|D6RBQ6|U17LH_HUMAN:sp|Q4G0U5|PCDP1_HUMAN:sp|P07510|ACHG_HUMAN:sp|P09110|THIK_HUMAN:sp|Q9H3S7|PTN23_HUMAN:sp|D6RCP7|U17LJ_HUMAN:sp|O60299|LZTS3_HUMAN:sp|P41162|ETV3_HUMAN:sp|D6R901|U17LL_HUMAN:sp|Q9HCJ0|TNR6C_HUMAN:sp|Q16670|ZSC26_HUMAN:sp|Q53GS7|GLE1_HUMAN:sp|C9JJH3|U17LA_HUMAN:sp|Q6QN14|U17L6_HUMAN:sp|Q9Y4F1|FARP1_HUMAN:sp|Q9NR12|PDLI7_HUMAN:sp|Q6R6M4|U17L2_HUMAN:sp|Q8N205|SYNE4_HUMAN:sp|P10911|MCF2_HUMAN:sp|A0A1B0GUA9|CM046_HUMAN:sp|Q8TC20|CAGE1_HUMAN:sp|Q9BPX6|MICU1_HUMAN:sp|Q7LBC6|KDM3B_HUMAN:sp|O14958|CASQ2_HUMAN:sp|Q9H237|PORCN_HUMAN:sp|Q9P273|TEN3_HUMAN:sp|P0C7I0|U17L8_HUMAN:sp|O14786|NRP1_HUMAN:sp|Q5SNV9|CA167_HUMAN:sp|P29972|AQP1_HUMAN:sp|Q9UFB7|ZBT47_HUMAN:sp|P34820|BMP8B_HUMAN:sp|P12980|LYL1_HUMAN:sp|Q96RY7|IF140_HUMAN:sp|Q9Y493|ZAN_HUMAN:sp|Q8TD16|BICD2_HUMAN:sp|D6RJB6|U17LK_HUMAN:sp|C9JVI0|U17LB_HUMAN:sp|P12111|CO6A3_HUMAN:sp|Q96EU6|RRP36_HUMAN:sp|Q7RTZ2|U17L1_HUMAN:sp|Q9ULT6|ZNRF3_HUMAN:sp|Q3SXM0|DC4L1_HUMAN:sp|Q99742|NPAS1_HUMAN:sp|Q15008|PSMD6_HUMAN:sp|C9JPN9|UL17C_HUMAN:sp|Q08945|SSRP1_HUMAN:sp|A6NCW0|U17L3_HUMAN:sp|P36508|ZNF76_HUMAN:sp|Q8IWG1|DNAI3_HUMAN:sp|Q86T65|DAAM2_HUMAN:sp|Q7Z7A1|CNTRL_HUMAN:sp|D6RA61|U17LM_HUMAN:sp|Q9BYB0|SHAN3_HUMAN:sp|C9J2P7|U17LF_HUMAN:sp|Q8WZ42|TITIN_HUMAN:sp|Q70Z53|F10C1_HUMAN:sp|Q9C0C6|CIPC_HUMAN:sp|D6RBM5|U17LN_HUMAN:sp|Q969G9|NKD1_HUMAN:sp|Q9Y4D1|DAAM1_HUMAN:sp|Q8NHR7|TERB2_HUMAN:sp|P41181|AQP2_HUMAN:sp|Q5T5P2|SKT_HUMAN:sp|Q86UW9|DTX2_HUMAN:sp|Q96DE5|APC16_HUMAN:sp|Q86UD4|ZN329_HUMAN:sp|Q8WXE0|CSKI2_HUMAN:sp|Q9Y295|DRG1_HUMAN:sp|Q8IVW6|ARI3B_HUMAN:sp|Q9H1L0|MI1HG_HUMAN:sp|P98160|PGBM_HUMAN:sp|C9JLJ4|U17LD_HUMAN:sp|Q9BV40|VAMP8_HUMAN:sp|A6NCW7|U17L4_HUMAN:sp|Q9NRM1|ENAM_HUMAN:sp|Q9P281|BAHC1_HUMAN:sp|Q14204|DYHC1_HUMAN:sp|Q9BX95|SGPP1_HUMAN:sp|Q96QS1|TSN32_HUMAN:sp|Q8TB69|ZN519_HUMAN:sp|O00461|GOLI4_HUMAN:sp|P81408|EREP3_HUMAN:sp|Q8WXD9|CSKI1_HUMAN:sp|Q5TYW1|ZN658_HUMAN:sp|Q96BA8|CR3L1_HUMAN:sp|Q96RK4|BBS4_HUMAN:sp|P55197|AF10_HUMAN:sp|Q96NN9|AIFM3_HUMAN:sp|O75154|RFIP3_HUMAN:sp|Q9Y2D9|ZN652_HUMAN:sp|Q7Z5Y6|BMP8A_HUMAN:sp|Q0WX57|U17LO_HUMAN:sp|O00411|RPOM_HUMAN:sp|Q13520|AQP6_HUMAN:sp|Q9UBK8|MTRR_HUMAN:sp|Q9ULV0|MYO5B_HUMAN:sp|Q96M83|CCDC7_HUMAN:sp|Q15031|SYLM_HUMAN:sp|Q9NWT6|HIF1N_HUMAN:sp|P55087|AQP4_HUMAN:sp|A8MUK1|U17L5_HUMAN:sp|P78332|RBM6_HUMAN:sp|O15160|RPAC1_HUMAN:sp|Q7L7V1|DHX32_HUMAN:sp|Q9UPN3|MACF1_HUMAN:sp|P21439|MDR3_HUMAN,DeepNovo
K(+42.01)GVAVGGAL,28.05,812.4756,9,55.6,9,-0.1,813.48273,1,60.4842,-7.3158,0.69,23569,HFX193_IPP292_GEL_CRC_324_Odd.raw,5.49E5,4.36E6,1,1,1,1,"Acetylation (N-term)",,3 0 0 35 59 0 0 25 5,K(+42.01)GVAVGGAL,sp|Q0VG06|FP100_HUMAN:sp|Q7Z4K8|TRI46_HUMAN:sp|Q9H3F6|BACD3_HUMAN:sp|O14744|ANM5_HUMAN:sp|Q9P0K8|FOXJ2_HUMAN:sp|Q6UXD7|S49A3_HUMAN:sp|Q6PII5|HAGHL_HUMAN:sp|Q9ULX5|RN112_HUMAN:sp|P14859|PO2F1_HUMAN:sp|Q14526|HIC1_HUMAN:sp|O60566|BUB1B_HUMAN:sp|Q5SQQ9|VAX1_HUMAN:sp|P55268|LAMB2_HUMAN:sp|P0C851|PIRT_HUMAN:sp|Q2M3M2|SC5A9_HUMAN:sp|Q9H2X8|I27L2_HUMAN:sp|Q9NYZ4|SIGL8_HUMAN:sp|Q9NUT2|MITOS_HUMAN:sp|O75056|SDC3_HUMAN:sp|P29353|SHC1_HUMAN:sp|Q9NQS3|NECT3_HUMAN:sp|P26006|ITA3_HUMAN:sp|Q2M3R5|S35G1_HUMAN:sp|P55899|FCGRN_HUMAN:sp|P51805|PLXA3_HUMAN:sp|Q14693|LPIN1_HUMAN:sp|Q96N23|CFA54_HUMAN:sp|Q8TC05|MDM1_HUMAN:sp|Q8NA72|POC5_HUMAN:sp|Q96K83|ZN521_HUMAN:sp|O95271|TNKS1_HUMAN:sp|Q9Y2I1|NISCH_HUMAN:sp|Q9NSK7|CS012_HUMAN:sp|Q5JY77|GASP1_HUMAN:sp|Q16363|LAMA4_HUMAN:sp|Q8IZQ1|WDFY3_HUMAN:sp|Q9UMF0|ICAM5_HUMAN:sp|P50336|PPOX_HUMAN:sp|Q9BYE2|TMPSD_HUMAN:sp|P16455|MGMT_HUMAN:sp|P57073|SOX8_HUMAN:sp|Q9H6A9|PCX3_HUMAN:sp|Q9BW62|KATL1_HUMAN:sp|P11166|GTR1_HUMAN:sp|Q9UBN7|HDAC6_HUMAN:sp|Q9Y286|SIGL7_HUMAN:sp|P56748|CLD8_HUMAN:sp|P11279|LAMP1_HUMAN:sp|O75191|XYLB_HUMAN:sp|Q02930|CREB5_HUMAN:sp|Q96D09|GASP2_HUMAN:sp|O43306|ADCY6_HUMAN:sp|Q9Y4P8|WIPI2_HUMAN:sp|Q9HD40|SPCS_HUMAN,DeepNovo
K(+42.01)GVIVKK,26.65,812.5483,7,71.4,7,0.9,407.28180,2,32.2981,11.1981,0.21,12248,HFX193_IPP292_GEL_CRC_324_Even.raw,4.78E6,3.14E7,1,1,1,1,"Acetylation (N-term)",,0 0 29 9 9 8 5,K(+42.01)GVIVKK,sp|A0A087WXM9|MEIKN_HUMAN,DB Search
K(+42.01)GVLKAV,28.14,755.4905,7,42.9,7,0.9,378.75287,2,42.3217,20.6217,0.44,16317,HFX193_IPP292_GEL_CRC_324_Even.raw,5.17E5,3.51E6,1,1,1,1,"Acetylation (N-term)",,5 2 1 3 0 0 1,K(+42.01)GVLKAV,sp|P09104|ENOG_HUMAN:sp|P13929|ENOB_HUMAN:sp|Q13905|RPGF1_HUMAN,DB Search
K(+42.01)GWAHLKTF,42.84,1128.6080,9,66.7,9,0.2,377.21002,3,38.4940,9.8940,0.56,14795,HFX193_IPP292_GEL_CRC_324_Even.raw,1.51E6,5.64E6,1,1,1,1,"Acetylation (N-term)",,2 0 0 0 4 10 6 6 5,K(+42.01)GWAHLKTF,,DeepNovo
K(+42.01)GYLLSVK,34.78,948.5644,8,75.0,8,-3.1,475.28799,2,56.6442,20.1442,0.19,22034,HFX193_IPP292_GEL_CRC_324_Even.raw,,,1,1,0,0,"Acetylation (N-term)",,0 0 24 17 15 4 4 5,K(+42.01)GYLLSVK,sp|Q7Z692|CEA19_HUMAN:sp|P58107|EPIPL_HUMAN:sp|P35503|UD13_HUMAN:sp|Q8WYK1|CNTP5_HUMAN:sp|Q8NE00|TM104_HUMAN:sp|O00339|MATN2_HUMAN:sp|Q8NGL9|OR4CG_HUMAN:sp|Q9HCM3|K1549_HUMAN:sp|P27708|PYR1_HUMAN:sp|Q9UJA3|MCM8_HUMAN:sp|Q9Y2T5|GPR52_HUMAN:sp|Q8NA58|PNDC1_HUMAN:sp|Q6ZNB6|NFXL1_HUMAN:sp|Q9ULD6|INTU_HUMAN:sp|Q86SE9|PCGF5_HUMAN:sp|O95255|MRP6_HUMAN:sp|Q99715|COCA1_HUMAN:sp|F8W0I5|NPB12_HUMAN:sp|Q9BYE7|PCGF6_HUMAN:sp|O60706|ABCC9_HUMAN:sp|Q8TED0|UTP15_HUMAN:sp|Q6KB66|K2C80_HUMAN:sp|A6NKC9|SH2D7_HUMAN:sp|Q684P5|RPGP2_HUMAN:sp|Q96CW6|S7A6O_HUMAN:sp|Q9UGJ1|GCP4_HUMAN:sp|Q9NYJ7|DLL3_HUMAN:sp|P39023|RL3_HUMAN:sp|P82987|ATL3_HUMAN:sp|Q8TDW5|SYTL5_HUMAN:sp|P15924|DESP_HUMAN:sp|Q14573|ITPR3_HUMAN:sp|Q96P20|NLRP3_HUMAN:sp|Q8TB24|RIN3_HUMAN:sp|P10914|IRF1_HUMAN:sp|A6NN92|CXE1_HUMAN:sp|Q7L5Y6|DET1_HUMAN:sp|Q9NZP0|OR6C3_HUMAN:sp|A6NJZ3|O6C65_HUMAN:sp|Q6ZP01|RBM44_HUMAN:sp|O76074|PDE5A_HUMAN:TBC1D23_DEL_A-p.K649Nfs*18_::chr3:100320392-100321392_frame=-2:sp|A5PL33|KRBA1_HUMAN:sp|O60636|TSN2_HUMAN:sp|Q96T58|MINT_HUMAN:sp|Q12830|BPTF_HUMAN:sp|O00222|GRM8_HUMAN:sp|P43235|CATK_HUMAN:sp|Q9C0A0|CNTP4_HUMAN:sp|O15229|KMO_HUMAN:sp|P22310|UD14_HUMAN:sp|O15031|PLXB2_HUMAN:sp|Q86VI4|LAP4B_HUMAN:sp|Q5U5Z8|CBPC2_HUMAN:ZNF518A_DEL_A-p.T929Lfs*2_::chr10:96158599-96159599_frame=-3:sp|Q8NG48|LINES_HUMAN:sp|O75762|TRPA1_HUMAN:sp|Q96M32|KAD7_HUMAN:sp|A8MQB3|CQ051_HUMAN:sp|Q14028|CNGB1_HUMAN:sp|Q14CZ8|HECAM_HUMAN:sp|Q13576|IQGA2_HUMAN:sp|Q9H8P0|PORED_HUMAN:sp|Q27J81|INF2_HUMAN:sp|P20936|RASA1_HUMAN:sp|P35504|UD15_HUMAN:sp|P62829|RL23_HUMAN:sp|Q6P2S7|TTC41_HUMAN:sp|P35555|FBN1_HUMAN:sp|Q8WZ42|TITIN_HUMAN:sp|P49448|DHE4_HUMAN:sp|Q8NBP5|MFSD9_HUMAN:sp|Q8WUH2|TGFA1_HUMAN:sp|Q14686|NCOA6_HUMAN:sp|Q15431|SYCP1_HUMAN:sp|P01031|CO5_HUMAN:sp|Q6W0C5|DPPA3_HUMAN:sp|Q96EV8|DTBP1_HUMAN:sp|Q9H4B7|TBB1_HUMAN:sp|P00740|FA9_HUMAN:sp|Q9BXL5|HEMGN_HUMAN:sp|P01106|MYC_HUMAN:sp|Q96QU1|PCD15_HUMAN:sp|Q58EX2|SDK2_HUMAN:sp|Q92896|GSLG1_HUMAN:sp|Q02246|CNTN2_HUMAN:sp|Q5JWF2|GNAS1_HUMAN:sp|Q6PF06|TM10B_HUMAN:sp|Q96MT1|RN145_HUMAN:sp|O75064|DEN4B_HUMAN:sp|Q7Z407|CSMD3_HUMAN:sp|O60494|CUBN_HUMAN:sp|P32754|HPPD_HUMAN:sp|P22105|TENX_HUMAN:sp|P42356|PI4KA_HUMAN:sp|Q8N1V8|CJ085_HUMAN:sp|Q8TCU6|PREX1_HUMAN:sp|Q8TF17|S3TC2_HUMAN:sp|O00443|P3C2A_HUMAN:sp|Q86UK0|ABCAC_HUMAN:sp|Q8WUT9|S2543_HUMAN:sp|P50607|TUB_HUMAN:sp|Q5HYC2|K2026_HUMAN:sp|Q9H5L6|THAP9_HUMAN:sp|Q6P499|NPAL3_HUMAN:sp|O00505|IMA4_HUMAN:sp|Q7Z4N2|TRPM1_HUMAN:sp|A8MRT5|NPIB5_HUMAN:sp|P04003|C4BPA_HUMAN:sp|Q07864|DPOE1_HUMAN:sp|Q6W4X9|MUC6_HUMAN:sp|Q5M7Z0|RNFT1_HUMAN:sp|Q5TH69|BIG3_HUMAN:sp|Q92752|TENR_HUMAN:sp|Q8WVM8|SCFD1_HUMAN:sp|P40199|CEAM6_HUMAN:sp|Q92736|RYR2_HUMAN:sp|Q14831|GRM7_HUMAN:sp|P55055|NR1H2_HUMAN:sp|Q9P2E5|CHPF2_HUMAN,DeepNovo
K(+42.01)HFAKKLAA,25.92,1054.6287,9,66.7,9,0.8,352.55048,3,32.1559,6.6559,0.53,12214,HFX193_IPP292_GEL_CRC_324_Odd.raw,5.68E5,3.52E6,1,1,1,1,"Acetylation (N-term)",,0 0 0 2 10 4 8 14 5,K(+42.01)HFAKKLAA,sp|Q5D1E8|ZC12A_HUMAN:sp|O75691|UTP20_HUMAN:sp|O95347|SMC2_HUMAN:sp|Q9UBX1|CATF_HUMAN:sp|A6NGB0|T191C_HUMAN:sp|Q96PB1|CASD1_HUMAN:sp|Q8IXQ5|KLHL7_HUMAN:sp|Q8N8E3|CE112_HUMAN:sp|O43676|NDUB3_HUMAN:sp|Q86YM7|HOME1_HUMAN:sp|P13686|PPA5_HUMAN:sp|Q96P50|ACAP3_HUMAN:sp|Q86YV5|PRAG1_HUMAN:sp|Q5BN46|PIRC1_HUMAN:sp|O95977|S1PR4_HUMAN:sp|Q9UKX7|NUP50_HUMAN:sp|O95996|APCL_HUMAN:sp|Q08211|DHX9_HUMAN:sp|Q765P7|MTSS2_HUMAN:sp|P02545|LMNA_HUMAN:sp|Q96DB5|RMD1_HUMAN:sp|Q8N139|ABCA6_HUMAN:sp|Q9BRG1|VPS25_HUMAN:sp|Q9BT78|CSN4_HUMAN:sp|Q86UC2|RSPH3_HUMAN:sp|O75155|CAND2_HUMAN:sp|Q8TES7|FBF1_HUMAN:sp|Q86VW0|SESD1_HUMAN:sp|P98073|ENTK_HUMAN:sp|Q7L590|MCM10_HUMAN:sp|Q9NWZ3|IRAK4_HUMAN:sp|P28039|AOAH_HUMAN:sp|Q16763|UBE2S_HUMAN:sp|P49796|RGS3_HUMAN:sp|O76074|PDE5A_HUMAN:sp|Q13813|SPTN1_HUMAN:sp|Q9BRP0|OVOL2_HUMAN:sp|Q4L180|FIL1L_HUMAN:sp|Q8N431|RGF1C_HUMAN:sp|Q9H2M9|RBGPR_HUMAN:sp|O94900|TOX_HUMAN:sp|P07305|H10_HUMAN:sp|P62072|TIM10_HUMAN:sp|Q96DT5|DYH11_HUMAN:sp|O75648|MTU1_HUMAN:sp|Q7Z6Z7|HUWE1_HUMAN:sp|P11532|DMD_HUMAN:sp|Q49MG5|MAP9_HUMAN:sp|Q8WYK0|ACO12_HUMAN:sp|Q9Y371|SHLB1_HUMAN:sp|Q32MZ4|LRRF1_HUMAN:sp|Q9NYU2|UGGG1_HUMAN:sp|Q14244|MAP7_HUMAN:sp|Q8NBU5|ATAD1_HUMAN:sp|O15031|PLXB2_HUMAN:sp|Q96FJ0|STALP_HUMAN:sp|P0C7N4|T191B_HUMAN:sp|Q14774|HLX_HUMAN:sp|Q8N4B1|SESQ1_HUMAN:sp|Q8IZL2|MAML2_HUMAN:sp|Q5T124|UBX11_HUMAN:sp|Q16620|NTRK2_HUMAN:sp|Q9UGR2|Z3H7B_HUMAN:sp|P51114|FXR1_HUMAN:sp|Q6NSJ5|LRC8E_HUMAN:sp|P51681|CCR5_HUMAN:sp|A8K8P3|SFI1_HUMAN:sp|Q9BQL6|FERM1_HUMAN:sp|Q6MZT1|R7BP_HUMAN:sp|Q13561|DCTN2_HUMAN:sp|Q6PI26|SHQ1_HUMAN:sp|O75147|OBSL1_HUMAN:sp|Q8IZM8|ZN654_HUMAN:sp|Q9NZ43|USE1_HUMAN:sp|Q5T5P2|SKT_HUMAN:sp|Q4ZG55|GREB1_HUMAN:sp|Q9H0R5|GBP3_HUMAN:sp|Q96M86|DNHD1_HUMAN:sp|Q9NQ66|PLCB1_HUMAN:sp|Q9HAW4|CLSPN_HUMAN:sp|P98161|PKD1_HUMAN:sp|P55347|PKNX1_HUMAN:sp|O15068|MCF2L_HUMAN:sp|Q07699|SCN1B_HUMAN:sp|Q9NVN3|RIC8B_HUMAN:sp|Q9C0D7|ZC12C_HUMAN:sp|Q6WRX3|ZY11A_HUMAN:MIS18BP1_DEL_T-p.K157Nfs*24_::chr14:45246316-45247316_frame=-2:sp|Q96HB5|CC120_HUMAN:sp|A8MYA2|CX049_HUMAN:sp|O15085|ARHGB_HUMAN:sp|P35711|SOX5_HUMAN:sp|Q8WXD9|CSKI1_HUMAN:sp|Q9Y4G6|TLN2_HUMAN:sp|O75444|MAF_HUMAN:sp|Q9NSC2|SALL1_HUMAN:sp|Q6NXS1|IPP2B_HUMAN:sp|Q8NDW8|TT21A_HUMAN:sp|Q63HN8|RN213_HUMAN:sp|Q9Y5Y9|SCNAA_HUMAN:sp|Q5W0Q7|USPL1_HUMAN:sp|A6NMT0|DBX1_HUMAN:sp|P33076|C2TA_HUMAN:sp|Q9H2P9|DPH5_HUMAN:sp|Q92585|MAML1_HUMAN:sp|P16455|MGMT_HUMAN:sp|Q15645|PCH2_HUMAN:sp|O95153|RIMB1_HUMAN:sp|Q8IZN3|ZDH14_HUMAN:sp|Q9NYU1|UGGG2_HUMAN:sp|Q9NZP6|NPAP1_HUMAN:sp|Q9Y6V0|PCLO_HUMAN:sp|P42696|RBM34_HUMAN:sp|Q6ZWH5|NEK10_HUMAN:sp|P51826|AFF3_HUMAN:sp|Q5SNT2|TM201_HUMAN:sp|Q5HYM0|ZC12B_HUMAN:sp|Q96CF2|CHM4C_HUMAN:sp|Q8IZT6|ASPM_HUMAN:sp|Q8N3V7|SYNPO_HUMAN,DeepNovo
K(+42.01)HKLKKVKLLLYEKAKHYHKEY,93.62,2865.6746,22,50.0,22,4.9,574.14496,5,30.7667,13.0667,0.24,11619,HFX193_IPP292_GEL_CRC_324_Odd.raw,1.95E5,1.95E6,1,1,1,1,"Acetylation (N-term)",,0 0 0 0 0 0 0 0 0 10 23 22 19 7 5 5 4 4 8 1 1 5,K(+42.01)HKLKKVKLLLYEKAKHYHKEY,sp|P07900|HS90A_HUMAN:sp|A0AVI2|FR1L5_HUMAN:sp|Q2M3C6|TM266_HUMAN:sp|P49720|PSB3_HUMAN:sp|Q93009|UBP7_HUMAN:sp|Q8IYK2|CC105_HUMAN:sp|Q5H9B9|BM2KL_HUMAN:sp|Q9H1C4|UN93B_HUMAN:sp|Q6ZRS2|SRCAP_HUMAN:sp|Q16650|TBR1_HUMAN:sp|Q08AH1|ACSM1_HUMAN:sp|P20929|NEBU_HUMAN:sp|Q14168|MPP2_HUMAN:sp|Q8N5H7|SH2D3_HUMAN:sp|Q6PIF6|MYO7B_HUMAN:sp|Q9H792|PEAK1_HUMAN:sp|A1L162|ERIC2_HUMAN:sp|Q5JU85|IQEC2_HUMAN:sp|Q9Y233|PDE10_HUMAN:sp|Q96JC1|VPS39_HUMAN:sp|Q7RTY7|OVCH1_HUMAN:sp|Q96TA1|NIBA2_HUMAN:sp|Q96MT7|CFA44_HUMAN:sp|Q9C093|SPEF2_HUMAN:sp|Q9P1Z9|CC180_HUMAN:sp|Q6V1X1|DPP8_HUMAN:sp|Q9P2I0|CPSF2_HUMAN:sp|Q6P0Q8|MAST2_HUMAN:sp|Q96BN6|F149B_HUMAN:sp|P0C860|MS3L2_HUMAN:sp|B4DZS4|T11X1_HUMAN:sp|Q86YV5|PRAG1_HUMAN:sp|Q9UL45|BL1S6_HUMAN:sp|Q96JF0|SIAT2_HUMAN:sp|Q70SY1|CR3L2_HUMAN:sp|P07948|LYN_HUMAN:sp|Q9HAU5|RENT2_HUMAN:sp|Q01804|OTUD4_HUMAN:sp|Q9NUW8|TYDP1_HUMAN:sp|O15021|MAST4_HUMAN:sp|Q12788|TBL3_HUMAN:sp|O95876|FRITZ_HUMAN:sp|P10911|MCF2_HUMAN:sp|Q8WZ19|BACD1_HUMAN:sp|Q52LW3|RHG29_HUMAN:sp|Q8NDH2|CC168_HUMAN:sp|Q13323|BIK_HUMAN:sp|Q8WWK9|CKAP2_HUMAN:sp|Q07002|CDK18_HUMAN:sp|P43320|CRBB2_HUMAN:sp|P05408|7B2_HUMAN:sp|Q8IZ52|CHSS2_HUMAN:sp|Q96P20|NLRP3_HUMAN:sp|O60383|GDF9_HUMAN:sp|O00555|CAC1A_HUMAN:sp|P49796|RGS3_HUMAN:sp|P29016|CD1B_HUMAN:sp|Q96KP1|EXOC2_HUMAN:sp|P18124|RL7_HUMAN:sp|Q96JI7|SPTCS_HUMAN:sp|Q9Y4K1|CRBG1_HUMAN:sp|Q8NBT3|TM145_HUMAN:sp|Q9BX84|TRPM6_HUMAN:sp|Q13286|CLN3_HUMAN:sp|O75398|DEAF1_HUMAN:sp|Q5H9M0|PWP3B_HUMAN:sp|Q5TG30|RHG40_HUMAN:sp|Q59H18|TNI3K_HUMAN:sp|Q01113|IL9R_HUMAN:sp|Q9UL25|RAB21_HUMAN:sp|Q96CN9|GCC1_HUMAN:sp|Q5T9Z0|TEDM1_HUMAN:sp|Q96AC1|FERM2_HUMAN:sp|Q9H3F6|BACD3_HUMAN:sp|P11047|LAMC1_HUMAN:sp|Q5T655|CFA58_HUMAN:sp|P17948|VGFR1_HUMAN:sp|Q86UP3|ZFHX4_HUMAN:sp|Q9NSY1|BMP2K_HUMAN:sp|Q9H0K1|SIK2_HUMAN:sp|Q9UGR2|Z3H7B_HUMAN:sp|P36542|ATPG_HUMAN:sp|P42685|FRK_HUMAN:sp|Q00839|HNRPU_HUMAN:sp|Q86XK3|SFR1_HUMAN:sp|P52848|NDST1_HUMAN:sp|Q9BQL6|FERM1_HUMAN:sp|Q9UJU3|ZN112_HUMAN:sp|Q96QD8|S38A2_HUMAN:sp|Q8TEW0|PARD3_HUMAN:sp|Q68DQ2|CRBG3_HUMAN:sp|Q5SZK8|FREM2_HUMAN:sp|A8MVX0|ARG33_HUMAN:sp|Q6NW34|NEPRO_HUMAN:sp|P43268|ETV4_HUMAN:sp|Q96F63|CCD97_HUMAN:sp|Q9BZW7|TSG10_HUMAN:sp|Q8N5Y2|MS3L1_HUMAN:sp|Q9Y5E4|PCDB5_HUMAN:sp|Q9H8V3|ECT2_HUMAN:sp|Q58FG1|HS904_HUMAN:sp|A0A0A0MRZ7|KVD26_HUMAN:sp|Q7Z404|TMC4_HUMAN:sp|Q15743|OGR1_HUMAN:sp|Q8WXG9|AGRV1_HUMAN:sp|A2NJV5|KV229_HUMAN:sp|Q13325|IFIT5_HUMAN:sp|Q9BXN2|CLC7A_HUMAN:sp|Q9Y577|TRI17_HUMAN:sp|Q53FP2|NACHO_HUMAN:sp|Q9Y586|MB212_HUMAN:sp|Q5H9J9|T11X2_HUMAN:sp|Q01151|CD83_HUMAN:sp|Q9Y2H9|MAST1_HUMAN:sp|A4D0V7|CPED1_HUMAN:sp|Q92696|PGTA_HUMAN:sp|Q969I6|S38A4_HUMAN:sp|Q8IYF3|TEX11_HUMAN:sp|Q9NWZ8|GEMI8_HUMAN:sp|P49756|RBM25_HUMAN,DeepNovo
K(+42.01)HLRKYGL,34.04,1055.6240,8,87.5,8,0.4,352.88208,3,36.1179,6.8179,0.23,13804,HFX193_IPP292_GEL_CRC_324_Even.raw,6.17E5,4.46E6,1,1,1,1,"Acetylation (N-term)",,2 2 6 1 3 6 6 5,K(+42.01)HLRKYGL,sp|Q14789|GOGB1_HUMAN:sp|O00291|HIP1_HUMAN:sp|P46937|YAP1_HUMAN:sp|Q9Y4D8|HECD4_HUMAN:sp|Q9BYV2|TRI54_HUMAN:sp|P23786|CPT2_HUMAN:sp|Q8IV61|GRP3_HUMAN:sp|Q8NC26|ZN114_HUMAN:sp|Q75QN2|INT8_HUMAN:sp|Q9Y4A5|TRRAP_HUMAN:sp|Q14566|MCM6_HUMAN:sp|Q5TDP6|LGSN_HUMAN:sp|P04114|APOB_HUMAN:sp|A6NDK9|GOG6C_HUMAN:sp|Q9UHE5|NAT8_HUMAN:sp|O95786|RIGI_HUMAN:sp|Q08AF8|GOG8F_HUMAN:sp|P0CG33|GOG6D_HUMAN:sp|Q9UPA5|BSN_HUMAN:sp|Q99848|EBP2_HUMAN:sp|Q14BN4|SLMAP_HUMAN:sp|Q8IXT1|DDIAS_HUMAN:sp|Q8NCN2|ZBT34_HUMAN:sp|A0A1B0GWK0|PVLEF_HUMAN:sp|P42704|LPPRC_HUMAN:sp|P0CJ92|GOG8H_HUMAN:sp|Q9NZ20|PA2G3_HUMAN:sp|P62714|PP2AB_HUMAN:sp|O43151|TET3_HUMAN:sp|O15197|EPHB6_HUMAN:sp|A6NCC3|GOG8O_HUMAN:sp|Q9NYA3|GOG6A_HUMAN:sp|Q6T310|RSLBA_HUMAN:sp|Q13905|RPGF1_HUMAN:sp|Q5VWM6|PRA13_HUMAN:sp|I6L899|GOG8R_HUMAN:sp|Q96EV2|RBM33_HUMAN:sp|Q9H0G5|NSRP1_HUMAN:sp|P48200|IREB2_HUMAN:sp|P0C874|S31D3_HUMAN:sp|P07332|FES_HUMAN:sp|A6NN73|GOG8C_HUMAN:sp|O95644|NFAC1_HUMAN:sp|Q96DZ1|ERLEC_HUMAN:sp|Q9NX78|TM260_HUMAN:sp|Q8N7X8|SIGL1_HUMAN:sp|Q96AP4|ZUP1_HUMAN:sp|Q6ZUB0|S31D4_HUMAN:sp|Q8WUU4|ZN296_HUMAN:sp|Q8TDW0|LRC8C_HUMAN:sp|Q15149|PLEC_HUMAN:tr|A0A1W2PRN1|A0A1W2PRN1_HUMAN:sp|P60510|PP4C_HUMAN:sp|Q5T7N2|LITD1_HUMAN:sp|Q86UQ4|ABCAD_HUMAN:sp|H3BPF8|GOG8S_HUMAN:sp|Q08AD1|CAMP2_HUMAN:sp|Q9UJT1|TBD_HUMAN:sp|H3BV12|GOG8Q_HUMAN:sp|P23229|ITA6_HUMAN:sp|P48048|KCNJ1_HUMAN:sp|Q9BT17|MTG1_HUMAN:sp|A6NMD2|GOG8J_HUMAN:sp|Q13491|GPM6B_HUMAN:sp|Q9P2R6|RERE_HUMAN:sp|Q13402|MYO7A_HUMAN:sp|B4DX44|ZN736_HUMAN:sp|Q5SWL7|PRA14_HUMAN:sp|Q0D2H9|GOG8D_HUMAN:sp|Q9UKL0|RCOR1_HUMAN:sp|F8WBI6|GOG8N_HUMAN:sp|Q6N021|TET2_HUMAN:sp|O60231|DHX16_HUMAN:sp|Q12852|M3K12_HUMAN:sp|Q9BYX4|IFIH1_HUMAN:sp|Q9NQV6|PRD10_HUMAN:sp|A6NDN3|GOG6B_HUMAN:sp|Q86WA9|S2611_HUMAN:sp|Q96RL7|VP13A_HUMAN:sp|Q6UWH4|GAK1B_HUMAN:sp|P67775|PP2AA_HUMAN:sp|Q5JWF2|GNAS1_HUMAN:sp|Q5VWT5|FYB2_HUMAN:sp|Q8NAA5|LR75A_HUMAN:sp|Q5W0B1|OBI1_HUMAN:sp|O43283|M3K13_HUMAN:sp|Q14204|DYHC1_HUMAN:sp|P21399|ACOHC_HUMAN:sp|Q13129|RLF_HUMAN:sp|Q9H9A5|CNO10_HUMAN:sp|O15078|CE290_HUMAN:sp|Q7Z4G4|TRM11_HUMAN:sp|Q6P9A3|ZN549_HUMAN:sp|A6NC78|GOG8I_HUMAN:sp|Q5T1H1|EYS_HUMAN:sp|P13598|ICAM2_HUMAN:sp|P15918|RAG1_HUMAN:sp|A6NCL1|GEMC1_HUMAN:sp|H3BSY2|GOG8M_HUMAN:sp|P62273|RS29_HUMAN:sp|Q2I0M5|RSPO4_HUMAN:sp|Q9P2F8|SI1L2_HUMAN:sp|Q15596|NCOA2_HUMAN:sp|A3KMH1|VWA8_HUMAN:sp|Q9NZ38|IDAS1_HUMAN:sp|Q9UHF3|NAT8B_HUMAN:sp|Q9H4Q3|PRD13_HUMAN:sp|P12814|ACTN1_HUMAN,DeepNovo
K(+42.01)HTKLV,20.88,766.4701,6,100.0,6,1.1,384.24274,2,35.1486,17.6486,0.28,13398,HFX193_IPP292_GEL_CRC_324_Odd.raw,6.23E6,4.05E7,2,2,2,2,"Acetylation (N-term)",,3 3 3 4 33 5,K(+42.01)HTKLV,sp|Q86YT6|MIB1_HUMAN:sp|Q9NTN9|SEM4G_HUMAN,DB Search
K(+42.01)HVLRK,10.34,821.5236,6,33.3,6,1.3,411.76959,2,25.0955,7.3955,0.52,9326,HFX193_IPP292_GEL_CRC_324_Odd.raw,1.03E6,9.76E6,1,1,1,1,"Acetylation (N-term)",,0 0 7 1 1 4,K(+42.01)HVLRK,sp|P46094|XCR1_HUMAN,DB Search
K(+42.01)KAAPAKKL,24.40,995.6491,9,77.8,9,0.6,332.89050,3,26.3812,3.9812,0.51,9881,HFX193_IPP292_GEL_CRC_324_Odd.raw,1.22E5,1.33E6,1,1,1,1,"Acetylation (N-term)",,0 0 8 3 3 2 5 8 5,K(+42.01)KAAPAKKL,sp|P29728|OAS2_HUMAN:sp|Q96PE2|ARHGH_HUMAN:sp|Q9Y6N7|ROBO1_HUMAN:sp|Q9H6Y2|WDR55_HUMAN:sp|Q9Y5E8|PCDBF_HUMAN:sp|A6NF01|P121B_HUMAN:sp|O60331|PI51C_HUMAN:sp|Q96HA7|TONSL_HUMAN:sp|Q9P275|UBP36_HUMAN:sp|P0CJ90|DU4L7_HUMAN:sp|P0C7V6|SP202_HUMAN:sp|Q13428|TCOF_HUMAN:sp|Q9Y4A5|TRRAP_HUMAN:sp|P05204|HMGN2_HUMAN:sp|Q9UN66|PCDB8_HUMAN:sp|Q9ULU8|CAPS1_HUMAN:sp|Q8IWN7|RP1L1_HUMAN:sp|P32297|ACHA3_HUMAN:sp|O14513|NCKP5_HUMAN:sp|Q8WZ75|ROBO4_HUMAN:sp|Q9Y5E7|PCDB2_HUMAN:sp|Q86YV5|PRAG1_HUMAN:sp|Q7Z6E9|RBBP6_HUMAN:sp|Q7Z6J0|SH3R1_HUMAN:sp|O43815|STRN_HUMAN:sp|A4UGR9|XIRP2_HUMAN:sp|O95996|APCL_HUMAN:sp|P51816|AFF2_HUMAN:sp|Q502W6|VWA3B_HUMAN:sp|A0A087WV53|SPEGN_HUMAN:sp|Q96GE9|DMAC1_HUMAN:sp|Q5JTD0|TJAP1_HUMAN:sp|Q6ZU69|S31F1_HUMAN:sp|Q8IXR5|F178B_HUMAN:sp|Q7Z5R6|AB1IP_HUMAN:sp|Q9UFD9|RIM3A_HUMAN:sp|Q15274|NADC_HUMAN:sp|Q29RF7|PDS5A_HUMAN:sp|P51610|HCFC1_HUMAN:sp|Q9BV87|CNPD1_HUMAN:sp|Q9C009|FOXQ1_HUMAN:sp|Q14980|NUMA1_HUMAN:sp|Q9Y4J8|DTNA_HUMAN:sp|P62899|RL31_HUMAN:sp|O60308|CE104_HUMAN:sp|P98082|DAB2_HUMAN:sp|Q12872|SFSWA_HUMAN:sp|Q9Y606|PUS1_HUMAN:sp|Q9P2P6|STAR9_HUMAN:sp|Q702N8|XIRP1_HUMAN:sp|Q9NZ56|FMN2_HUMAN:sp|Q15345|LRC41_HUMAN:sp|Q58F21|BRDT_HUMAN:sp|O60500|NPHN_HUMAN:sp|Q96NW4|ANR27_HUMAN:sp|Q76KP1|B4GN4_HUMAN:sp|Q99742|NPAS1_HUMAN:sp|Q92988|DLX4_HUMAN:sp|P17676|CEBPB_HUMAN:sp|Q6UUV7|CRTC3_HUMAN:sp|O75362|ZN217_HUMAN:sp|O75334|LIPA2_HUMAN:sp|O75949|NALF2_HUMAN:sp|Q9ULQ0|STRP2_HUMAN:sp|Q9Y5E9|PCDBE_HUMAN:sp|Q8IWA6|CCD60_HUMAN:sp|Q9C091|GRB1L_HUMAN:sp|Q12952|FOXL1_HUMAN:sp|P56270|MAZ_HUMAN:sp|O14901|KLF11_HUMAN:sp|P78414|IRX1_HUMAN:sp|P22557|HEM0_HUMAN:sp|P50914|RL14_HUMAN:sp|P02549|SPTA1_HUMAN:sp|Q96EG3|ZN837_HUMAN:sp|O95084|PRS23_HUMAN:sp|O75445|USH2A_HUMAN:sp|Q9H5V8|CDCP1_HUMAN:sp|Q8IZA3|H18_HUMAN:sp|Q6ZU65|UBN2_HUMAN:sp|P08590|MYL3_HUMAN:sp|Q9UEW8|STK39_HUMAN:sp|Q9UBX2|DUX4_HUMAN:sp|Q9P244|LRFN1_HUMAN:sp|Q8N6S4|AN13C_HUMAN:sp|Q58EX2|SDK2_HUMAN:sp|Q92619|HMHA1_HUMAN:sp|Q02539|H11_HUMAN:sp|Q14692|BMS1_HUMAN:sp|Q9Y5E4|PCDB5_HUMAN:sp|P10515|ODP2_HUMAN:sp|P09497|CLCB_HUMAN:sp|O60885|BRD4_HUMAN:sp|O94915|FRYL_HUMAN:sp|Q9Y5E3|PCDB6_HUMAN:sp|Q9UJ14|GGT7_HUMAN:MXRA8_DEL_G-p.R301Gfs*107_::chr1:1354230-1355230_frame=-3:sp|Q86UX6|ST32C_HUMAN:sp|Q8NDW8|TT21A_HUMAN:sp|O75182|SIN3B_HUMAN:sp|O14905|WNT9B_HUMAN:sp|O60941|DTNB_HUMAN:sp|O14558|HSPB6_HUMAN:sp|Q6WBX8|RAD9B_HUMAN:sp|Q9BTV4|TMM43_HUMAN:sp|Q92522|H1X_HUMAN:sp|Q15059|BRD3_HUMAN:sp|Q93074|MED12_HUMAN:sp|Q9UQ88|CD11A_HUMAN:sp|Q6ZUT3|FRMD7_HUMAN:sp|Q9Y5F1|PCDBC_HUMAN:sp|P0CJ88|DU4L5_HUMAN:sp|P19338|NUCL_HUMAN:sp|Q3ZLR7|SP201_HUMAN:sp|P0CJ85|DU4L2_HUMAN:sp|Q9H9J4|UBP42_HUMAN:sp|Q9C0H9|SRCN1_HUMAN:sp|Q8NHW5|RLA0L_HUMAN:sp|Q9NXS2|QPCTL_HUMAN:sp|P13674|P4HA1_HUMAN,DeepNovo
K(+42.01)KAAPKKL,19.03,924.6120,8,50.0,8,0.3,463.31342,2,25.5573,8.0573,0.15,9543,HFX193_IPP292_GEL_CRC_324_Odd.raw,1.48E5,2.11E6,1,1,1,1,"Acetylation (N-term)",,5 1 1 0 0 2 2 4,K(+42.01)KAAPKKL,sp|Q12796|PNRC1_HUMAN:sp|P35568|IRS1_HUMAN:sp|Q9HBJ0|PLAC1_HUMAN:sp|O75694|NU155_HUMAN:sp|Q8NHX4|SPTA3_HUMAN:sp|Q96GM5|SMRD1_HUMAN:sp|O15446|RPA34_HUMAN:sp|Q9Y468|LMBL1_HUMAN:sp|O60331|PI51C_HUMAN:sp|P46937|YAP1_HUMAN:sp|P49917|DNLI4_HUMAN:sp|Q6P9F5|TRI40_HUMAN:sp|Q92622|RUBIC_HUMAN:sp|Q6ZNE9|RUFY4_HUMAN:sp|Q8NEN9|PDZD8_HUMAN:sp|O14513|NCKP5_HUMAN:sp|Q86YV5|PRAG1_HUMAN:sp|Q6P387|CP046_HUMAN:sp|Q8N3P4|VPS8_HUMAN:sp|Q9Y6N5|SQOR_HUMAN:sp|Q9NY87|SPNXC_HUMAN:sp|P23025|XPA_HUMAN:sp|Q15361|TTF1_HUMAN:sp|Q9HDB9|GAK5_HUMAN:sp|P48307|TFPI2_HUMAN:sp|Q8IZL8|PELP1_HUMAN:sp|E9PAV3|NACAM_HUMAN:sp|Q502W6|VWA3B_HUMAN:sp|Q9HC77|CENPJ_HUMAN:sp|Q9BYJ9|YTHD1_HUMAN:sp|Q9H467|CUED2_HUMAN:sp|Q9NY47|CA2D2_HUMAN:sp|Q96B70|LENG9_HUMAN:sp|Q92576|PHF3_HUMAN:sp|Q29RF7|PDS5A_HUMAN:sp|Q6UWU2|GLB1L_HUMAN:sp|Q9BV87|CNPD1_HUMAN:sp|Q14980|NUMA1_HUMAN:sp|Q8NA19|LMBL4_HUMAN:sp|Q9Y5S1|TRPV2_HUMAN:sp|Q7Z736|PKHH3_HUMAN:sp|P98082|DAB2_HUMAN:sp|Q99674|CGRE1_HUMAN:sp|Q9UBF9|MYOTI_HUMAN:sp|Q12872|SFSWA_HUMAN:sp|Q96CM3|RUSD4_HUMAN:sp|Q8TD16|BICD2_HUMAN:sp|Q53GL0|PKHO1_HUMAN:sp|Q86XH1|DRC11_HUMAN:sp|Q9UJ55|MAGL2_HUMAN:sp|Q8NEY1|NAV1_HUMAN:sp|O14964|HGS_HUMAN:sp|Q99742|NPAS1_HUMAN:sp|Q8WXX0|DYH7_HUMAN:sp|Q92932|PTPR2_HUMAN:sp|Q9NSI8|SAMN1_HUMAN:sp|Q2M1V0|ISX_HUMAN:sp|O75400|PR40A_HUMAN:sp|Q9UNS1|TIM_HUMAN:sp|Q92616|GCN1_HUMAN:sp|Q9ULQ0|STRP2_HUMAN:sp|P16403|H12_HUMAN:sp|P17677|NEUM_HUMAN:sp|Q9H334|FOXP1_HUMAN:sp|P09486|SPRC_HUMAN:sp|P04183|KITH_HUMAN:sp|A0A0U1RR37|CA232_HUMAN:sp|P54289|CA2D1_HUMAN:sp|Q9P227|RHG23_HUMAN:sp|P38435|VKGC_HUMAN:sp|P37088|SCNNA_HUMAN:sp|P22557|HEM0_HUMAN:sp|Q8WZ42|TITIN_HUMAN:sp|Q13443|ADAM9_HUMAN:sp|Q96JM7|LMBL3_HUMAN:sp|P50914|RL14_HUMAN:sp|P02549|SPTA1_HUMAN:sp|P28845|DHI1_HUMAN:sp|P39656|OST48_HUMAN:sp|Q66K74|MAP1S_HUMAN:sp|P51508|ZNF81_HUMAN:sp|P08590|MYL3_HUMAN:sp|A6NES4|MRO2A_HUMAN:sp|Q9UEW8|STK39_HUMAN:sp|Q5KSL6|DGKK_HUMAN:sp|Q92466|DDB2_HUMAN:sp|Q9HAW4|CLSPN_HUMAN:sp|Q58EX2|SDK2_HUMAN:sp|O14763|TR10B_HUMAN:sp|P02511|CRYAB_HUMAN:sp|Q8TEM1|PO210_HUMAN:sp|Q02539|H11_HUMAN:sp|Q14692|BMS1_HUMAN:sp|O60885|BRD4_HUMAN:sp|Q14978|NOLC1_HUMAN:sp|Q9UGI6|KCNN3_HUMAN:sp|Q7Z6V5|ADAT2_HUMAN:sp|P35658|NU214_HUMAN:sp|Q13435|SF3B2_HUMAN:sp|Q12860|CNTN1_HUMAN:sp|Q8N3K9|CMYA5_HUMAN:sp|P07992|ERCC1_HUMAN:sp|Q9BUR5|MIC26_HUMAN:sp|Q6WBX8|RAD9B_HUMAN:sp|Q5T1J6|F182A_HUMAN:sp|Q92522|H1X_HUMAN:sp|Q93074|MED12_HUMAN:sp|Q08AM6|VAC14_HUMAN:sp|Q63HQ2|EGFLA_HUMAN:sp|P19338|NUCL_HUMAN:sp|Q9Y2W2|WBP11_HUMAN:sp|Q9Y6V0|PCLO_HUMAN:sp|Q9H9J4|UBP42_HUMAN:sp|Q14689|DIP2A_HUMAN:sp|Q9UHP3|UBP25_HUMAN:sp|Q9C0H9|SRCN1_HUMAN:sp|Q9NXS2|QPCTL_HUMAN:sp|Q15256|PTPRR_HUMAN:sp|Q6PK04|CC137_HUMAN:sp|O15063|GRRE1_HUMAN,DeepNovo
K(+42.01)KGGHTAL,29.86,852.4818,8,62.5,8,1.5,427.24878,2,28.5488,13.1488,0.40,10739,HFX193_IPP292_GEL_CRC_324_Odd.raw,1.94E6,1.62E7,2,2,2,2,"Acetylation (N-term)",,3 0 0 0 3 12 25 5,K(+42.01)KGGHTAL,sp|Q13308|PTK7_HUMAN:sp|Q9NZP8|C1RL_HUMAN:sp|Q9Y574|ASB4_HUMAN:sp|Q9H8M1|CQ10B_HUMAN:sp|Q9Y3P4|RHBD3_HUMAN:sp|A0A1B0GXF2|TVB72_HUMAN:sp|Q15653|IKBB_HUMAN:sp|Q14690|RRP5_HUMAN:sp|A0A075B6L6|TVB73_HUMAN:sp|Q9GZR5|ELOV4_HUMAN,DeepNovo
K(+42.01)KGGLFHL,13.58,940.5494,8,12.5,8,-3.3,471.28043,2,28.9573,6.5573,0.20,10891,HFX193_IPP292_GEL_CRC_324_Even.raw,3.34E6,1.9E7,1,1,1,1,"Acetylation (N-term)",,1 1 0 0 1 1 1 3,K(+42.01)KGGLFHL,,DeepNovo
K(+42.01)KKAKFKF,9.83,1065.6698,8,62.5,8,-3.6,356.22928,3,33.6529,16.2529,0.34,12807,HFX193_IPP292_GEL_CRC_324_Odd.raw,2.21E5,1.31E6,1,1,1,1,"Acetylation (N-term)",,0 0 0 45 18 5 5 5,K(+42.01)KKAKFKF,sp|Q9H8W4|PKHF2_HUMAN:sp|Q8NFP9|NBEA_HUMAN:sp|O94818|NOL4_HUMAN:sp|A6NGW2|STRCL_HUMAN:sp|O00748|EST2_HUMAN:sp|A6NMZ7|CO6A6_HUMAN:sp|Q969M1|TM40L_HUMAN:sp|P20929|NEBU_HUMAN:sp|Q96P65|QRFPR_HUMAN:sp|P19447|ERCC3_HUMAN:sp|P11055|MYH3_HUMAN:sp|Q96L21|RL10L_HUMAN:sp|Q9NX58|LYAR_HUMAN:sp|P27635|RL10_HUMAN:sp|Q9Y4R8|TELO2_HUMAN:sp|Q8N228|SCML4_HUMAN:sp|P54136|SYRC_HUMAN:sp|O94955|RHBT3_HUMAN:sp|B4DZS4|T11X1_HUMAN:sp|Q9UPW8|UN13A_HUMAN:sp|Q7RTU9|STRC_HUMAN:sp|Q14185|DOCK1_HUMAN:sp|Q13045|FLII_HUMAN:sp|Q86TP1|PRUN1_HUMAN:sp|Q9H628|RERGL_HUMAN:sp|O43791|SPOP_HUMAN:sp|Q6IN85|P4R3A_HUMAN:sp|Q06190|P2R3A_HUMAN:sp|Q96QH2|PRAM_HUMAN:sp|Q2NKX8|ERC6L_HUMAN:sp|P27216|ANX13_HUMAN:sp|Q5SZK8|FREM2_HUMAN:sp|Q587J7|TDR12_HUMAN:sp|P16452|EPB42_HUMAN:sp|Q9UPP1|PHF8_HUMAN:sp|A7E2Y1|MYH7B_HUMAN:sp|Q9BXJ8|TACAN_HUMAN:sp|P50851|LRBA_HUMAN:sp|Q99959|PKP2_HUMAN:sp|P48751|B3A3_HUMAN:sp|Q9Y5J9|TIM8B_HUMAN:sp|Q8N3D4|EH1L1_HUMAN:sp|P51970|NDUA8_HUMAN:sp|Q5DID0|UROL1_HUMAN:sp|Q9UQ80|PA2G4_HUMAN:sp|Q96EM0|T3HPD_HUMAN:sp|A1L390|PKHG3_HUMAN:sp|Q92608|DOCK2_HUMAN:sp|P02788|TRFL_HUMAN:sp|Q14562|DHX8_HUMAN:sp|Q9P2Q2|FRM4A_HUMAN:sp|Q5H9J9|T11X2_HUMAN:sp|P31512|FMO4_HUMAN:sp|Q96LA6|FCRL1_HUMAN:sp|Q6IQ16|SPOPL_HUMAN:sp|Q4W5G0|TIGD2_HUMAN:sp|Q5T7N3|KANK4_HUMAN:sp|Q9P2U7|VGLU1_HUMAN:sp|Q9BVW5|TIPIN_HUMAN,DeepNovo
K(+42.01)KKAKKPKAAK,13.66,1266.8500,11,54.5,11,-2.5,423.28952,3,19.9957,18.2957,0.25,7308,HFX193_IPP292_GEL_CRC_324_Odd.raw,4.64E5,3.05E6,1,1,1,1,"Acetylation (N-term)",,0 0 0 3 5 3 0 0 3 10 5,K(+42.01)KKAKKPKAAK,sp|Q13772|NCOA4_HUMAN:sp|Q6ZW13|CP086_HUMAN:sp|A0AVI2|FR1L5_HUMAN:sp|Q96M91|CFA53_HUMAN:sp|P49418|AMPH_HUMAN:sp|A0A577|TVB41_HUMAN:sp|Q14683|SMC1A_HUMAN:sp|Q5VT06|CE350_HUMAN:sp|Q0VFZ6|CF210_HUMAN:sp|Q2TBE0|C19L2_HUMAN:sp|Q0P5P2|CQ067_HUMAN:sp|Q93088|BHMT1_HUMAN:sp|Q96L73|NSD1_HUMAN:sp|Q9H1H1|GTSFL_HUMAN:sp|Q13428|TCOF_HUMAN:sp|P29692|EF1D_HUMAN:sp|Q460N5|PAR14_HUMAN:sp|Q75QN2|INT8_HUMAN:sp|Q8NI08|NCOA7_HUMAN:sp|P16401|H15_HUMAN:sp|O43290|SNUT1_HUMAN:sp|O60240|PLIN1_HUMAN:sp|O95696|BRD1_HUMAN:sp|Q5SYE7|NHSL1_HUMAN:sp|Q9H4E7|DEFI6_HUMAN:sp|Q9C093|SPEF2_HUMAN:sp|Q9Y2E6|DTX4_HUMAN:sp|Q6ZUG5|YC006_HUMAN:sp|Q6IQ32|ADNP2_HUMAN:sp|Q9P2I0|CPSF2_HUMAN:sp|Q7KZF4|SND1_HUMAN:sp|Q5T5X7|BEND3_HUMAN:sp|P10412|H14_HUMAN:sp|Q10587|TEF_HUMAN:sp|Q9H6S1|AZI2_HUMAN:sp|Q96L91|EP400_HUMAN:sp|Q8N5C7|DTWD1_HUMAN:sp|Q01804|OTUD4_HUMAN:sp|Q6KB66|K2C80_HUMAN:sp|Q9NVH2|INT7_HUMAN:sp|Q2WGJ9|FR1L6_HUMAN:sp|P49321|NASP_HUMAN:sp|O00541|PESC_HUMAN:sp|A5YKK6|CNOT1_HUMAN:sp|Q9UHR5|S30BP_HUMAN:sp|P15924|DESP_HUMAN:sp|Q9NX55|HYPK_HUMAN:sp|O94986|CE152_HUMAN:sp|A8MT33|SYC1L_HUMAN:sp|Q14674|ESPL1_HUMAN:sp|Q8IWZ8|SUGP1_HUMAN:sp|Q9NSB2|KRT84_HUMAN:sp|Q12872|SFSWA_HUMAN:sp|O43463|SUV91_HUMAN:sp|P13647|K2C5_HUMAN:sp|P07305|H10_HUMAN:sp|Q12830|BPTF_HUMAN:sp|Q86XH1|DRC11_HUMAN:sp|Q05639|EF1A2_HUMAN:sp|Q8N7X8|SIGL1_HUMAN:sp|P78386|KRT85_HUMAN:sp|P16402|H13_HUMAN:sp|Q8NAA4|A16L2_HUMAN:sp|Q9Y2D4|EXC6B_HUMAN:sp|P07738|PMGE_HUMAN:sp|Q9C0B0|UNK_HUMAN:sp|Q5T0D9|TPRGL_HUMAN:sp|Q9H816|DCR1B_HUMAN:sp|P43699|NKX21_HUMAN:sp|Q9Y462|ZN711_HUMAN:sp|Q9UFH2|DYH17_HUMAN:sp|Q5VTE0|EF1A3_HUMAN:sp|Q9P2E3|ZNFX1_HUMAN:sp|Q9ULJ7|ANR50_HUMAN:sp|Q86UP3|ZFHX4_HUMAN:sp|Q7L4P6|BEND5_HUMAN:sp|O14828|SCAM3_HUMAN:sp|Q8NEG4|FA83F_HUMAN:sp|Q9NR99|MXRA5_HUMAN:sp|Q969S3|ZN622_HUMAN:sp|O43790|KRT86_HUMAN:sp|P04259|K2C6B_HUMAN:sp|Q9BXI6|TB10A_HUMAN:sp|Q9H1K0|RBNS5_HUMAN:sp|Q9ULW0|TPX2_HUMAN:sp|O75417|DPOLQ_HUMAN:sp|P36873|PP1G_HUMAN:sp|Q8TAZ6|CKLF2_HUMAN:sp|Q15047|SETB1_HUMAN:sp|Q5K651|SAMD9_HUMAN:sp|Q8TEW0|PARD3_HUMAN:sp|Q9Y3P9|RBGP1_HUMAN:sp|A6NCN2|KR87P_HUMAN:sp|O95678|K2C75_HUMAN:sp|Q6NW34|NEPRO_HUMAN:sp|Q9UPP1|PHF8_HUMAN:sp|Q9UBZ9|REV1_HUMAN:sp|Q02539|H11_HUMAN:sp|Q9NSB4|KRT82_HUMAN:sp|O75351|VPS4B_HUMAN:sp|Q9NPF5|DMAP1_HUMAN:sp|O75475|PSIP1_HUMAN:sp|P24534|EF1B_HUMAN:sp|Q2TB90|HKDC1_HUMAN:sp|A0A0J9YY54|TX13D_HUMAN:sp|Q15059|BRD3_HUMAN:sp|P18206|VINC_HUMAN:sp|P40818|UBP8_HUMAN:sp|O75553|DAB1_HUMAN:sp|Q02952|AKA12_HUMAN:sp|Q14571|ITPR2_HUMAN:sp|P68104|EF1A1_HUMAN:sp|O43602|DCX_HUMAN:sp|Q14CW9|AT7L3_HUMAN:sp|Q9Y6V0|PCLO_HUMAN:sp|Q96C57|CSTOS_HUMAN:sp|Q9NR30|DDX21_HUMAN:sp|Q9UHW5|GPN3_HUMAN:sp|Q6PK04|CC137_HUMAN:sp|Q8TF62|AT8B4_HUMAN,DeepNovo
K(+42.01)KKHFAL,33.05,912.5545,7,100.0,7,1.3,457.28513,2,30.6135,13.9135,0.39,11603,HFX193_IPP292_GEL_CRC_324_Odd.raw,1.49E5,2.04E6,1,1,1,1,"Acetylation (N-term)",,5 10 8 2 2 14 5,K(+42.01)KKHFAL,sp|Q9UL01|DSE_HUMAN:sp|Q8IZD9|DOCK3_HUMAN:sp|P49641|MA2A2_HUMAN:sp|Q9HC57|WFDC1_HUMAN:sp|Q5TEA3|DAAF9_HUMAN:sp|Q9BYV9|BACH2_HUMAN:sp|O60486|PLXC1_HUMAN:sp|Q14692|BMS1_HUMAN:sp|Q9NVA4|T184C_HUMAN:sp|A6PVS8|LRIQ3_HUMAN:sp|Q8N5Y2|MS3L1_HUMAN:sp|Q9NWR8|MCUB_HUMAN:sp|Q5T160|SYRM_HUMAN:sp|Q8TBX8|PI42C_HUMAN:sp|Q9UKT6|FXL21_HUMAN:sp|Q719I0|AHSA2_HUMAN:sp|Q8TE57|ATS16_HUMAN:sp|Q5GFL6|VWA2_HUMAN:sp|Q14183|DOC2A_HUMAN:sp|Q9BUB5|MKNK1_HUMAN:sp|Q6ZST4|LCNL1_HUMAN:sp|Q14093|CYLC2_HUMAN:sp|P22692|IBP4_HUMAN:sp|Q6PKC3|TXD11_HUMAN:sp|P0C860|MS3L2_HUMAN:sp|O15405|TOX3_HUMAN:sp|Q03701|CEBPZ_HUMAN:sp|Q8TCU5|NMD3A_HUMAN:sp|P78356|PI42B_HUMAN:sp|Q96GC6|ZN274_HUMAN:sp|Q86W10|CP4Z1_HUMAN:sp|Q9BXS6|NUSAP_HUMAN:sp|O75582|KS6A5_HUMAN:sp|P48426|PI42A_HUMAN:sp|Q8TE60|ATS18_HUMAN:sp|P35663|CYLC1_HUMAN:sp|Q16706|MA2A1_HUMAN:sp|P06213|INSR_HUMAN:sp|A0A1B0GVH7|IQCM_HUMAN,DeepNovo
K(+42.01)KKKAEELK,23.33,1142.7023,9,55.6,9,1.2,381.90848,3,27.1577,13.0577,0.44,10185,HFX193_IPP292_GEL_CRC_324_Odd.raw,6.89E4,7.99E5,1,1,1,1,"Acetylation (N-term)",,0 0 0 0 27 11 11 29 5,K(+42.01)KKKAEELK,MARCKS_DEL_A-p.K155Rfs*12_::chr6:113859534-113860534_frame=1:sp|Q99487|PAFA2_HUMAN:sp|Q96A05|VATE2_HUMAN:sp|Q7L0Q8|RHOU_HUMAN:sp|O00429|DNM1L_HUMAN:sp|Q9BZQ8|NIBA1_HUMAN:sp|Q0VFZ6|CF210_HUMAN:sp|Q6ZRS2|SRCAP_HUMAN:sp|P50461|CSRP3_HUMAN:sp|Q86TB9|PATL1_HUMAN:sp|Q7Z589|EMSY_HUMAN:sp|P11498|PYC_HUMAN:sp|O60518|RNBP6_HUMAN:sp|P26373|RL13_HUMAN:sp|Q5T2T1|MPP7_HUMAN:sp|P11055|MYH3_HUMAN:sp|Q6NSJ2|PHLB3_HUMAN:sp|Q0VAK6|LMOD3_HUMAN:sp|P06276|CHLE_HUMAN:sp|O43280|TREA_HUMAN:sp|Q9H4I2|ZHX3_HUMAN:sp|Q02297|NRG1_HUMAN:sp|Q8N7X0|ADGB_HUMAN:sp|P0DPF3|NBPF9_HUMAN:sp|Q5TCQ9|MAGI3_HUMAN:sp|Q5SW79|CE170_HUMAN:sp|O95630|STABP_HUMAN:sp|Q5S007|LRRK2_HUMAN:sp|Q9BQE5|APOL2_HUMAN:sp|Q9BXL7|CAR11_HUMAN:sp|P53004|BIEA_HUMAN:sp|Q5TZA2|CROCC_HUMAN:sp|P19878|NCF2_HUMAN:sp|Q15418|KS6A1_HUMAN:sp|Q9NRK6|ABCBA_HUMAN:sp|Q9P1A6|DLGP2_HUMAN:sp|Q6P597|KLC3_HUMAN:sp|Q15025|TNIP1_HUMAN:sp|Q6UUV9|CRTC1_HUMAN:sp|P26639|SYTC_HUMAN:sp|Q6P5Z2|PKN3_HUMAN:sp|Q3BBV2|NBPF8_HUMAN:sp|Q8NDH2|CC168_HUMAN:sp|Q6UXN7|TO20L_HUMAN:sp|Q8N0Z6|TTC5_HUMAN:sp|P46063|RECQ1_HUMAN:sp|Q8WYA0|IFT81_HUMAN:sp|Q14687|GSE1_HUMAN:sp|O75916|RGS9_HUMAN:sp|Q8N6H7|ARFG2_HUMAN:sp|Q9Y5W5|WIF1_HUMAN:sp|Q96KP1|EXOC2_HUMAN:sp|Q5T0F9|C2D1B_HUMAN:sp|Q8IYR2|SMYD4_HUMAN:sp|Q0ZGT2|NEXN_HUMAN:sp|O75165|DJC13_HUMAN:sp|P51531|SMCA2_HUMAN:sp|O75794|CD123_HUMAN:sp|Q8IWY8|ZSC29_HUMAN:sp|Q8N5Q1|GAR5B_HUMAN:sp|O15397|IPO8_HUMAN:sp|P11532|DMD_HUMAN:sp|Q86TU7|SETD3_HUMAN:sp|Q96EY8|MMAB_HUMAN:sp|Q8NDV3|SMC1B_HUMAN:sp|P0C2Y1|NBPF7_HUMAN:sp|Q14257|RCN2_HUMAN:sp|Q96CT2|KLH29_HUMAN:sp|O75129|ASTN2_HUMAN:sp|P78406|RAE1L_HUMAN:sp|Q06455|MTG8_HUMAN:sp|Q14028|CNGB1_HUMAN:sp|Q9P013|CWC15_HUMAN:sp|Q9H8W3|F204A_HUMAN:sp|Q96PY5|FMNL2_HUMAN:sp|Q9H777|RNZ1_HUMAN:sp|Q8IZU3|SYCP3_HUMAN:sp|Q5I0G3|MDH1B_HUMAN:sp|O14828|SCAM3_HUMAN:sp|O95613|PCNT_HUMAN:sp|Q9H6T3|RPAP3_HUMAN:sp|Q969S3|ZN622_HUMAN:sp|Q9BYV8|CEP41_HUMAN:sp|P02549|SPTA1_HUMAN:sp|O60315|ZEB2_HUMAN:sp|O14645|IDLC_HUMAN:sp|O43719|HTSF1_HUMAN:sp|O00410|IPO5_HUMAN:sp|Q15431|SYCP1_HUMAN:sp|Q9BUQ8|DDX23_HUMAN:sp|A6NKN8|PC4L1_HUMAN:sp|Q6P3X3|TTC27_HUMAN:sp|Q4ZHG4|FNDC1_HUMAN:sp|O00418|EF2K_HUMAN:sp|Q9P2Y5|UVRAG_HUMAN:sp|Q06265|EXOS9_HUMAN:sp|P35711|SOX5_HUMAN:sp|O43314|VIP2_HUMAN:sp|Q86T75|NBPFB_HUMAN:sp|P78380|OLR1_HUMAN:sp|Q9Y623|MYH4_HUMAN:sp|Q7Z3U7|MON2_HUMAN:sp|Q96N16|JKIP1_HUMAN:sp|A8MU46|SMTL1_HUMAN:sp|Q6PFW1|VIP1_HUMAN:sp|Q7Z7B0|FLIP1_HUMAN:sp|Q9ULE4|F184B_HUMAN:sp|Q8ND30|LIPB2_HUMAN:sp|A6NFX1|MFS2B_HUMAN:sp|O75330|HMMR_HUMAN:sp|Q16206|ENOX2_HUMAN:sp|Q92968|PEX13_HUMAN:sp|Q16740|CLPP_HUMAN:sp|Q9H9Y2|RPF1_HUMAN:sp|Q13464|ROCK1_HUMAN:sp|Q8WTT2|NOC3L_HUMAN:sp|Q96LZ7|RMD2_HUMAN:sp|Q5T0T0|MARH8_HUMAN:sp|Q96M89|CC138_HUMAN:sp|P13611|CSPG2_HUMAN,DeepNovo
K(+42.01)KLAKSL,13.38,828.5433,7,71.4,7,1.2,415.27942,2,36.7524,16.3524,0.61,14069,HFX193_IPP292_GEL_CRC_324_Odd.raw,4.48E5,3.53E6,1,1,1,1,"Acetylation (N-term)",,3 0 1 4 6 9 5,K(+42.01)KLAKSL,DOCK3_DEL_C-p.P1852Qfs*45_::chr3:51379673-51380673_frame=-2:sp|P54284|CACB3_HUMAN:sp|Q70Z35|PREX2_HUMAN:sp|P42694|HELZ_HUMAN:sp|Q8N468|MFD4A_HUMAN:sp|Q9UMQ3|BARX2_HUMAN:sp|P25205|MCM3_HUMAN:sp|Q86T82|UBP37_HUMAN:sp|A6NI28|RHG42_HUMAN:sp|Q9H3N8|HRH4_HUMAN:sp|Q15517|CDSN_HUMAN:sp|O60291|MGRN1_HUMAN:sp|Q9Y4D8|HECD4_HUMAN:sp|Q7Z4L9|PPR42_HUMAN:sp|O00370|LORF2_HUMAN:sp|Q6UXD7|S49A3_HUMAN:sp|O95264|5HT3B_HUMAN:sp|O43711|TLX3_HUMAN:sp|Q8WWH5|TRUB1_HUMAN:sp|Q9ULU8|CAPS1_HUMAN:sp|Q107X0|KRIP1_HUMAN:sp|Q5VYP0|S31A3_HUMAN:sp|Q9UPP2|IQEC3_HUMAN:sp|Q96MK2|RIPR3_HUMAN:sp|Q9Y5G5|PCDG8_HUMAN:sp|Q04828|AK1C1_HUMAN:sp|Q15058|KIF14_HUMAN:sp|Q8TC20|CAGE1_HUMAN:sp|P42330|AK1C3_HUMAN:sp|Q02410|APBA1_HUMAN:sp|Q9BRN9|TM2D3_HUMAN:sp|Q5VVP1|S31A6_HUMAN:sp|P05062|ALDOB_HUMAN:sp|P17516|AK1C4_HUMAN:sp|Q9Y5S8|NOX1_HUMAN:sp|Q9BYV1|AGT2_HUMAN:sp|Q5THJ4|VP13D_HUMAN:sp|Q6ZSZ5|ARHGI_HUMAN:sp|Q6P1X5|TAF2_HUMAN:sp|Q9UKN1|MUC12_HUMAN:sp|Q6P988|NOTUM_HUMAN:sp|O95359|TACC2_HUMAN:sp|Q16543|CDC37_HUMAN:sp|Q13148|TADBP_HUMAN:sp|A4D2P6|GRD2I_HUMAN:sp|P30613|KPYR_HUMAN:sp|Q96D53|COQ8B_HUMAN:sp|Q9Y6X6|MYO16_HUMAN:sp|P30542|AA1R_HUMAN:sp|O95477|ABCA1_HUMAN:sp|Q9NRA2|S17A5_HUMAN:sp|Q9ULD9|ZN608_HUMAN:sp|Q9NSP4|CENPM_HUMAN:sp|P46781|RS9_HUMAN:sp|Q86UQ4|ABCAD_HUMAN:sp|O95985|TOP3B_HUMAN:sp|Q9P0K1|ADA22_HUMAN:sp|Q86T65|DAAM2_HUMAN:tr|A0A8Q3SIG1|A0A8Q3SIG1_HUMAN:sp|Q99767|APBA2_HUMAN:sp|Q5VU36|S31A5_HUMAN:sp|Q9Y5R5|DMRT2_HUMAN:sp|Q16891|MIC60_HUMAN:sp|Q9BV23|ABHD6_HUMAN:sp|Q5TZJ5|S31A1_HUMAN:sp|Q9UP65|PA24C_HUMAN:sp|O15303|GRM6_HUMAN:sp|Q4U2R8|S22A6_HUMAN:sp|Q9BVN2|RUSC1_HUMAN:sp|Q9NVU0|RPC5_HUMAN:sp|O43572|AKA10_HUMAN:sp|Q15560|TCEA2_HUMAN:sp|Q9BXW9|FACD2_HUMAN:sp|Q9Y4D1|DAAM1_HUMAN:sp|P35680|HNF1B_HUMAN:sp|P23193|TCEA1_HUMAN:sp|Q7Z3F1|GP155_HUMAN:sp|O15027|SC16A_HUMAN:sp|Q9BUQ8|DDX23_HUMAN:sp|H7BZ55|CRCC2_HUMAN:sp|B1AJZ9|FHAD1_HUMAN:sp|Q8N9V7|TOPZ1_HUMAN:sp|Q8IYA8|IHO1_HUMAN:sp|A2RTY3|HEAT9_HUMAN:sp|Q86UW7|CAPS2_HUMAN:sp|Q6ZTK2|YP015_HUMAN:sp|P55060|XPO2_HUMAN:tr|A0A590UK10|A0A590UK10_HUMAN:sp|Q8TE76|MORC4_HUMAN:sp|P48960|AGRE5_HUMAN:sp|Q9H939|PPIP2_HUMAN:sp|Q13886|KLF9_HUMAN:sp|Q9NSC2|SALL1_HUMAN:sp|P98077|SHC2_HUMAN:sp|Q8IYB7|DI3L2_HUMAN:sp|Q8IWB4|S31A7_HUMAN:sp|Q96D46|NMD3_HUMAN:sp|P52895|AK1C2_HUMAN:sp|O43293|DAPK3_HUMAN:sp|Q14188|TFDP2_HUMAN:sp|P0C864|DANCR_HUMAN:sp|Q12802|AKP13_HUMAN:sp|Q6XUX3|DUSTY_HUMAN:sp|Q96JB2|COG3_HUMAN:sp|Q96AY4|TTC28_HUMAN:sp|Q9NX46|ADPRS_HUMAN:sp|Q9BXS6|NUSAP_HUMAN:sp|P09693|CD3G_HUMAN:sp|Q9NR09|BIRC6_HUMAN:sp|P55291|CAD15_HUMAN:sp|Q9Y263|PLAP_HUMAN:sp|Q9H2B4|S26A1_HUMAN:sp|P51168|SCNNB_HUMAN:sp|P11362|FGFR1_HUMAN,DeepNovo
K(+42.01)KLFGAGAAKGGK,53.30,1273.7506,13,23.1,13,1.1,637.88330,2,30.1837,4.9837,0.27,11411,HFX193_IPP292_GEL_CRC_324_Even.raw,6.19E5,5.69E6,1,1,1,1,"Acetylation (N-term)",,1 1 1 1 0 0 0 0 25 39 0 0 2,K(+42.01)KLFGAGAAKGGK,,DeepNovo
K(+42.01)KLFGAGAARLT,44.36,1273.7506,12,41.7,12,0.9,425.59122,3,30.1837,1.7837,0.07,11388,HFX193_IPP292_GEL_CRC_324_Even.raw,4.1E6,3.09E7,1,1,1,1,"Acetylation (N-term)",,0 0 2 2 0 0 0 0 13 1 42 5,K(+42.01)KLFGAGAARLT,sp|Q8WUJ3|CEMIP_HUMAN:sp|Q8IZD9|DOCK3_HUMAN:sp|P24043|LAMA2_HUMAN:sp|Q01484|ANK2_HUMAN:sp|Q92624|APBP2_HUMAN:sp|A6NMZ7|CO6A6_HUMAN:sp|Q9ULH0|KDIS_HUMAN:sp|Q9H1N7|S35B3_HUMAN:sp|P61619|S61A1_HUMAN:sp|Q9BX26|SYCP2_HUMAN:sp|P29375|KDM5A_HUMAN:sp|B1ANS9|WDR64_HUMAN:sp|A0A075B6S0|TRGJ1_HUMAN:sp|Q86VQ0|LCA5_HUMAN:sp|Q8N4L1|T151A_HUMAN:sp|A0PJX2|TLDC2_HUMAN:sp|Q8NI08|NCOA7_HUMAN:sp|Q96CS2|HAUS1_HUMAN:sp|Q8TBF4|ZCRB1_HUMAN:sp|Q9H9S3|S61A2_HUMAN:sp|Q6UXV4|MIC27_HUMAN:sp|P00736|C1R_HUMAN:sp|P49589|SYCC_HUMAN:sp|Q96L93|KI16B_HUMAN:sp|P78371|TCPB_HUMAN:sp|O94988|FA13A_HUMAN:sp|Q6PKG0|LARP1_HUMAN:sp|P13688|CEAM1_HUMAN:sp|Q5U651|RAIN_HUMAN:sp|Q96PV4|PNMA5_HUMAN:sp|Q5JW98|CAHM4_HUMAN:sp|O95158|NXPH4_HUMAN:sp|P40126|TYRP2_HUMAN:sp|Q8IXJ9|ASXL1_HUMAN:sp|Q14184|DOC2B_HUMAN:sp|O75923|DYSF_HUMAN:sp|O95157|NXPH3_HUMAN:sp|O14617|AP3D1_HUMAN:sp|Q68DK2|ZFY26_HUMAN:tr|A0A5H1ZRR4|A0A5H1ZRR4_HUMAN:sp|Q8N1I0|DOCK4_HUMAN:sp|Q9H444|CHM4B_HUMAN:sp|Q9UGF7|O12D3_HUMAN:sp|P42345|MTOR_HUMAN:sp|P78424|PO6F2_HUMAN:sp|O43151|TET3_HUMAN:sp|Q5H9S7|DCA17_HUMAN:sp|Q9P266|JCAD_HUMAN:sp|Q5T447|HECD3_HUMAN:sp|P00533|EGFR_HUMAN:sp|Q15406|NR6A1_HUMAN:sp|Q5T3J3|LRIF1_HUMAN:sp|Q8NH37|OR4C3_HUMAN:sp|P08697|A2AP_HUMAN:sp|Q9NRR4|RNC_HUMAN:sp|Q13813|SPTN1_HUMAN:sp|Q96SL8|FIZ1_HUMAN:sp|Q5VIR6|VPS53_HUMAN:sp|Q01814|AT2B2_HUMAN:sp|Q13733|AT1A4_HUMAN:sp|P04626|ERBB2_HUMAN:sp|P0C7H9|U17L7_HUMAN:sp|Q96DM3|RMC1_HUMAN:sp|P26022|PTX3_HUMAN:sp|Q8N3A8|PARP8_HUMAN:sp|Q75V66|ANO5_HUMAN,DeepNovo
K(+42.01)KLTGA,20.74,658.4014,6,16.7,6,1.6,659.40967,1,35.0892,9.9892,0.64,13380,HFX193_IPP292_GEL_CRC_324_Even.raw,3.23E6,2.03E7,3,3,3,3,"Acetylation (N-term)",,0 0 0 3 0 0,K(+42.01)KLTGA,sp|Q9Y6X6|MYO16_HUMAN:sp|P35754|GLRX1_HUMAN:sp|Q8N5Y8|PAR16_HUMAN,DB Search
K(+42.01)KPHLV,18.25,762.4752,6,66.7,6,-0.9,382.24451,2,38.6700,16.6700,0.61,14851,HFX193_IPP292_GEL_CRC_324_Odd.raw,3.72E5,2.27E6,1,1,1,1,"Acetylation (N-term)",,0 0 4 5 3 3,K(+42.01)KPHLV,sp|Q9BYG5|PAR6B_HUMAN,DB Search
K(+42.01)KRKLAGAL,40.84,1025.6709,9,55.6,9,0.2,513.84283,2,28.1381,5.2381,0.25,10548,HFX193_IPP292_GEL_CRC_324_Even.raw,1.42E8,8.15E8,5,5,5,5,"Acetylation (N-term)",,5 2 1 1 3 0 0 16 5,K(+42.01)KRKLAGAL,sp|Q96PE2|ARHGH_HUMAN:sp|Q6NW29|RWDD4_HUMAN:sp|Q5VT06|CE350_HUMAN:sp|Q9UPY3|DICER_HUMAN:sp|P0C6S8|LIGO3_HUMAN:sp|Q9UGL1|KDM5B_HUMAN:sp|Q8ND07|BBOF1_HUMAN:sp|Q75QN2|INT8_HUMAN:sp|Q9NW82|WDR70_HUMAN:sp|O60518|RNBP6_HUMAN:sp|O75159|SOCS5_HUMAN:sp|Q96F10|SAT2_HUMAN:sp|P11055|MYH3_HUMAN:sp|P55268|LAMB2_HUMAN:sp|P78310|CXAR_HUMAN:sp|Q9P1Z9|CC180_HUMAN:sp|A8MVU1|NCF1C_HUMAN:sp|Q96NA2|RILP_HUMAN:sp|Q8IX07|FOG1_HUMAN:sp|P46821|MAP1B_HUMAN:sp|Q5SQ80|A20A2_HUMAN:sp|Q8WV99|ZFN2B_HUMAN:sp|O96024|B3GT4_HUMAN:sp|Q9Y6I4|UBP3_HUMAN:sp|Q17R89|RHG44_HUMAN:sp|O43148|MCES_HUMAN:sp|Q96SF7|TBX15_HUMAN:sp|Q5TZA2|CROCC_HUMAN:sp|Q13620|CUL4B_HUMAN:sp|Q96R27|OR2M4_HUMAN:sp|Q8N139|ABCA6_HUMAN:sp|Q9UFD9|RIM3A_HUMAN:sp|Q14527|HLTF_HUMAN:sp|P78312|F193A_HUMAN:sp|O43236|SEPT4_HUMAN:sp|Q6XPS3|TPTE2_HUMAN:sp|P46063|RECQ1_HUMAN:sp|Q6ZQY2|LR74B_HUMAN:sp|O60673|REV3L_HUMAN:sp|P01185|NEU2_HUMAN:sp|Q8N2K1|UB2J2_HUMAN:sp|Q9Y3B8|ORN_HUMAN:sp|Q9UKU9|ANGL2_HUMAN:sp|Q9Y493|ZAN_HUMAN:sp|Q8TD16|BICD2_HUMAN:sp|Q8IYE0|CC146_HUMAN:sp|Q9BVG3|TRI62_HUMAN:sp|Q9ULQ1|TPC1_HUMAN:sp|P0C264|SBK3_HUMAN:sp|Q8NCR3|MFI_HUMAN:sp|P48643|TCPE_HUMAN:sp|Q9BSW2|EFC4B_HUMAN:sp|P14598|NCF1_HUMAN:sp|P11532|DMD_HUMAN:sp|P15863|PAX1_HUMAN:sp|Q9NX61|T161A_HUMAN:sp|Q9H2P0|ADNP_HUMAN:sp|P23219|PGH1_HUMAN:sp|A6NHT5|HMX3_HUMAN:sp|Q6ZN28|MACC1_HUMAN:sp|Q5T6S3|PHF19_HUMAN:sp|O00587|MFNG_HUMAN:sp|Q86WC4|OSTM1_HUMAN:sp|Q14320|FA50A_HUMAN:sp|Q02040|AK17A_HUMAN:sp|O94818|NOL4_HUMAN:sp|Q9Y3X0|CCDC9_HUMAN:sp|Q8WUP2|FBLI1_HUMAN:sp|Q16881|TRXR1_HUMAN:sp|Q7L014|DDX46_HUMAN:sp|Q7Z333|SETX_HUMAN:sp|Q96SJ8|TSN18_HUMAN:PDS5B_INS_--A_p.N1390Kfs*13::chr13:32770249-32771250_frame=1:sp|Q13576|IQGA2_HUMAN:sp|Q9C0H2|TTYH3_HUMAN:sp|P0C626|OR5G3_HUMAN:sp|O94906|PRP6_HUMAN:sp|Q5VUR7|A20A3_HUMAN:sp|Q5JPB2|ZN831_HUMAN:sp|Q9BTC0|DIDO1_HUMAN:sp|Q9NRC6|SPTN5_HUMAN:sp|A6NKX4|S22AV_HUMAN:sp|Q9Y2B9|IPKG_HUMAN:sp|Q8NHL6|LIRB1_HUMAN:sp|O00410|IPO5_HUMAN:sp|O95210|STBD1_HUMAN:sp|P04180|LCAT_HUMAN:sp|P22223|CADH3_HUMAN:sp|Q15075|EEA1_HUMAN:sp|Q9ULE3|DEN2A_HUMAN:sp|Q86VD7|S2542_HUMAN:sp|P04090|REL2_HUMAN:sp|Q7Z406|MYH14_HUMAN:sp|Q969X6|UTP4_HUMAN:sp|Q9P2K9|DISP3_HUMAN:sp|O60784|TOM1_HUMAN:sp|Q9NW75|GPTC2_HUMAN:ZBTB20_DEL_G-p.P692Lfs*43_::chr3:114338656-114339656_frame=2:sp|Q5VVM6|CCD30_HUMAN:sp|Q09MP3|R51A2_HUMAN:sp|Q5VU57|CBPC6_HUMAN:sp|Q9NZJ4|SACS_HUMAN:sp|A6QL64|AN36A_HUMAN:sp|Q9Y222|DMTF1_HUMAN:sp|Q96LA8|ANM6_HUMAN:sp|P55197|AF10_HUMAN:sp|Q9Y623|MYH4_HUMAN:sp|Q8TET4|GANC_HUMAN:sp|Q8IV76|PASD1_HUMAN:sp|O95153|RIMB1_HUMAN:sp|P35790|CHKA_HUMAN:sp|Q92925|SMRD2_HUMAN:sp|Q9NZC9|SMAL1_HUMAN:sp|Q8N1T3|MYO1H_HUMAN:sp|Q9NWK9|BCD1_HUMAN:sp|O75077|ADA23_HUMAN:sp|Q9NS69|TOM22_HUMAN:sp|Q8WTT2|NOC3L_HUMAN:sp|Q86TY3|ARMD4_HUMAN:sp|Q9Y257|KCNK6_HUMAN,DeepNovo
K(+42.01)KRKLEAL,34.53,1026.6549,8,75.0,8,2.3,514.33594,2,29.2083,6.4083,0.27,10992,HFX193_IPP292_GEL_CRC_324_Even.raw,4.64E6,3.63E7,2,2,2,2,"Acetylation (N-term)",,5 2 1 0 3 8 24 5,K(+42.01)KRKLEAL,,DeepNovo
K(+42.01)KRKLGAVL,33.72,1053.7023,9,77.8,9,1.3,527.85907,2,31.2849,7.5849,0.23,11856,HFX193_IPP292_GEL_CRC_324_Odd.raw,2.96E6,2.47E7,2,2,2,2,"Acetylation (N-term)",,5 2 0 1 3 8 9 21 5,K(+42.01)KRKLGAVL,sp|Q14684|RRP1B_HUMAN:sp|Q96BZ4|PLD4_HUMAN:sp|P21817|RYR1_HUMAN:sp|Q6NW29|RWDD4_HUMAN:sp|Q9UGL1|KDM5B_HUMAN:sp|O60241|AGRB2_HUMAN:sp|Q8ND07|BBOF1_HUMAN:sp|Q9NW82|WDR70_HUMAN:sp|O00330|ODPX_HUMAN:sp|Q9UBS4|DJB11_HUMAN:sp|O75159|SOCS5_HUMAN:sp|Q562E7|WDR81_HUMAN:sp|Q8N6W0|CELF5_HUMAN:sp|P06734|FCER2_HUMAN:sp|P11055|MYH3_HUMAN:sp|Q96A54|PAQR1_HUMAN:sp|Q96IV0|NGLY1_HUMAN:sp|P04439|HLAA_HUMAN:sp|Q8WU76|SCFD2_HUMAN:sp|O14513|NCKP5_HUMAN:sp|Q9Y625|GPC6_HUMAN:sp|Q5SQ80|A20A2_HUMAN:sp|Q8WV99|ZFN2B_HUMAN:sp|P43246|MSH2_HUMAN:sp|Q9Y6I4|UBP3_HUMAN:sp|O43148|MCES_HUMAN:sp|Q96SF7|TBX15_HUMAN:sp|P02545|LMNA_HUMAN:sp|Q96AD5|PLPL2_HUMAN:sp|Q13620|CUL4B_HUMAN:sp|Q8WWV3|RT4I1_HUMAN:sp|Q9UBB6|NCDN_HUMAN:sp|Q96R27|OR2M4_HUMAN:sp|Q8N139|ABCA6_HUMAN:sp|O95502|NPTXR_HUMAN:sp|Q92797|SYMPK_HUMAN:sp|Q9UFD9|RIM3A_HUMAN:sp|A5YKK6|CNOT1_HUMAN:sp|P78312|F193A_HUMAN:sp|O43236|SEPT4_HUMAN:sp|Q6XPS3|TPTE2_HUMAN:sp|P46063|RECQ1_HUMAN:sp|Q8IY34|S15A3_HUMAN:sp|Q8NGY6|OR6N2_HUMAN:sp|Q9Y3B8|ORN_HUMAN:sp|Q9UKU9|ANGL2_HUMAN:sp|O14792|HS3S1_HUMAN:sp|P59826|BPIB3_HUMAN:sp|Q9Y618|NCOR2_HUMAN:sp|Q8IYE0|CC146_HUMAN:sp|Q14690|RRP5_HUMAN:sp|Q9ULQ1|TPC1_HUMAN:sp|Q6ZRI0|OTOG_HUMAN:sp|Q8NCR3|MFI_HUMAN:sp|O43169|CYB5B_HUMAN:sp|Q96S42|NODAL_HUMAN:sp|Q6UXX9|RSPO2_HUMAN:sp|P55327|TPD52_HUMAN:sp|P11532|DMD_HUMAN:sp|Q7Z5J1|DHI1L_HUMAN:sp|Q9H2P0|ADNP_HUMAN:sp|I0J062|PANO1_HUMAN:sp|P00738|HPT_HUMAN:sp|Q86WC4|OSTM1_HUMAN:sp|Q14320|FA50A_HUMAN:sp|Q02040|AK17A_HUMAN:sp|Q16881|TRXR1_HUMAN:sp|Q8TD22|SFXN5_HUMAN:sp|Q7L014|DDX46_HUMAN:sp|P47869|GBRA2_HUMAN:sp|P21917|DRD4_HUMAN:sp|Q7Z333|SETX_HUMAN:PDS5B_INS_--A_p.N1390Kfs*13::chr13:32770249-32771250_frame=1:sp|Q13576|IQGA2_HUMAN:sp|Q13823|NOG2_HUMAN:sp|O15040|TCPR2_HUMAN:sp|Q9BRK5|CAB45_HUMAN:sp|Q6PID6|TTC33_HUMAN:sp|Q09428|ABCC8_HUMAN:sp|Q5VUR7|A20A3_HUMAN:sp|Q5JPB2|ZN831_HUMAN:sp|Q5VY43|PEAR1_HUMAN:sp|Q9BTC0|DIDO1_HUMAN:sp|P08581|MET_HUMAN:sp|Q8NFC6|BD1L1_HUMAN:sp|Q8NBP5|MFSD9_HUMAN:sp|Q8NH92|OR1S1_HUMAN:sp|P22223|CADH3_HUMAN:sp|Q15075|EEA1_HUMAN:sp|Q9ULE3|DEN2A_HUMAN:sp|P04090|REL2_HUMAN:sp|Q7Z406|MYH14_HUMAN:sp|Q969X6|UTP4_HUMAN:sp|Q6AZZ1|TRI68_HUMAN:sp|Q9P2K9|DISP3_HUMAN:sp|Q9NW75|GPTC2_HUMAN:sp|P52732|KIF11_HUMAN:sp|P31644|GBRA5_HUMAN:sp|Q9NYQ6|CELR1_HUMAN:sp|Q9BZW7|TSG10_HUMAN:ZBTB20_DEL_G-p.P692Lfs*43_::chr3:114338656-114339656_frame=2:sp|Q5VVM6|CCD30_HUMAN:sp|Q09MP3|R51A2_HUMAN:sp|Q5VU57|CBPC6_HUMAN:sp|Q9NZJ4|SACS_HUMAN:sp|Q8IVS2|FABD_HUMAN:sp|O15078|CE290_HUMAN:sp|Q9NRJ4|TULP4_HUMAN:sp|Q96LA8|ANM6_HUMAN:sp|P55197|AF10_HUMAN:sp|Q9Y623|MYH4_HUMAN:sp|Q8TET4|GANC_HUMAN:sp|Q8IV76|PASD1_HUMAN:sp|P35790|CHKA_HUMAN:sp|Q92925|SMRD2_HUMAN:sp|Q9NZC9|SMAL1_HUMAN:sp|Q9NR48|ASH1L_HUMAN:sp|Q9NS69|TOM22_HUMAN:sp|Q8WTT2|NOC3L_HUMAN:sp|O60242|AGRB3_HUMAN,DeepNovo
K(+42.01)KSRPGHC(+119.00)GYAVGVLKAVDKKAAGAGKVTK,153.15,3184.7324,30,46.7,30,-0.2,637.95361,5,32.0047,-6.8953,0.40,12183,HFX193_IPP292_GEL_CRC_324_Odd.raw,6.05E5,5.13E6,1,1,1,1,"Acetylation (N-term);Cysteinylation",,5 7 0 0 2 0 0 0 0 0 0 0 2 2 16 9 0 0 1 15 15 14 10 0 0 1 1 2 3 3,K(+42.01)KSRPGHC(+119.00)GYAVGVLKAVDKKAAGAGKVTK,sp|Q5T7P8|SYT6_HUMAN:sp|Q9BZZ2|SN_HUMAN:sp|Q9H9L3|I20L2_HUMAN:sp|O15431|COPT1_HUMAN:sp|Q8NH07|O11H2_HUMAN:sp|P15502|ELN_HUMAN:sp|Q93009|UBP7_HUMAN:sp|Q9UL36|ZN236_HUMAN:sp|Q7RTN6|STRAA_HUMAN:sp|Q7L2E3|DHX30_HUMAN:sp|Q13428|TCOF_HUMAN:sp|Q460N5|PAR14_HUMAN:sp|Q8IWZ3|ANKH1_HUMAN:sp|P16401|H15_HUMAN:sp|Q9C093|SPEF2_HUMAN:sp|Q9P1Z9|CC180_HUMAN:sp|Q9UK73|FEM1B_HUMAN:sp|Q86Y26|NUTM1_HUMAN:sp|Q2VWA4|SKOR2_HUMAN:sp|Q16570|ACKR1_HUMAN:sp|Q92959|SO2A1_HUMAN:sp|Q75T13|PGAP1_HUMAN:sp|Q92839|HYAS1_HUMAN:sp|Q14694|UBP10_HUMAN:sp|P62424|RL7A_HUMAN:sp|Q8NBJ4|GOLM1_HUMAN:sp|Q9NX05|F120C_HUMAN:sp|Q9H582|ZN644_HUMAN:sp|Q9HCE9|ANO8_HUMAN:sp|Q969F0|FATE1_HUMAN:sp|Q587J7|TDR12_HUMAN:sp|Q9H9Y4|GPN2_HUMAN:sp|Q14108|SCRB2_HUMAN:sp|P41091|IF2G_HUMAN:sp|O14682|ENC1_HUMAN:sp|P0DPD6|ECE2_HUMAN:sp|Q16799|RTN1_HUMAN:sp|Q495B1|AKD1A_HUMAN:sp|Q8IY17|PLPL6_HUMAN:sp|P98082|DAB2_HUMAN:sp|Q2KJY2|KI26B_HUMAN:sp|O43818|U3IP2_HUMAN:sp|Q9BZE2|PUS3_HUMAN:sp|A6NMB9|FIGL2_HUMAN:sp|Q9Y597|KCTD3_HUMAN:sp|O75165|DJC13_HUMAN:sp|Q9Y261|FOXA2_HUMAN:sp|A4D1B5|GSAP_HUMAN:sp|Q96QI5|HS3S6_HUMAN:sp|Q9C019|TRI15_HUMAN:TCF7L2_DEL_A-p.K485Sfs*23_::chr10:113165058-113166058_frame=-2:sp|Q96T58|MINT_HUMAN:sp|P83369|LSM11_HUMAN:sp|O00270|GPR31_HUMAN:sp|Q05639|EF1A2_HUMAN:sp|Q9UJA2|CRLS1_HUMAN:sp|Q86YT6|MIB1_HUMAN:sp|Q9BQ95|ECSIT_HUMAN:sp|P09104|ENOG_HUMAN:sp|Q9H461|FZD8_HUMAN:sp|Q14257|RCN2_HUMAN:sp|Q9UJU5|FOXD3_HUMAN:sp|Q9NS87|KIF15_HUMAN:sp|Q03252|LMNB2_HUMAN:sp|P16260|GDC_HUMAN:sp|P23942|PRPH2_HUMAN:sp|Q5HYA8|MKS3_HUMAN:sp|Q969S8|HDA10_HUMAN:sp|O95622|ADCY5_HUMAN:sp|Q96PZ2|F111A_HUMAN:sp|P28482|MK01_HUMAN:sp|P24046|GBRR1_HUMAN:sp|Q27J81|INF2_HUMAN:sp|Q8TDL5|BPIB1_HUMAN:sp|O76024|WFS1_HUMAN:sp|Q7Z4P5|GDF7_HUMAN:sp|Q9BY66|KDM5D_HUMAN:sp|P12956|XRCC6_HUMAN:sp|A0A494C0Y3|F246A_HUMAN:sp|Q9NRC6|SPTN5_HUMAN:sp|Q9H1K0|RBNS5_HUMAN:sp|Q9Y6D6|BIG1_HUMAN:sp|P50458|LHX2_HUMAN:sp|O75912|DGKI_HUMAN:sp|Q86YW9|MD12L_HUMAN:sp|Q9BRX2|PELO_HUMAN:sp|Q9UHW9|S12A6_HUMAN:sp|P18825|ADA2C_HUMAN:sp|B5ME19|EIFCL_HUMAN:sp|Q8TE49|OTU7A_HUMAN:sp|P52907|CAZA1_HUMAN:sp|Q16401|PSMD5_HUMAN:sp|Q8IVS2|FABD_HUMAN:sp|Q04741|EMX1_HUMAN:sp|Q504Y2|PKDCC_HUMAN:sp|Q86Y13|DZIP3_HUMAN:sp|O00268|TAF4_HUMAN:sp|Q99590|SCAFB_HUMAN:sp|Q86YR7|MF2L2_HUMAN:sp|Q7Z3U7|MON2_HUMAN:sp|Q14576|ELAV3_HUMAN:sp|P29274|AA2AR_HUMAN:sp|P20264|PO3F3_HUMAN:sp|A8MU46|SMTL1_HUMAN:sp|Q96M94|KLH15_HUMAN:sp|Q9NQ69|LHX9_HUMAN:sp|Q02952|AKA12_HUMAN:sp|Q9Y586|MB212_HUMAN:sp|Q08174|PCDH1_HUMAN:sp|P52746|ZN142_HUMAN:sp|P68104|EF1A1_HUMAN:sp|Q9NR48|ASH1L_HUMAN:sp|Q86XP1|DGKH_HUMAN:sp|Q9H9Y2|RPF1_HUMAN:sp|Q09472|EP300_HUMAN:sp|Q9C0B9|ZCHC2_HUMAN:sp|Q9NVR7|TBCC1_HUMAN:sp|Q8ND04|SMG8_HUMAN:sp|Q9NS69|TOM22_HUMAN:sp|Q86YB8|ERO1B_HUMAN,DeepNovo
K(+42.01)KTAPLRPV,40.38,1050.6549,9,55.6,9,0.1,351.22562,3,27.0598,4.9598,0.27,10147,HFX193_IPP292_GEL_CRC_324_Even.raw,4.92E5,2.8E6,1,1,1,1,"Acetylation (N-term)",,0 0 0 0 2 10 10 9 5,K(+42.01)KTAPLRPV,sp|Q12796|PNRC1_HUMAN:sp|Q5SQS7|SH24B_HUMAN:sp|O75019|LIRA1_HUMAN:sp|Q9H987|SYP2L_HUMAN:sp|Q8WXI7|MUC16_HUMAN:sp|Q5T197|DCST1_HUMAN:sp|Q2VIQ3|KIF4B_HUMAN:DDX27_DEL_A-p.K660Rfs*4_::chr20:49241467-49242467_frame=-1:sp|Q13627|DYR1A_HUMAN:sp|O94850|DEND_HUMAN:sp|Q9H2K0|IF3M_HUMAN:sp|Q9UJW0|DCTN4_HUMAN:sp|O94851|MICA2_HUMAN:sp|P49789|FHIT_HUMAN:sp|Q9NZD1|GPC5D_HUMAN:sp|Q9Y4I1|MYO5A_HUMAN:sp|Q9P212|PLCE1_HUMAN:sp|Q9Y4H4|GPSM3_HUMAN:sp|Q6P9A2|GLT18_HUMAN:sp|Q86XL3|ANKL2_HUMAN:sp|Q96NS5|ASB16_HUMAN:sp|Q9NZU0|FLRT3_HUMAN:sp|O00515|LAD1_HUMAN:sp|Q9BTC0|DIDO1_HUMAN:sp|Q6IQ32|ADNP2_HUMAN:sp|Q96T23|RSF1_HUMAN:sp|P00519|ABL1_HUMAN:sp|Q9Y4K4|M4K5_HUMAN:sp|O43815|STRN_HUMAN:sp|Q9H9S4|CB39L_HUMAN:sp|O95600|KLF8_HUMAN:sp|Q8N3J3|HROB_HUMAN:sp|Q9NVV2|CS073_HUMAN:sp|Q9BU23|LMF2_HUMAN:sp|Q8IYF1|ELOA2_HUMAN:sp|Q68DK2|ZFY26_HUMAN:sp|O15047|SET1A_HUMAN:sp|Q92619|HMHA1_HUMAN:sp|Q6ZNJ1|NBEL2_HUMAN:sp|Q2NL68|PRSR3_HUMAN:sp|P04004|VTNC_HUMAN:sp|Q9UBZ9|REV1_HUMAN:sp|A6NHQ4|EPOP_HUMAN:sp|Q8N8D1|PDCD7_HUMAN:sp|Q9H4A3|WNK1_HUMAN:sp|Q5H9F3|BCORL_HUMAN:sp|Q9Y4E5|ZN451_HUMAN:sp|Q8NET4|RTL9_HUMAN:sp|Q7Z408|CSMD2_HUMAN:sp|P36578|RL4_HUMAN:sp|Q8WWL2|SPIR2_HUMAN:sp|P21333|FLNA_HUMAN:sp|Q8TDY8|IGDC4_HUMAN:sp|Q15772|SPEG_HUMAN:sp|Q658L1|SAXO2_HUMAN:sp|P07498|CASK_HUMAN:sp|Q9HAW7|UD17_HUMAN:sp|P52948|NUP98_HUMAN:sp|Q96JG9|ZN469_HUMAN:sp|P10144|GRAB_HUMAN:sp|Q15270|NKX11_HUMAN:sp|O43184|ADA12_HUMAN:sp|Q92925|SMRD2_HUMAN:sp|Q702N8|XIRP1_HUMAN:sp|Q86UW8|HPLN4_HUMAN:sp|P0DJG4|THEGL_HUMAN:sp|Q9H840|GEMI7_HUMAN:sp|Q9UL17|TBX21_HUMAN:sp|Q9NQ87|HEYL_HUMAN:sp|Q8IZC6|CORA1_HUMAN:sp|Q6PRD7|CEMP1_HUMAN:sp|O75177|CREST_HUMAN:sp|Q8N402|YV020_HUMAN:PDS5B_DEL_A-p.N1390Mfs*4_::chr13:32770250-32771250_frame=2:sp|Q86XX4|FRAS1_HUMAN,DeepNovo
K(+42.01)KTLERLK,18.50,1056.6655,8,37.5,8,0.7,353.22937,3,29.6212,-2.4788,0.45,11243,HFX193_IPP292_GEL_CRC_324_Even.raw,4.21E5,2.19E6,1,1,1,1,"Acetylation (N-term)",,0 0 0 21 13 1 1 5,K(+42.01)KTLERLK,sp|P58107|EPIPL_HUMAN:sp|P42694|HELZ_HUMAN:sp|Q8N8A6|DDX51_HUMAN:sp|Q5VZ46|K1614_HUMAN:sp|A6NGW2|STRCL_HUMAN:sp|Q93045|STMN2_HUMAN:sp|Q13574|DGKZ_HUMAN:sp|Q460N5|PAR14_HUMAN:sp|P54105|ICLN_HUMAN:sp|A4D0S4|LAMB4_HUMAN:sp|O60566|BUB1B_HUMAN:sp|P49917|DNLI4_HUMAN:sp|P49589|SYCC_HUMAN:sp|Q9ULU8|CAPS1_HUMAN:sp|P51828|ADCY7_HUMAN:sp|Q8IX21|SLF2_HUMAN:sp|P21281|VATB2_HUMAN:sp|O14513|NCKP5_HUMAN:sp|Q9HC62|SENP2_HUMAN:sp|Q9NXL9|MCM9_HUMAN:sp|O60443|GSDME_HUMAN:sp|O75665|OFD1_HUMAN:sp|Q8N3P4|VPS8_HUMAN:sp|Q9C0G6|DYH6_HUMAN:sp|Q9Y4B5|MTCL1_HUMAN:sp|Q9BQ39|DDX50_HUMAN:sp|Q9NYW8|RBAK_HUMAN:SERPINB10_DEL_A-p.R76Gfs*7_::chr18:63917005-63918005_frame=-1:sp|Q5H9I0|TFDP3_HUMAN:sp|P02008|HBAZ_HUMAN:sp|Q8N1F7|NUP93_HUMAN:sp|P26639|SYTC_HUMAN:sp|P15924|DESP_HUMAN:sp|O75037|KI21B_HUMAN:sp|O60333|KIF1B_HUMAN:sp|Q9NZQ8|TRPM5_HUMAN:sp|Q8IUD2|RB6I2_HUMAN:sp|A0A3B3IT33|TR51G_HUMAN:sp|Q9UDY6|TRI10_HUMAN:sp|Q86V48|LUZP1_HUMAN:sp|P28289|TMOD1_HUMAN:sp|Q96JI7|SPTCS_HUMAN:sp|A7E2V4|ZSWM8_HUMAN:sp|Q9P2P6|STAR9_HUMAN:sp|Q8WXW3|PIBF1_HUMAN:sp|Q9BYC5|FUT8_HUMAN:sp|Q9BX84|TRPM6_HUMAN:sp|Q6IQ16|SPOPL_HUMAN:sp|O15397|IPO8_HUMAN:sp|P11532|DMD_HUMAN:sp|Q86YT6|MIB1_HUMAN:sp|P30566|PUR8_HUMAN:sp|Q13303|KCAB2_HUMAN:sp|Q8N960|CE120_HUMAN:sp|Q59H18|TNI3K_HUMAN:sp|Q14008|CKAP5_HUMAN:sp|Q6P2Q9|PRP8_HUMAN:sp|Q8NEZ4|KMT2C_HUMAN:sp|P62269|RS18_HUMAN:sp|Q8NE09|RGS22_HUMAN:sp|P17948|VGFR1_HUMAN:sp|P20700|LMNB1_HUMAN:sp|Q9Y4I1|MYO5A_HUMAN:sp|P17014|ZNF12_HUMAN:sp|A5PLN7|F149A_HUMAN:sp|B2RTY4|MYO9A_HUMAN:sp|Q5VU43|MYOME_HUMAN:sp|Q68D86|C102B_HUMAN:sp|Q13332|PTPRS_HUMAN:sp|P11586|C1TC_HUMAN:sp|Q8TDI8|TMC1_HUMAN:sp|O75844|FACE1_HUMAN:sp|Q9BXI6|TB10A_HUMAN:sp|Q9NRC6|SPTN5_HUMAN:sp|Q6UXS9|CASPC_HUMAN:sp|Q96EN8|MOCOS_HUMAN:sp|O15016|TRI66_HUMAN:sp|P38935|SMBP2_HUMAN:sp|Q8WUH2|TGFA1_HUMAN:sp|O43739|CYH3_HUMAN:sp|Q7RTU9|STRC_HUMAN:sp|P29144|TPP2_HUMAN:sp|P42126|ECI1_HUMAN:sp|P29376|LTK_HUMAN:sp|A0A0B4J2F2|SIK1B_HUMAN:sp|Q9BY49|PECR_HUMAN:sp|Q6P3X3|TTC27_HUMAN:sp|P62191|PRS4_HUMAN:sp|Q12899|TRI26_HUMAN:sp|P52732|KIF11_HUMAN:sp|Q9Y5S2|MRCKB_HUMAN:sp|Q9Y3A2|UTP11_HUMAN:sp|Q9NPB8|GPCP1_HUMAN:sp|Q9Y345|SC6A5_HUMAN:sp|Q14186|TFDP1_HUMAN:sp|Q15772|SPEG_HUMAN:sp|Q9UHJ3|SMBT1_HUMAN:sp|Q9NSC2|SALL1_HUMAN:sp|P15173|MYOG_HUMAN:sp|O15090|ZN536_HUMAN:sp|Q12756|KIF1A_HUMAN:sp|P35670|ATP7B_HUMAN:sp|Q7Z3H0|PANKY_HUMAN:sp|Q86X02|CDR2L_HUMAN:sp|O75716|STK16_HUMAN:sp|Q09161|NCBP1_HUMAN:sp|Q7Z7B0|FLIP1_HUMAN:sp|Q8NBQ5|DHB11_HUMAN:sp|Q9GZX5|ZN350_HUMAN:sp|O75751|S22A3_HUMAN:sp|Q9UBK9|UXT_HUMAN:sp|P25054|APC_HUMAN:sp|P20132|SDHL_HUMAN:sp|Q9NRH2|SNRK_HUMAN:sp|Q8TBA6|GOGA5_HUMAN:sp|Q9ULH7|MRTFB_HUMAN:sp|Q8NCM8|DYHC2_HUMAN:sp|Q13098|CSN1_HUMAN:sp|Q00722|PLCB2_HUMAN:sp|Q8IXS0|F217A_HUMAN,DeepNovo
K(+42.01)KTLGAGAK,31.14,914.5549,9,55.6,9,0.8,458.28510,2,24.2756,5.2756,0.58,8984,HFX193_IPP292_GEL_CRC_324_Even.raw,,,1,1,0,0,"Acetylation (N-term)",,5 13 3 2 0 0 0 0 5,K(+42.01)KTLGAGAK,,DeepNovo
K(+42.01)KVKLEKV,13.59,1012.6644,8,75.0,8,1.4,338.56256,3,31.0604,3.4604,0.59,11759,HFX193_IPP292_GEL_CRC_324_Even.raw,3.57E5,2.78E6,1,1,1,1,"Acetylation (N-term)",,1 1 4 2 6 6 6 5,K(+42.01)KVKLEKV,sp|Q04917|1433F_HUMAN:sp|A6NJ88|SGE2P_HUMAN:sp|Q8N371|KDM8_HUMAN:sp|P42858|HD_HUMAN:sp|Q5VT06|CE350_HUMAN:sp|Q8NFU5|IPMK_HUMAN:sp|Q8NA75|DC4L2_HUMAN:sp|Q9Y6Z2|CF123_HUMAN:sp|O75446|SAP30_HUMAN:sp|Q92621|NU205_HUMAN:sp|Q6ZNB6|NFXL1_HUMAN:sp|Q8NI35|INADL_HUMAN:sp|Q4KMP7|TB10B_HUMAN:sp|P35125|UBP6_HUMAN:sp|Q96GQ7|DDX27_HUMAN:TCF7L2_DEL_A-p.K485Sfs*23_::chr10:113165058-113166058_frame=-1:sp|Q8N7X0|ADGB_HUMAN:sp|Q8NBA8|DTWD2_HUMAN:sp|Q9UPM8|AP4E1_HUMAN:sp|Q709C8|VP13C_HUMAN:sp|Q9BQI3|E2AK1_HUMAN:sp|Q9P2H5|UBP35_HUMAN:sp|Q8N0Z3|SPICE_HUMAN:sp|P02671|FIBA_HUMAN:sp|P30622|CLIP1_HUMAN:sp|Q8WWQ8|STAB2_HUMAN:sp|Q5T7B8|KIF24_HUMAN:sp|Q7Z2Y8|GVIN1_HUMAN:sp|Q9UBB6|NCDN_HUMAN:sp|P51587|BRCA2_HUMAN:sp|Q15025|TNIP1_HUMAN:sp|Q2WGJ9|FR1L6_HUMAN:sp|Q96N67|DOCK7_HUMAN:sp|Q96PP8|GBP5_HUMAN:sp|O43688|PLPP2_HUMAN:sp|Q9UIW2|PLXA1_HUMAN:sp|P78509|RELN_HUMAN:sp|Q14160|SCRIB_HUMAN:sp|Q8N9N5|BANP_HUMAN:sp|Q9NY27|PP4R2_HUMAN:sp|Q8NDH2|CC168_HUMAN:sp|Q8NDA2|HMCN2_HUMAN:sp|Q14687|GSE1_HUMAN:sp|Q5QJ38|TCHL1_HUMAN:sp|Q14573|ITPR3_HUMAN:sp|Q86YC2|PALB2_HUMAN:sp|Q01860|PO5F1_HUMAN:sp|Q9HAU8|RNPL1_HUMAN:sp|Q9NYA3|GOG6A_HUMAN:sp|Q13009|TIAM1_HUMAN:sp|Q8TC21|ZN596_HUMAN:sp|O14638|ENPP3_HUMAN:sp|Q9BSJ8|ESYT1_HUMAN:sp|Q9BQT9|CSTN3_HUMAN:sp|A8MT69|CENPX_HUMAN:sp|Q8IXS2|DRC2_HUMAN:sp|P24593|IBP5_HUMAN:sp|Q96T58|MINT_HUMAN:sp|Q5T9S5|CCD18_HUMAN:sp|Q6PK18|OGFD3_HUMAN:sp|Q9NVM6|DJC17_HUMAN:sp|P0DKV0|S31C1_HUMAN:sp|Q9UJ55|MAGL2_HUMAN:sp|Q3SXM0|DC4L1_HUMAN:sp|P11532|DMD_HUMAN:sp|Q9NTJ3|SMC4_HUMAN:sp|Q8IUG5|MY18B_HUMAN:sp|Q15208|STK38_HUMAN:sp|Q86UQ4|ABCAD_HUMAN:sp|O43837|IDH3B_HUMAN:sp|P54764|EPHA4_HUMAN:sp|Q9HAV7|GRPE1_HUMAN:sp|Q8NEZ4|KMT2C_HUMAN:sp|P29375|KDM5A_HUMAN:sp|Q9H799|CPLN1_HUMAN:sp|D6RF30|GOG8K_HUMAN:sp|Q6P4A8|PLBL1_HUMAN:sp|Q96KP6|TNIP3_HUMAN:sp|P31275|HXC12_HUMAN:sp|Q15393|SF3B3_HUMAN:sp|A2VDJ0|T131L_HUMAN:sp|O75360|PROP1_HUMAN:sp|Q8TDX7|NEK7_HUMAN:sp|Q13952|NFYC_HUMAN:sp|Q9H347|UBQL3_HUMAN:sp|Q06416|P5F1B_HUMAN:sp|Q8NFC6|BD1L1_HUMAN:sp|Q8IYM0|F186B_HUMAN:sp|Q92952|KCNN1_HUMAN:sp|Q8NEG7|DEN6B_HUMAN:sp|Q15147|PLCB4_HUMAN:sp|Q9H7Z6|KAT8_HUMAN:sp|Q15849|UT2_HUMAN:sp|Q7Z406|MYH14_HUMAN:sp|Q9NTK5|OLA1_HUMAN:sp|O43520|AT8B1_HUMAN:sp|Q5VVM6|CCD30_HUMAN:sp|P35580|MYH10_HUMAN:sp|P08047|SP1_HUMAN:sp|Q9NZJ4|SACS_HUMAN:sp|A8MT70|ZBBX_HUMAN:sp|O15061|SYNEM_HUMAN:sp|Q504Y2|PKDCC_HUMAN:sp|Q4G0N8|SL9C1_HUMAN:sp|Q9UIG0|BAZ1B_HUMAN:sp|A6NC97|F172B_HUMAN:sp|Q9H4M9|EHD1_HUMAN:sp|O14795|UN13B_HUMAN:sp|Q9P2B7|CFA97_HUMAN:sp|H3BSY2|GOG8M_HUMAN:sp|Q9ULV0|MYO5B_HUMAN:sp|P48047|ATPO_HUMAN:sp|P15151|PVR_HUMAN:sp|Q9HCM4|E41L5_HUMAN:sp|Q5MNZ9|WIPI1_HUMAN:sp|O00623|PEX12_HUMAN:sp|Q13464|ROCK1_HUMAN:sp|Q8WTT2|NOC3L_HUMAN:sp|P48426|PI42A_HUMAN:sp|P05121|PAI1_HUMAN,DeepNovo
K(+42.01)KVREYEKLR,42.05,1389.8092,10,80.0,10,2.0,464.27792,3,32.9819,11.6819,0.08,12535,HFX193_IPP292_GEL_CRC_324_Odd.raw,7.47E6,5.16E7,4,4,3,3,"Acetylation (N-term)",,5 97 6 2 2 2 2 7 1 1,K(+42.01)KVREYEKLR,sp|O15031|PLXB2_HUMAN:sp|P46939|UTRN_HUMAN:sp|Q9Y376|CAB39_HUMAN:sp|P17643|TYRP1_HUMAN:sp|P35527|K1C9_HUMAN:DOCK3_DEL_C-p.P1852Qfs*45_::chr3:51379673-51380673_frame=1:sp|Q7Z3V4|UBE3B_HUMAN:sp|Q9Y5H1|PCDG2_HUMAN:sp|Q08043|ACTN3_HUMAN:sp|Q00872|MYPC1_HUMAN:sp|Q96L21|RL10L_HUMAN:sp|Q9Y5G8|PCDG5_HUMAN:sp|Q6P9H5|GIMA6_HUMAN:sp|P27635|RL10_HUMAN:sp|P35626|ARBK2_HUMAN:sp|Q9H1K0|RBNS5_HUMAN:sp|P13928|ANXA8_HUMAN:sp|Q5VT79|AXA81_HUMAN:sp|O95847|UCP4_HUMAN:sp|Q99615|DNJC7_HUMAN:sp|Q8IXT1|DDIAS_HUMAN:sp|Q68CJ6|SLIP_HUMAN:sp|Q9H9L7|AKIR1_HUMAN:sp|Q3MII6|TBC25_HUMAN:sp|Q9Y5G5|PCDG8_HUMAN:sp|Q02224|CENPE_HUMAN:sp|Q15678|PTN14_HUMAN:sp|Q8TE49|OTU7A_HUMAN:sp|Q14204|DYHC1_HUMAN:sp|Q9UKG4|S13A4_HUMAN:sp|P07384|CAN1_HUMAN:sp|P42356|PI4KA_HUMAN:sp|Q8WYA0|IFT81_HUMAN:sp|Q9NTI2|AT8A2_HUMAN:sp|Q9Y5G0|PCDGH_HUMAN:sp|Q9GZZ9|UBA5_HUMAN:sp|Q16787|LAMA3_HUMAN:sp|O00308|WWP2_HUMAN:sp|Q9P031|TAP26_HUMAN:sp|Q9Y5G7|PCDG6_HUMAN:sp|Q9ULD2|MTUS1_HUMAN:sp|Q8TC27|ADA32_HUMAN:sp|Q9H8L6|MMRN2_HUMAN:sp|Q92539|LPIN2_HUMAN:sp|Q9UKA1|FBXL5_HUMAN:sp|Q7Z3Y9|K1C26_HUMAN:sp|Q7Z3Z0|K1C25_HUMAN:sp|Q14324|MYPC2_HUMAN:sp|Q7Z3Y8|K1C27_HUMAN:sp|Q9UPS8|ANR26_HUMAN:sp|P13667|PDIA4_HUMAN:sp|Q96NC0|ZMAT2_HUMAN:sp|Q9Y5G6|PCDG7_HUMAN:sp|Q9P0S2|COX16_HUMAN:sp|P53365|ARFP2_HUMAN:sp|Q96N76|HUTU_HUMAN,DeepNovo
K(+42.01)KVREYELR,57.09,1261.7142,9,100.0,9,1.1,421.57916,3,37.1485,20.5485,0.10,14227,HFX193_IPP292_GEL_CRC_324_Even.raw,2.38E6,1.6E7,2,2,2,2,"Acetylation (N-term)",,5 51 6 4 3 2 2 7 5,K(+42.01)KVREYELR,sp|P15923|TFE2_HUMAN:sp|Q15392|DHC24_HUMAN:sp|O14522|PTPRT_HUMAN:sp|Q5JZY3|EPHAA_HUMAN:sp|Q96C34|RUND1_HUMAN:sp|O60502|OGA_HUMAN:sp|P49747|COMP_HUMAN:sp|O43174|CP26A_HUMAN:sp|P05546|HEP2_HUMAN:sp|O95789|ZMYM6_HUMAN:sp|O15360|FANCA_HUMAN:sp|Q9UHX3|AGRE2_HUMAN:sp|O60566|BUB1B_HUMAN:sp|P61550|ENVT1_HUMAN:sp|Q6UX06|OLFM4_HUMAN:sp|P51828|ADCY7_HUMAN:sp|Q99996|AKAP9_HUMAN:sp|Q8N3C0|ASCC3_HUMAN:sp|O15072|ATS3_HUMAN:sp|Q8WTV1|THAP3_HUMAN:sp|Q9NRD8|DUOX2_HUMAN:sp|Q5T1B0|AXDN1_HUMAN:sp|Q8N2N9|AN36B_HUMAN:sp|P16083|NQO2_HUMAN:sp|Q9NQV5|PRD11_HUMAN:sp|Q99081|HTF4_HUMAN:sp|O95810|CAVN2_HUMAN:sp|Q76NI1|KNDC1_HUMAN:sp|Q7Z442|PK1L2_HUMAN:sp|Q9Y6I4|UBP3_HUMAN:sp|Q9P2K1|C2D2A_HUMAN:sp|Q7Z3Z3|PIWL3_HUMAN:sp|Q9NZI8|IF2B1_HUMAN:sp|P19484|TFEB_HUMAN:sp|Q9NRD9|DUOX1_HUMAN:sp|Q9Y2H0|DLGP4_HUMAN:sp|Q8N3F8|MILK1_HUMAN:sp|O60313|OPA1_HUMAN:sp|P20592|MX2_HUMAN:sp|Q8NEH6|MNS1_HUMAN:sp|Q6P2H3|CEP85_HUMAN:sp|O43283|M3K13_HUMAN:sp|P62913|RL11_HUMAN:sp|Q14764|MVP_HUMAN:sp|P35580|MYH10_HUMAN:sp|P15884|ITF2_HUMAN:sp|P78352|DLG4_HUMAN:sp|Q5JPF3|AN36C_HUMAN:sp|P48960|AGRE5_HUMAN:sp|A6QL64|AN36A_HUMAN:sp|Q13651|I10R1_HUMAN:sp|Q9BVP2|GNL3_HUMAN:sp|Q30KQ4|DB116_HUMAN:sp|P20591|MX1_HUMAN:sp|Q15111|PLCL1_HUMAN:sp|Q86UP2|KTN1_HUMAN:sp|O75928|PIAS2_HUMAN:sp|Q99594|TEAD3_HUMAN:sp|Q15262|PTPRK_HUMAN:sp|Q49A88|CCD14_HUMAN:sp|Q9Y618|NCOR2_HUMAN:sp|Q9H257|CARD9_HUMAN:sp|Q9Y4A0|JERKL_HUMAN:sp|Q8WUM0|NU133_HUMAN:sp|Q9BYT1|S17A9_HUMAN:sp|Q3T906|GNPTA_HUMAN:sp|Q2LD37|BLTP1_HUMAN:sp|Q8NEE8|TTC16_HUMAN:sp|O00750|P3C2B_HUMAN,DeepNovo
K(+42.01)KVWVY,29.09,863.4905,6,100.0,6,-3.6,432.75098,2,32.2498,9.8498,0.17,12232,HFX193_IPP292_GEL_CRC_324_Even.raw,6.36E5,4.23E6,1,1,1,1,"Acetylation (N-term)",,5 47 13 3 5 5,K(+42.01)KVWVY,sp|P02790|HEMO_HUMAN:sp|P14780|MMP9_HUMAN:sp|A2RUS2|DEND3_HUMAN,DeepNovo
K(+42.01)LAGAVL,23.12,712.4483,7,100.0,7,0.7,713.45605,1,65.0805,-12.1195,0.69,25421,HFX193_IPP292_GEL_CRC_324_Even.raw,7.11E5,3.98E6,1,1,1,1,"Acetylation (N-term)",,5 12 12 12 41 55 5,K(+42.01)LAGAVL,sp|Q8IZ57|NRSN1_HUMAN:sp|Q9BXB4|OSB11_HUMAN,DB Search
K(+42.01)LARKLAL,21.46,953.6385,8,62.5,8,1.8,477.82739,2,46.0038,13.0038,0.68,17849,HFX193_IPP292_GEL_CRC_324_Even.raw,1.22E5,1.23E6,1,1,1,1,"Acetylation (N-term)",,5 15 1 0 0 4 7 5,K(+42.01)LARKLAL,sp|O95359|TACC2_HUMAN,DB Search
K(+42.01)LDFSLKL,27.70,1004.5906,8,100.0,8,2.6,503.30386,2,73.8019,13.4019,0.40,28865,HFX193_IPP292_GEL_CRC_324_Even.raw,2.12E5,5.98E5,2,2,1,1,"Acetylation (N-term)",,2 2 15 8 4 4 4 4,K(+42.01)LDFSLKL,sp|P56817|BACE1_HUMAN:sp|P05155|IC1_HUMAN:sp|P10635|CP2D6_HUMAN:sp|P0DP08|HVD82_HUMAN:sp|Q9P2R3|ANFY1_HUMAN:sp|Q6UXZ4|UNC5D_HUMAN:sp|A0A0B4J264|TV381_HUMAN:sp|A0A075B6R2|HV404_HUMAN:sp|Q6UVM3|KCNT2_HUMAN:sp|A2VCK2|DCD2B_HUMAN:sp|Q6ZRK6|CCD73_HUMAN:sp|Q2M2H8|MGAL_HUMAN:sp|Q49AG3|ZBED5_HUMAN:sp|Q93033|IGSF2_HUMAN:sp|Q9UN66|PCDB8_HUMAN:sp|P17987|TCPA_HUMAN:sp|O00628|PEX7_HUMAN:sp|Q86VZ5|SMS1_HUMAN:sp|P41162|ETV3_HUMAN:sp|Q12794|HYAL1_HUMAN:sp|Q6P1S2|CC033_HUMAN:tr|A0A1B0GTQ1|A0A1B0GTQ1_HUMAN:sp|P01824|HV439_HUMAN:sp|Q8NDB2|BANK1_HUMAN:sp|Q9NSV4|DIAP3_HUMAN:sp|A6NCI8|CB078_HUMAN:tr|A0A075B7B6|A0A075B7B6_HUMAN:sp|Q5JNZ3|ZN311_HUMAN:sp|P0DTU3|TRAR2_HUMAN:sp|Q86X45|DAA11_HUMAN:sp|Q5HYK9|ZN667_HUMAN:tr|A0A087WW49|A0A087WW49_HUMAN:sp|O95672|ECEL1_HUMAN:sp|Q8IV63|VRK3_HUMAN:sp|Q15274|NADC_HUMAN:sp|Q9BYS8|LRRC2_HUMAN:sp|Q9Y5H2|PCDGB_HUMAN:sp|Q14392|LRC32_HUMAN:TVP23A_DEL_A-p.F140Lfs*7_::chr16:10772846-10773846_frame=-3:sp|Q2NKJ3|CTC1_HUMAN:sp|Q2WGJ6|KLH38_HUMAN:sp|Q0GE19|NTCP7_HUMAN:sp|A0JD32|TV382_HUMAN:sp|A8MWD9|RUXGL_HUMAN:sp|A0A0C4DH34|HV428_HUMAN:sp|Q9Y2J2|E41L3_HUMAN:sp|A0A087WSY4|HV432_HUMAN:sp|Q17R98|ZN827_HUMAN:sp|Q6GYQ0|RGPA1_HUMAN:sp|Q5JVG2|ZN484_HUMAN:sp|Q10570|CPSF1_HUMAN:sp|O94813|SLIT2_HUMAN:sp|Q8WXH0|SYNE2_HUMAN:sp|Q7Z333|SETX_HUMAN:sp|Q9H4B0|OSGL1_HUMAN:sp|P0DTE4|UD2A1_HUMAN:sp|A2VDJ0|T131L_HUMAN:tr|A0A2R9YJI8|A0A2R9YJI8_HUMAN:sp|Q5JUK3|KCNT1_HUMAN:sp|Q5VU43|MYOME_HUMAN:sp|Q13616|CUL1_HUMAN:sp|P63128|POK9_HUMAN:sp|Q9Y6D6|BIG1_HUMAN:sp|O75417|DPOLQ_HUMAN:sp|Q13045|FLII_HUMAN:sp|O00400|ACATN_HUMAN:sp|H3BV60|TGR3L_HUMAN:tr|A0A0G2JQZ4|A0A0G2JQZ4_HUMAN:sp|Q5K651|SAMD9_HUMAN:sp|Q9BZG1|RAB34_HUMAN:sp|Q9HBF4|ZFYV1_HUMAN:sp|Q86SQ4|AGRG6_HUMAN:sp|Q6P179|ERAP2_HUMAN:sp|Q9ULG3|CFA92_HUMAN:sp|Q8TD17|ZN398_HUMAN:sp|P0DP07|HV431_HUMAN:sp|A6NH52|TV23A_HUMAN:tr|A0A0J9YWU9|A0A0J9YWU9_HUMAN:sp|P24903|CP2F1_HUMAN:sp|O00763|ACACB_HUMAN:sp|A0A087X1C5|CP2D7_HUMAN:sp|P12755|SKI_HUMAN:sp|Q12955|ANK3_HUMAN:sp|Q86U28|ISCA2_HUMAN:sp|Q6R2W3|SCND3_HUMAN:sp|P0DP06|HVD34_HUMAN:sp|Q96CG3|TIFA_HUMAN:sp|Q13023|AKAP6_HUMAN:sp|B5MCY1|TDR15_HUMAN:sp|A0A0B4J1U7|HV601_HUMAN:sp|P48736|PK3CG_HUMAN:sp|A0A0C4DH41|HV461_HUMAN:sp|Q10469|MGAT2_HUMAN:sp|Q5H9U9|DDX6L_HUMAN:sp|Q9NZ08|ERAP1_HUMAN:sp|Q96JM2|ZN462_HUMAN,DeepNovo
K(+42.01)LDRLM(+15.99)GAL,45.75,1073.5903,9,77.8,9,-2.0,537.80133,2,69.0230,-0.5770,0.40,26997,HFX193_IPP292_GEL_CRC_324_Even.raw,5.24E5,2.74E6,1,1,1,1,"Acetylation (N-term);Oxidation (M)",,5 11 2 2 5 5 0 0 5,K(+42.01)LDRLM(+15.99)GAL,sp|P21817|RYR1_HUMAN:sp|Q9Y6D5|BIG2_HUMAN:sp|Q15120|PDK3_HUMAN:sp|Q5VT06|CE350_HUMAN:sp|Q8TD57|DYH3_HUMAN:sp|Q9BZQ8|NIBA1_HUMAN:sp|O95425|SVIL_HUMAN:sp|Q7Z6R9|AP2D_HUMAN:sp|O00193|SMAP_HUMAN:sp|O00506|STK25_HUMAN:sp|Q7RTR2|NLRC3_HUMAN:sp|O14802|RPC1_HUMAN:sp|P49685|GPR15_HUMAN:sp|O15211|RGL2_HUMAN:sp|Q86WA8|LONP2_HUMAN:sp|O60841|IF2P_HUMAN:sp|Q96D03|DDT4L_HUMAN:sp|Q9C0G6|DYH6_HUMAN:sp|O15067|PUR4_HUMAN:sp|Q96J66|MRP8_HUMAN:sp|Q9NRK6|ABCBA_HUMAN:sp|Q9Y678|COPG1_HUMAN:sp|Q86XT2|VP37D_HUMAN:sp|Q96KN4|LRAT1_HUMAN:sp|O43294|TGFI1_HUMAN:sp|P07437|TBB5_HUMAN:sp|P23508|CRCM_HUMAN:sp|Q15057|ACAP2_HUMAN:sp|P27987|IP3KB_HUMAN:sp|Q9H8W2|CF155_HUMAN:sp|Q9Y2G0|EFR3B_HUMAN:sp|P15924|DESP_HUMAN:sp|Q8WZA0|LZIC_HUMAN:sp|P98198|AT8B2_HUMAN:sp|O14579|COPE_HUMAN:sp|Q15029|U5S1_HUMAN:sp|Q9HBI0|PARVG_HUMAN:sp|P51690|ARSL_HUMAN:sp|Q9UBR5|CKLF_HUMAN:sp|A5PL33|KRBA1_HUMAN:sp|O95900|TRUB2_HUMAN:sp|Q9UI17|M2GD_HUMAN:sp|Q14156|EFR3A_HUMAN:sp|Q9H0J4|QRIC2_HUMAN:sp|Q86X95|CIR1_HUMAN:sp|Q96NA8|TSNA1_HUMAN:sp|Q96T58|MINT_HUMAN:sp|Q92888|ARHG1_HUMAN:sp|A0A0B4J263|TVA39_HUMAN:sp|Q7Z2Z2|EFL1_HUMAN:sp|O95279|KCNK5_HUMAN:sp|O95168|NDUB4_HUMAN:sp|O76003|GLRX3_HUMAN:sp|Q9H0V1|TM168_HUMAN:sp|Q8N1W2|ZN710_HUMAN:sp|P23582|ANFC_HUMAN:sp|Q9H7F4|T185B_HUMAN:sp|Q8IWA4|MFN1_HUMAN:sp|Q15413|RYR3_HUMAN:sp|Q15118|PDK1_HUMAN:sp|Q9NSD9|SYFB_HUMAN:sp|P34897|GLYM_HUMAN:sp|P47914|RL29_HUMAN:sp|Q99698|LYST_HUMAN:sp|P49336|CDK8_HUMAN:sp|Q96KQ7|EHMT2_HUMAN:sp|P17213|BPI_HUMAN:sp|O43143|DHX15_HUMAN:sp|Q7Z388|D19L4_HUMAN:sp|Q9Y6Q2|STON1_HUMAN:sp|Q9Y6D6|BIG1_HUMAN:sp|Q8TBG4|AT2L1_HUMAN:sp|Q8IUR5|TMTC1_HUMAN:sp|P13051|UNG_HUMAN:sp|Q8IX19|MCEM1_HUMAN:sp|Q9ULH4|LRFN2_HUMAN:sp|Q9BUQ8|DDX23_HUMAN:sp|A0A1W2PQ72|MSD7_HUMAN:sp|Q9NPI1|BRD7_HUMAN:sp|A6PVS8|LRIQ3_HUMAN:sp|O95342|ABCBB_HUMAN:sp|Q8NFM4|ADCY4_HUMAN:sp|P38606|VATA_HUMAN:sp|P14867|GBRA1_HUMAN:sp|Q9BZI7|REN3B_HUMAN:sp|Q9NQ86|TRI36_HUMAN:sp|Q96P63|SPB12_HUMAN:sp|Q16647|PTGIS_HUMAN:sp|Q8N695|SC5A8_HUMAN:sp|Q13520|AQP6_HUMAN:sp|Q9BWU1|CDK19_HUMAN:sp|P60880|SNP25_HUMAN:sp|Q15031|SYLM_HUMAN:sp|Q9BRV8|SIKE1_HUMAN:sp|O75509|TNR21_HUMAN:sp|P13674|P4HA1_HUMAN:sp|P11274|BCR_HUMAN:sp|Q8TF62|AT8B4_HUMAN,DeepNovo
K(+42.01)LEHLLYC(+119.00),25.60,1178.5464,8,75.0,8,-1.1,590.27985,2,68.3907,-9.0093,0.85,26740,HFX193_IPP292_GEL_CRC_324_Even.raw,2.19E5,1.23E6,1,1,1,1,"Acetylation (N-term);Cysteinylation",,5 4 0 0 12 31 31 5,K(+42.01)LEHLLYC(+119.00),,DeepNovo
K(+42.01)LGRKGAGSVFR,41.48,1316.7677,12,8.3,12,-2.7,439.92865,3,24.8500,-1.4500,0.12,9218,HFX193_IPP292_GEL_CRC_324_Even.raw,,,1,1,0,0,"Acetylation (N-term)",,0 0 0 0 1 1 1 0 0 0 0 4,K(+42.01)LGRKGAGSVFR,sp|Q96QB1|RHG07_HUMAN:sp|Q13188|STK3_HUMAN:sp|Q9Y6F8|CDY1_HUMAN:sp|P29317|EPHA2_HUMAN:sp|Q9UJU6|DBNL_HUMAN:sp|Q8N4C8|MINK1_HUMAN:sp|Q14703|MBTP1_HUMAN:sp|A6NDB9|PALM3_HUMAN:sp|Q14028|CNGB1_HUMAN:sp|Q7Z3Y7|K1C28_HUMAN:sp|Q8IZL2|MAML2_HUMAN:sp|Q9NRF2|SH2B1_HUMAN:sp|P20936|RASA1_HUMAN:sp|Q9UKE5|TNIK_HUMAN:sp|A0A0C4DH59|TVB54_HUMAN:sp|Q9NVW2|RNF12_HUMAN:sp|Q8WZ42|TITIN_HUMAN:sp|Q12906|ILF3_HUMAN:sp|P61550|ENVT1_HUMAN:sp|Q8IWN7|RP1L1_HUMAN:sp|P20061|TCO1_HUMAN:sp|O60393|NOBOX_HUMAN:sp|Q9C029|TRIM7_HUMAN:sp|O95816|BAG2_HUMAN:sp|P23511|NFYA_HUMAN:sp|Q9Y2P5|S27A5_HUMAN:sp|P10586|PTPRF_HUMAN:sp|Q6WN34|CRDL2_HUMAN:sp|Q68DX3|FRPD2_HUMAN:sp|Q9UMD9|COHA1_HUMAN:sp|Q9UHG0|DCDC2_HUMAN:sp|Q14315|FLNC_HUMAN:sp|P62917|RL8_HUMAN:sp|P19235|EPOR_HUMAN:sp|Q16099|GRIK4_HUMAN:sp|Q16706|MA2A1_HUMAN:sp|Q9C0C2|TB182_HUMAN:sp|Q08345|DDR1_HUMAN:sp|A2RUH7|MBPHL_HUMAN:sp|Q96IQ9|ZN414_HUMAN:sp|Q13043|STK4_HUMAN:sp|P32019|I5P2_HUMAN:sp|O95490|AGRL2_HUMAN:sp|P19012|K1C15_HUMAN:sp|P21333|FLNA_HUMAN:sp|Q9UBP8|KAAG1_HUMAN:sp|P23284|PPIB_HUMAN:sp|Q13367|AP3B2_HUMAN:sp|Q5THJ4|VP13D_HUMAN:sp|Q9Y4J8|DTNA_HUMAN:sp|Q8N6H7|ARFG2_HUMAN:sp|Q96BF6|NACC2_HUMAN:sp|Q9P270|SLAI2_HUMAN:sp|P52292|IMA1_HUMAN:sp|Q9NQW8|CNGB3_HUMAN:sp|Q9Y6F7|CDY2_HUMAN:sp|Q99490|AGAP2_HUMAN:sp|A0A0A6YYD4|TVB13_HUMAN:sp|Q5JSL3|DOC11_HUMAN:sp|Q13275|SEM3F_HUMAN:sp|Q02556|IRF8_HUMAN:sp|Q9Y4P9|SPEF1_HUMAN:sp|Q8NC24|RELL2_HUMAN:sp|P20594|ANPRB_HUMAN:sp|Q96S99|PKHF1_HUMAN:sp|O00358|FOXE1_HUMAN,DeepNovo
K(+42.01)LKEKY,16.42,849.4960,6,83.3,6,1.3,425.75583,2,30.5442,11.3442,0.41,11534,HFX193_IPP292_GEL_CRC_324_Even.raw,3.23E6,2.11E7,1,1,1,1,"Acetylation (N-term)",,2 1 4 4 6 5,K(+42.01)LKEKY,sp|P07900|HS90A_HUMAN:sp|Q0VF96|CGNL1_HUMAN:sp|P09429|HMGB1_HUMAN:sp|Q13033|STRN3_HUMAN:sp|O15347|HMGB3_HUMAN:sp|Q9UPQ7|PZRN3_HUMAN:sp|O00291|HIP1_HUMAN:sp|P23497|SP100_HUMAN:sp|Q3V6T2|GRDN_HUMAN:sp|Q58FF8|H90B2_HUMAN:sp|Q9H081|MIS12_HUMAN:sp|O43815|STRN_HUMAN:sp|Q58FF6|H90B4_HUMAN:sp|Q9H0P0|5NT3A_HUMAN:sp|Q9BQG0|MBB1A_HUMAN:sp|P08238|HS90B_HUMAN:sp|P26583|HMGB2_HUMAN:sp|B2RPK0|HGB1A_HUMAN:sp|P22830|HEMH_HUMAN:sp|P10721|KIT_HUMAN,DB Search
K(+42.01)LKEKYAK,20.36,1048.6281,8,87.5,8,0.4,350.55011,3,26.7968,5.7968,0.17,10044,HFX193_IPP292_GEL_CRC_324_Odd.raw,5.93E5,5.18E6,2,2,2,2,"Acetylation (N-term)",,5 0 20 5 5 3 3 5,K(+42.01)LKEKYAK,sp|Q2M243|CCD27_HUMAN:sp|Q6ZVC0|NYAP1_HUMAN:sp|Q6UVJ0|SAS6_HUMAN:sp|Q9NVK5|FGOP2_HUMAN:sp|Q0P6D6|CCD15_HUMAN:sp|Q92624|APBP2_HUMAN:sp|P0DX00|GG6LX_HUMAN:sp|Q5VT06|CE350_HUMAN:sp|O94993|SOX30_HUMAN:sp|O14717|TRDMT_HUMAN:sp|Q14957|NMDE3_HUMAN:sp|Q6UB98|ANR12_HUMAN:sp|Q9H254|SPTN4_HUMAN:sp|Q8WXA9|SREK1_HUMAN:sp|O60566|BUB1B_HUMAN:sp|A6NGB0|T191C_HUMAN:sp|H0YM25|GG6LV_HUMAN:sp|Q9BXK5|B2L13_HUMAN:sp|Q9NRL2|BAZ1A_HUMAN:sp|Q8NI35|INADL_HUMAN:sp|O43815|STRN_HUMAN:sp|P0DPF3|NBPF9_HUMAN:sp|Q9BQG0|MBB1A_HUMAN:sp|Q14D04|MELT_HUMAN:sp|Q8N5C7|DTWD1_HUMAN:sp|Q5TZA2|CROCC_HUMAN:sp|Q9GZU2|PEG3_HUMAN:sp|Q7Z2Y8|GVIN1_HUMAN:sp|Q5QJE6|TDIF2_HUMAN:sp|Q96T92|INSM2_HUMAN:sp|Q03112|MECOM_HUMAN:sp|Q5TCY1|TTBK1_HUMAN:sp|O75146|HIP1R_HUMAN:sp|Q7RTS3|PTF1A_HUMAN:sp|P52594|AGFG1_HUMAN:sp|Q8WUY3|PRUN2_HUMAN:sp|P49321|NASP_HUMAN:RPL22_DEL_T-p.K15Rfs*5_::chr1:6197225-6198225_frame=3:sp|P0DX02|GG6LZ_HUMAN:sp|Q9H9Y4|GPN2_HUMAN:sp|A8MYB1|TMC5B_HUMAN:sp|Q9NZN5|ARHGC_HUMAN:sp|Q9NWB7|IFT57_HUMAN:sp|P15924|DESP_HUMAN:sp|Q9BZE9|ASPC1_HUMAN:sp|Q86YC2|PALB2_HUMAN:sp|Q8N4S0|CCD82_HUMAN:sp|Q7L590|MCM10_HUMAN:sp|Q9NVG8|TBC13_HUMAN:sp|Q6ZN66|GBP6_HUMAN:ANO10_DEL_T-p.D45Mfs*12_::chr3:43605221-43606221_frame=1:sp|Q8IWZ8|SUGP1_HUMAN:sp|Q9Y228|T3JAM_HUMAN:sp|Q9H3U1|UN45A_HUMAN:sp|O75469|NR1I2_HUMAN:sp|Q9UKA4|AKA11_HUMAN:sp|P23497|SP100_HUMAN:sp|Q8NEV4|MYO3A_HUMAN:sp|Q58FF6|H90B4_HUMAN:sp|Q58F21|BRDT_HUMAN:sp|Q9UQ35|SRRM2_HUMAN:sp|Q9Y6H5|SNCAP_HUMAN:sp|P11532|DMD_HUMAN:sp|Q8IUG5|MY18B_HUMAN:sp|Q9P1U1|ARP3B_HUMAN:sp|B2RPK0|HGB1A_HUMAN:sp|Q9H875|PKRI1_HUMAN:sp|Q59H18|TNI3K_HUMAN:sp|Q15311|RBP1_HUMAN:sp|Q14376|GALE_HUMAN:sp|Q02040|AK17A_HUMAN:sp|Q9Y2I6|NINL_HUMAN:sp|Q6P2Q9|PRP8_HUMAN:sp|P0C7N4|T191B_HUMAN:sp|Q86VQ0|LCA5_HUMAN:sp|Q96JY0|MAEL_HUMAN:sp|P59942|MCCD1_HUMAN:sp|Q5T5S1|CC183_HUMAN:sp|A2VDJ0|T131L_HUMAN:sp|P26583|HMGB2_HUMAN:sp|Q9P212|PLCE1_HUMAN:sp|P50052|AGTR2_HUMAN:sp|O14715|RGPD8_HUMAN:sp|O95613|PCNT_HUMAN:sp|O43395|PRPF3_HUMAN:sp|Q0VF96|CGNL1_HUMAN:sp|Q9BRT2|UQCC2_HUMAN:sp|O94988|FA13A_HUMAN:sp|Q9Y4D1|DAAM1_HUMAN:sp|P05089|ARGI1_HUMAN:sp|Q13137|CACO2_HUMAN:sp|Q15075|EEA1_HUMAN:sp|Q13426|XRCC4_HUMAN:sp|P0DJD1|RGPD2_HUMAN:sp|O95256|I18RA_HUMAN:sp|Q9NUQ9|CYRIB_HUMAN:sp|Q765I0|UTS2B_HUMAN:sp|Q9H1J7|WNT5B_HUMAN:sp|Q5VVM6|CCD30_HUMAN:sp|Q6UXF7|CL18B_HUMAN:sp|O15078|CE290_HUMAN:sp|P46782|RS5_HUMAN:sp|Q7Z5J4|RAI1_HUMAN:sp|Q9UIG0|BAZ1B_HUMAN:sp|Q99590|SCAFB_HUMAN:sp|Q9BY44|EIF2A_HUMAN:sp|Q9ULD2|MTUS1_HUMAN:sp|Q8IV76|PASD1_HUMAN:sp|Q8NEM7|SP20H_HUMAN:sp|Q13023|AKAP6_HUMAN:sp|Q8ND30|LIPB2_HUMAN:sp|Q9UBK8|MTRR_HUMAN:sp|Q8N6M0|OTU6B_HUMAN:sp|P54252|ATX3_HUMAN:sp|Q15695|U2AFL_HUMAN:sp|Q9Y3A5|SBDS_HUMAN:sp|O94762|RECQ5_HUMAN:sp|Q8ND04|SMG8_HUMAN:sp|Q8WTT2|NOC3L_HUMAN:sp|O95239|KIF4A_HUMAN,DeepNovo
K(+42.01)LKKLGGSV,31.46,970.6175,9,55.6,9,2.0,486.31699,2,39.1364,16.0364,0.56,15042,HFX193_IPP292_GEL_CRC_324_Odd.raw,1.56E5,2.03E6,1,1,1,1,"Acetylation (N-term)",,5 11 5 0 1 0 0 4 4,K(+42.01)LKKLGGSV,,DeepNovo
K(+42.01)LKKTTL,21.96,872.5695,7,71.4,7,2.2,437.29300,2,31.7839,11.2839,0.46,12049,HFX193_IPP292_GEL_CRC_324_Even.raw,1.92E5,1.79E6,1,1,1,1,"Acetylation (N-term)",,5 12 7 0 1 2 5,K(+42.01)LKKTTL,sp|A2RUS2|DEND3_HUMAN,DB Search
K(+42.01)LKVFRFRV,28.84,1233.7710,9,33.3,9,4.3,412.26602,3,37.9296,10.2296,0.05,14530,HFX193_IPP292_GEL_CRC_324_Even.raw,5.82E4,5.35E5,2,2,1,1,"Acetylation (N-term)",,0 0 0 79 17 1 1 1 3,K(+42.01)LKVFRFRV,sp|Q9UHV8|PP13_HUMAN:sp|O75161|NPHP4_HUMAN:sp|Q6UVK1|CSPG4_HUMAN:sp|Q9UHA3|RLP24_HUMAN:sp|P10600|TGFB3_HUMAN:sp|Q9HCN3|PGAP6_HUMAN,DeepNovo
K(+42.01)LLRKPV,19.33,894.6014,7,42.9,7,0.7,448.30832,2,39.2924,9.9924,0.67,15117,HFX193_IPP292_GEL_CRC_324_Odd.raw,1.01E5,1.1E6,1,1,1,1,"Acetylation (N-term)",,5 25 6 1 1 0 0,K(+42.01)LLRKPV,sp|P35475|IDUA_HUMAN,DB Search
K(+42.01)LN(+0.98)HETYL,28.84,1059.5237,8,62.5,8,-1.6,530.76825,2,58.2577,6.5577,0.74,22680,HFX193_IPP292_GEL_CRC_324_Even.raw,3.8E5,3.57E6,1,1,1,1,"Acetylation (N-term);Deamidation (NQ)",,5 0 1 0 2 4 11 5,K(+42.01)LN(+0.98)HETYL,,DeepNovo
K(+42.01)LN(+0.98)RTLSV,37.97,972.5604,8,50.0,8,1.7,487.28827,2,60.0399,8.9399,0.80,23428,HFX193_IPP292_GEL_CRC_324_Even.raw,2.93E5,1.58E6,1,1,1,1,"Acetylation (N-term);Deamidation (NQ)",,2 2 1 0 0 0 2 2,K(+42.01)LN(+0.98)RTLSV,,DeepNovo
K(+42.01)LN(+0.98)RVEVL,27.70,1012.5917,8,87.5,8,-3.1,507.30154,2,57.1129,-13.6871,0.46,22212,HFX193_IPP292_GEL_CRC_324_Even.raw,1.3E6,9.05E6,1,1,1,1,"Acetylation (N-term);Deamidation (NQ)",,5 12 5 0 2 2 16 5,K(+42.01)LN(+0.98)RVEVL,,DeepNovo
K(+42.01)LPGVAV,23.31,724.4483,7,71.4,7,-0.1,725.45551,1,65.4486,-11.7514,0.87,25572,HFX193_IPP292_GEL_CRC_324_Even.raw,3.77E5,1.72E6,1,1,1,1,"Acetylation (N-term)",,5 12 1 1 5 13 5,K(+42.01)LPGVAV,,DeepNovo
K(+42.01)LPPPVGV,24.20,847.5167,8,75.0,8,-0.1,848.52393,1,66.9726,-15.2274,0.76,26204,HFX193_IPP292_GEL_CRC_324_Even.raw,9.99E5,3.15E6,1,1,1,1,"Acetylation (N-term)",,0 0 59 3 2 2 17 5,K(+42.01)LPPPVGV,sp|Q8IWV8|UBR2_HUMAN:sp|Q6ZVT6|CF20D_HUMAN:sp|Q16827|PTPRO_HUMAN:sp|Q96J92|WNK4_HUMAN:sp|Q15388|TOM20_HUMAN:sp|Q6DN14|MCTP1_HUMAN:sp|A6NGY3|CE052_HUMAN:sp|Q711Q0|CEFIP_HUMAN:sp|Q8NEZ4|KMT2C_HUMAN:sp|P43146|DCC_HUMAN:sp|Q7L2E3|DHX30_HUMAN:sp|P49750|YLPM1_HUMAN:tr|A0A8I5KYS1|A0A8I5KYS1_HUMAN:sp|Q9H156|SLIK2_HUMAN:sp|P12830|CADH1_HUMAN:sp|O75157|T22D2_HUMAN:sp|P63162|RSMN_HUMAN:sp|Q9Y5R5|DMRT2_HUMAN:sp|Q8WVR3|TPC14_HUMAN:sp|Q9HCD6|TANC2_HUMAN:sp|Q96A98|TIP39_HUMAN:sp|Q8N137|CNTRB_HUMAN:sp|Q9Y572|RIPK3_HUMAN:sp|Q86TX2|ACOT1_HUMAN:sp|P41162|ETV3_HUMAN:sp|P54257|HAP1_HUMAN:sp|O75912|DGKI_HUMAN:sp|Q12852|M3K12_HUMAN:sp|Q06787|FMR1_HUMAN:sp|Q6ZP82|CC141_HUMAN:sp|Q96SC8|DMTA2_HUMAN:sp|Q9BYM8|HOIL1_HUMAN:sp|Q5T5P2|SKT_HUMAN:sp|Q8N3P4|VPS8_HUMAN:sp|Q9NVV9|THAP1_HUMAN:sp|Q9UPN4|CP131_HUMAN:sp|P63146|UBE2B_HUMAN:sp|Q5HYW2|NHSL2_HUMAN:sp|Q5T1R4|ZEP3_HUMAN:sp|Q3SXY8|AR13B_HUMAN:sp|Q9P1Z0|ZBTB4_HUMAN:sp|P51587|BRCA2_HUMAN:sp|Q9UKD1|GMEB2_HUMAN:sp|Q92859|NEO1_HUMAN:sp|Q8WU79|SMAP2_HUMAN:sp|P08F94|PKHD1_HUMAN:sp|Q8TBC3|SHKB1_HUMAN:sp|Q8NHU6|TDRD7_HUMAN:sp|Q8N183|NDUF2_HUMAN:sp|Q92545|TM131_HUMAN:sp|Q3SYA9|P12L1_HUMAN:sp|Q13115|DUS4_HUMAN:sp|P49753|ACOT2_HUMAN:sp|Q6P1N0|C2D1A_HUMAN:sp|Q8WWF5|ZNRF4_HUMAN:sp|Q8TD17|ZN398_HUMAN:sp|Q7Z407|CSMD3_HUMAN:sp|Q2VWP7|PRTG_HUMAN:sp|Q9Y426|C2CD2_HUMAN:sp|Q13889|TF2H3_HUMAN:sp|A4D1U4|DEN11_HUMAN:sp|Q8IV33|K0825_HUMAN:sp|Q9H1B7|I2BPL_HUMAN:sp|Q92540|SMG7_HUMAN:sp|Q5VXM1|CDCP2_HUMAN:sp|Q5W0Q7|USPL1_HUMAN:sp|Q5T0F9|C2D1B_HUMAN:sp|Q9UG63|ABCF2_HUMAN:sp|P21709|EPHA1_HUMAN:sp|O43516|WIPF1_HUMAN:sp|Q6Y7W6|GGYF2_HUMAN:sp|O00411|RPOM_HUMAN:sp|O75165|DJC13_HUMAN:sp|A4D2P6|GRD2I_HUMAN:sp|A0A0J9YWL9|TX13C_HUMAN:sp|Q9Y6W5|WASF2_HUMAN:sp|Q99956|DUS9_HUMAN:sp|P25054|APC_HUMAN:sp|Q9Y6V0|PCLO_HUMAN:sp|Q8TD31|CCHCR_HUMAN:sp|Q9ULV3|CIZ1_HUMAN:sp|Q13190|STX5_HUMAN:sp|Q9NR09|BIRC6_HUMAN:sp|Q01668|CAC1D_HUMAN:sp|Q5T4S7|UBR4_HUMAN:sp|O14976|GAK_HUMAN:sp|Q96I25|SPF45_HUMAN:sp|Q9P2G3|KLH14_HUMAN:sp|Q9UPN6|SCAF8_HUMAN:sp|Q14863|PO6F1_HUMAN:sp|Q7M4L6|SHF_HUMAN:sp|Q96LX7|CCD17_HUMAN,DeepNovo
K(+42.01)LQ(+0.98)RAAGAL,24.61,969.5607,9,66.7,9,0.9,485.78806,2,43.3359,8.8359,0.42,16735,HFX193_IPP292_GEL_CRC_324_Odd.raw,5.09E6,3.04E7,2,2,2,2,"Acetylation (N-term);Deamidation (NQ)",,4 2 4 0 3 3 0 0 5,K(+42.01)LQ(+0.98)RAAGAL,,DeepNovo
K(+42.01)LRLPKPKLV,31.92,1232.8333,10,50.0,10,0.4,411.95184,3,39.7847,12.4847,0.28,15293,HFX193_IPP292_GEL_CRC_324_Even.raw,4.53E6,2.87E7,3,3,2,2,"Acetylation (N-term)",,0 0 0 0 0 43 8 8 20 5,K(+42.01)LRLPKPKLV,sp|Q8IX15|HOMEZ_HUMAN:sp|Q8WV24|PHLA1_HUMAN:sp|Q96J92|WNK4_HUMAN:sp|P42858|HD_HUMAN:sp|P02743|SAMP_HUMAN:sp|O94993|SOX30_HUMAN:sp|P23786|CPT2_HUMAN:sp|Q8WUY9|DEP1B_HUMAN:sp|Q00872|MYPC1_HUMAN:sp|O60393|NOBOX_HUMAN:sp|O14513|NCKP5_HUMAN:sp|A6NFU8|PGPIL_HUMAN:sp|Q8WZ33|MAFIP_HUMAN:sp|Q9P2D6|F135A_HUMAN:sp|Q4KMP7|TB10B_HUMAN:sp|Q7Z6E9|RBBP6_HUMAN:sp|A4UGR9|XIRP2_HUMAN:sp|Q13308|PTK7_HUMAN:sp|Q9NYY8|FAKD2_HUMAN:sp|Q96L91|EP400_HUMAN:sp|Q9Y4B5|MTCL1_HUMAN:sp|Q92733|PRCC_HUMAN:sp|Q9Y4G8|RPGF2_HUMAN:sp|Q96T76|MMS19_HUMAN:sp|E9PAV3|NACAM_HUMAN:sp|Q96K21|ANCHR_HUMAN:sp|Q0VG99|MESP2_HUMAN:sp|Q86TV6|TTC7B_HUMAN:sp|Q13093|PAFA_HUMAN:sp|P98175|RBM10_HUMAN:sp|Q3SYA9|P12L1_HUMAN:sp|Q14549|GBX1_HUMAN:sp|Q96RW7|HMCN1_HUMAN:sp|Q9UIW2|PLXA1_HUMAN:sp|Q5JYT7|K1755_HUMAN:sp|P82987|ATL3_HUMAN:sp|Q8N6G6|ATL1_HUMAN:sp|Q8N9N5|BANP_HUMAN:sp|Q8NDH2|CC168_HUMAN:sp|Q8NDA2|HMCN2_HUMAN:sp|Q14687|GSE1_HUMAN:sp|Q01082|SPTB2_HUMAN:sp|Q9UHJ6|SHPK_HUMAN:sp|Q9BV87|CNPD1_HUMAN:sp|Q8WU67|ABHD3_HUMAN:sp|Q53T59|H1BP3_HUMAN:tr|A0A1W2PR80|A0A1W2PR80_HUMAN:sp|O14792|HS3S1_HUMAN:sp|A5PL33|KRBA1_HUMAN:sp|Q702N8|XIRP1_HUMAN:sp|P04626|ERBB2_HUMAN:sp|P02790|HEMO_HUMAN:sp|Q92560|BAP1_HUMAN:sp|Q8NCT3|MACA2_HUMAN:sp|Q9ULD8|KCNH3_HUMAN:sp|P17600|SYN1_HUMAN:sp|Q9NP87|DPOLM_HUMAN:sp|A7XYQ1|SOBP_HUMAN:sp|P62910|RL32_HUMAN:sp|P35609|ACTN2_HUMAN:sp|Q8IVL1|NAV2_HUMAN:sp|P0C854|CECR9_HUMAN:sp|O75891|AL1L1_HUMAN:sp|Q3B8N5|PROX2_HUMAN:sp|Q8N4B1|SESQ1_HUMAN:sp|A6NGG8|PCARE_HUMAN:sp|E9PQR5|NPIB8_HUMAN:sp|A6NC51|T150B_HUMAN:sp|Q9BYB0|SHAN3_HUMAN:sp|B2RTY4|MYO9A_HUMAN:sp|Q8WZ42|TITIN_HUMAN:sp|P48645|NMU_HUMAN:sp|P42685|FRK_HUMAN:sp|Q9H295|DCSTP_HUMAN:sp|Q6AHZ1|Z518A_HUMAN:sp|Q14896|MYPC3_HUMAN:sp|Q70EL4|UBP43_HUMAN:sp|Q13045|FLII_HUMAN:sp|P29144|TPP2_HUMAN:sp|Q7Z739|YTHD3_HUMAN:sp|P13995|MTDC_HUMAN:sp|Q68DN1|CB016_HUMAN:sp|Q9BXL5|HEMGN_HUMAN:sp|Q9UMN6|KMT2B_HUMAN:sp|Q5T4T6|SYC2L_HUMAN:sp|Q3SY69|AL1L2_HUMAN:sp|O75962|TRIO_HUMAN:sp|P51805|PLXA3_HUMAN:sp|Q7L0X0|TRIL_HUMAN:sp|Q13724|MOGS_HUMAN:sp|Q6WRI0|IGS10_HUMAN:sp|P08047|SP1_HUMAN:sp|P15170|ERF3A_HUMAN:sp|Q9BUV8|RCAF1_HUMAN:sp|E9PJ23|NPIB6_HUMAN:sp|Q9H0C2|ADT4_HUMAN:sp|Q14289|FAK2_HUMAN:sp|A6NHN6|NPB15_HUMAN:sp|P00533|EGFR_HUMAN:sp|O00268|TAF4_HUMAN:sp|O95571|ETHE1_HUMAN:sp|Q8N3K9|CMYA5_HUMAN:sp|Q6ZMQ8|LMTK1_HUMAN:sp|Q5HYC2|K2026_HUMAN:NDUFC2_DEL_AA-p.F69Cfs*9_::chr11:78072601-78073602_frame=-3:sp|Q96PC5|MIA2_HUMAN:sp|Q9NP71|MLXPL_HUMAN:sp|Q2VPB7|AP5B1_HUMAN:sp|Q9UHB4|NDOR1_HUMAN:sp|Q96ST2|IWS1_HUMAN:sp|Q9NWF9|RN216_HUMAN:sp|Q9Y286|SIGL7_HUMAN:sp|Q9UM54|MYO6_HUMAN:sp|Q14676|MDC1_HUMAN:sp|Q09472|EP300_HUMAN:sp|Q14995|NR1D2_HUMAN:sp|P31629|ZEP2_HUMAN:sp|Q01780|EXOSX_HUMAN:sp|O60284|ST18_HUMAN:sp|Q8IWU2|LMTK2_HUMAN,DeepNovo
K(+42.01)LTVTKPV,25.59,926.5800,8,50.0,8,1.6,464.29803,2,41.5910,15.2910,0.32,16051,HFX193_IPP292_GEL_CRC_324_Even.raw,8.64E5,5.44E6,3,3,2,2,"Acetylation (N-term)",,0 0 4 4 4 4 0 0,K(+42.01)LTVTKPV,sp|P28908|TNR8_HUMAN:sp|Q8WUJ3|CEMIP_HUMAN:sp|Q9UNK0|STX8_HUMAN:sp|Q9HDC9|APMAP_HUMAN:sp|Q9UNF1|MAGD2_HUMAN:sp|Q5T0N1|CFA70_HUMAN:sp|Q86VV8|RTTN_HUMAN:sp|Q6IA86|ELP2_HUMAN:sp|Q5VVH5|IKBP1_HUMAN:sp|Q76I76|SSH2_HUMAN:sp|Q5JPE7|NOMO2_HUMAN:sp|O43278|SPIT1_HUMAN:sp|P49750|YLPM1_HUMAN:sp|Q6PIF6|MYO7B_HUMAN:sp|Q86VZ4|LRP11_HUMAN:sp|Q96J02|ITCH_HUMAN:sp|A8MVW5|HECA2_HUMAN:sp|P35268|RL22_HUMAN:sp|Q9UBC5|MYO1A_HUMAN:sp|Q8WZ42|TITIN_HUMAN:sp|Q5T3F8|CSCL2_HUMAN:sp|Q9NW13|RBM28_HUMAN:sp|Q969M7|UBE2F_HUMAN:sp|Q9NR99|MXRA5_HUMAN:sp|P09110|THIK_HUMAN:sp|P23677|IP3KA_HUMAN:sp|Q6YHK3|CD109_HUMAN:sp|Q7Z3K3|POGZ_HUMAN:sp|Q8IX07|FOG1_HUMAN:sp|A0A0K0K1C4|TVB27_HUMAN:sp|O94985|CSTN1_HUMAN:sp|Q9HC44|GPBL1_HUMAN:sp|P08476|INHBA_HUMAN:sp|Q8IUC4|RHPN2_HUMAN:sp|Q685J3|MUC17_HUMAN:sp|Q96RG2|PASK_HUMAN:sp|Q5HYI7|MTX3_HUMAN:sp|Q99613|EIF3C_HUMAN:sp|Q9BZ95|NSD3_HUMAN:sp|P10242|MYB_HUMAN:sp|Q9NP59|S40A1_HUMAN:sp|Q30154|DRB5_HUMAN:sp|O95744|PM2P2_HUMAN:sp|Q99102|MUC4_HUMAN:sp|Q5SZK8|FREM2_HUMAN:sp|A0A1B0GV85|RELD1_HUMAN:sp|O75146|HIP1R_HUMAN:sp|P51805|PLXA3_HUMAN:sp|Q6V0I7|FAT4_HUMAN:sp|Q8NF64|ZMIZ2_HUMAN:sp|B5ME19|EIFCL_HUMAN:sp|Q9ULG3|CFA92_HUMAN:sp|P02771|FETA_HUMAN:sp|Q17RD7|SYT16_HUMAN:sp|P24941|CDK2_HUMAN:sp|P00797|RENI_HUMAN:sp|O75037|KI21B_HUMAN:sp|Q8NI36|WDR36_HUMAN:sp|Q92903|CDS1_HUMAN:sp|O95190|OAZ2_HUMAN:sp|Q8N693|ESX1_HUMAN:sp|Q9HDC5|JPH1_HUMAN:sp|Q5THJ4|VP13D_HUMAN:sp|Q8TB24|RIN3_HUMAN:sp|Q92540|SMG7_HUMAN:sp|Q8NDW8|TT21A_HUMAN:sp|Q8TE96|DQX1_HUMAN:sp|Q9UPZ6|THS7A_HUMAN:sp|P18850|ATF6A_HUMAN:sp|Q8WY64|MYLIP_HUMAN:sp|Q687X5|STEA4_HUMAN:sp|Q15155|NOMO1_HUMAN:sp|Q9BWU0|NADAP_HUMAN:sp|Q9H3L0|MMAD_HUMAN:sp|Q07021|C1QBP_HUMAN:sp|Q06418|TYRO3_HUMAN:sp|Q9UKA4|AKA11_HUMAN:sp|O95104|SCAF4_HUMAN:sp|Q8IYM1|SEP12_HUMAN:sp|Q02878|RL6_HUMAN:sp|O60602|TLR5_HUMAN:sp|Q8IZA0|K319L_HUMAN:sp|P69849|NOMO3_HUMAN:sp|P11532|DMD_HUMAN:sp|Q8NE18|NSUN7_HUMAN:sp|Q5VTL7|FNDC7_HUMAN:sp|Q9UMS0|NFU1_HUMAN:sp|Q15013|MD2BP_HUMAN:sp|Q96KM6|Z512B_HUMAN:sp|Q9ULJ6|ZMIZ1_HUMAN:sp|P35663|CYLC1_HUMAN:sp|Q9UGJ0|AAKG2_HUMAN:sp|P04233|HG2A_HUMAN,DeepNovo
K(+42.01)M(+15.99)KKAYEL,39.57,1067.5685,8,87.5,8,0.5,534.79181,2,35.8083,13.0083,0.50,13660,HFX193_IPP292_GEL_CRC_324_Even.raw,3.51E6,1.9E7,1,1,1,1,"Acetylation (N-term);Oxidation (M)",,5 12 6 0 3 3 3 5,K(+42.01)M(+15.99)KKAYEL,sp|Q01658|NC2B_HUMAN:sp|O43490|PROM1_HUMAN:sp|Q00975|CAC1B_HUMAN:sp|Q9Y4F9|RIPR2_HUMAN:sp|Q9Y6N6|LAMC3_HUMAN:sp|Q9UNX4|WDR3_HUMAN:sp|Q96IZ6|MET2A_HUMAN:sp|P11831|SRF_HUMAN:sp|P30556|AGTR1_HUMAN:sp|Q86W92|LIPB1_HUMAN:sp|Q6X9E4|FBW12_HUMAN:sp|P20929|NEBU_HUMAN:sp|Q7Z333|SETX_HUMAN:sp|Q9UJW0|DCTN4_HUMAN:sp|O60225|SSX5_HUMAN:sp|Q9UFG5|CS025_HUMAN:sp|P09848|LPH_HUMAN:sp|Q9UBX1|CATF_HUMAN:sp|Q9BY43|CHM4A_HUMAN:sp|Q96P70|IPO9_HUMAN:sp|O14497|ARI1A_HUMAN:sp|Q4VCS5|AMOT_HUMAN:sp|Q9C0A1|ZFHX2_HUMAN:sp|P46019|KPB2_HUMAN:sp|P48775|T23O_HUMAN:sp|Q9H2D6|TARA_HUMAN:sp|O60231|DHX16_HUMAN:sp|Q86XZ4|SPAS2_HUMAN:sp|P55201|BRPF1_HUMAN:sp|P09913|IFIT2_HUMAN:sp|Q06413|MEF2C_HUMAN:sp|H7BZ55|CRCC2_HUMAN:sp|Q9NZZ3|CHMP5_HUMAN:sp|Q9UPP1|PHF8_HUMAN:sp|Q6P1Q9|MET2B_HUMAN:sp|Q9H814|PHAX_HUMAN:sp|Q16515|ASIC2_HUMAN:sp|Q13099|IFT88_HUMAN:sp|Q14692|BMS1_HUMAN:sp|A4D263|SPT48_HUMAN:sp|Q14679|TTLL4_HUMAN:sp|O60885|BRD4_HUMAN:sp|Q02080|MEF2B_HUMAN:sp|Q9BXX2|AN30B_HUMAN:sp|O96028|NSD2_HUMAN:sp|Q6KC79|NIPBL_HUMAN:sp|Q7Z417|NUFP2_HUMAN:sp|Q9UHC3|ASIC3_HUMAN:sp|P46020|KPB1_HUMAN:sp|Q9UI33|SCNBA_HUMAN:sp|Q9ULD2|MTUS1_HUMAN:sp|P46977|STT3A_HUMAN:sp|Q86X02|CDR2L_HUMAN:sp|Q9ULE4|F184B_HUMAN:sp|P31948|STIP1_HUMAN:sp|Q8IYW2|CFA46_HUMAN:sp|Q9NZ81|PRR13_HUMAN:sp|Q9Y305|ACOT9_HUMAN:sp|Q02078|MEF2A_HUMAN:sp|P78348|ASIC1_HUMAN:sp|Q96PZ7|CSMD1_HUMAN:sp|Q14814|MEF2D_HUMAN:sp|Q13464|ROCK1_HUMAN:sp|Q9Y2G8|DJC16_HUMAN:sp|Q15008|PSMD6_HUMAN:sp|Q14CX7|NAA25_HUMAN:sp|P25100|ADA1D_HUMAN:sp|Q5T601|AGRF1_HUMAN:sp|Q8IZT6|ASPM_HUMAN:sp|Q96N76|HUTU_HUMAN,DeepNovo
K(+42.01)M(+15.99)YDSLDN(+0.98)N(+0.98)DPVVLKTLR,80.24,2180.0671,18,66.7,18,3.3,546.02582,4,36.6356,10.4356,0.31,14048,HFX193_IPP292_GEL_CRC_324_Even.raw,3.01E5,1.96E6,1,1,1,1,"Acetylation (N-term);Oxidation (M);Deamidation (NQ);Deamidation (NQ)",,0 0 97 60 29 29 57 0 0 0 0 13 36 36 8 7 7 5,K(+42.01)M(+15.99)YDSLDN(+0.98)N(+0.98)DPVVLKTLR,sp|Q9H173|SIL1_HUMAN:sp|P23467|PTPRB_HUMAN:sp|Q6ZRS4|ITPI1_HUMAN:sp|Q5TGP6|MROH9_HUMAN:sp|Q16822|PCKGM_HUMAN:sp|Q86TI2|DPP9_HUMAN:sp|Q9Y6D5|BIG2_HUMAN:sp|Q8TF46|DI3L1_HUMAN:sp|P59046|NAL12_HUMAN:sp|Q96SB3|NEB2_HUMAN:sp|P27169|PON1_HUMAN:sp|Q8IVG5|SAM9L_HUMAN:sp|Q8IWF9|CCD83_HUMAN:sp|P23786|CPT2_HUMAN:sp|Q9UKZ4|TEN1_HUMAN:sp|Q9HCJ3|RAVR2_HUMAN:sp|Q4VNC0|AT135_HUMAN:sp|P61296|HAND2_HUMAN:sp|Q9UQ13|SHOC2_HUMAN:sp|Q6IQ26|DEN5A_HUMAN:sp|Q96TA1|NIBA2_HUMAN:sp|Q0VAK6|LMOD3_HUMAN:sp|Q14254|FLOT2_HUMAN:sp|Q5TZA2|CROCC_HUMAN:sp|Q9UPT8|ZC3H4_HUMAN:sp|Q14940|SL9A5_HUMAN:sp|P17693|HLAG_HUMAN:sp|Q13093|PAFA_HUMAN:sp|P21860|ERBB3_HUMAN:sp|Q92535|PIGC_HUMAN:sp|Q13394|MB211_HUMAN:sp|A5YKK6|CNOT1_HUMAN:sp|Q6EBC2|IL31_HUMAN:sp|O94956|SO2B1_HUMAN:sp|A4D1F6|LRRD1_HUMAN:sp|Q08462|ADCY2_HUMAN:sp|Q8N9B8|RGF1A_HUMAN:sp|Q14573|ITPR3_HUMAN:sp|Q7Z7L7|ZER1_HUMAN:sp|O14786|NRP1_HUMAN:DNAH12_DEL_T-p.G93Dfs*7_::chr3:57523086-57524086_frame=2:sp|Q9P0Z9|SOX_HUMAN:sp|Q14674|ESPL1_HUMAN:sp|P28289|TMOD1_HUMAN:sp|O43511|S26A4_HUMAN:sp|Q9NVC3|S38A7_HUMAN:sp|Q96DT5|DYH11_HUMAN:sp|Q15345|LRC41_HUMAN:sp|Q14697|GANAB_HUMAN:sp|Q9NP80|PLPL8_HUMAN:sp|Q9C0A0|CNTP4_HUMAN:sp|P43026|GDF5_HUMAN:sp|P26717|NKG2C_HUMAN:sp|Q96M43|NBPF4_HUMAN:sp|Q9NS87|KIF15_HUMAN:sp|Q96QB1|RHG07_HUMAN:sp|Q9NQ35|NRIP3_HUMAN:sp|P22301|IL10_HUMAN:sp|P38484|INGR2_HUMAN:sp|P40197|GPV_HUMAN:sp|Q6PIY5|ARMD1_HUMAN:sp|Q8WZ64|ARAP2_HUMAN:sp|Q92824|PCSK5_HUMAN:sp|A0A1B0GUA7|TEX51_HUMAN:ENO4_DEL_A-p.K207Rfs*32_::chr10:116858617-116859617_frame=-2:sp|Q9UFH2|DYH17_HUMAN:sp|Q14974|IMB1_HUMAN:sp|Q9NSA0|S22AB_HUMAN:sp|Q6PL45|BRID5_HUMAN:sp|Q9UBJ2|ABCD2_HUMAN:sp|P21728|DRD1_HUMAN:sp|Q4VXU2|PAP1L_HUMAN:sp|Q9NR99|MXRA5_HUMAN:sp|Q8N957|ANKF1_HUMAN:sp|Q96GX5|GWL_HUMAN:sp|Q14146|URB2_HUMAN:sp|Q9NU23|LYRM2_HUMAN:sp|Q9NRC6|SPTN5_HUMAN:sp|Q9Y6D6|BIG1_HUMAN:sp|Q96IY1|NSL1_HUMAN:sp|Q9Y4C1|KDM3A_HUMAN:sp|Q2VPK5|CTU2_HUMAN:sp|O94759|TRPM2_HUMAN:sp|Q8IWI9|MGAP_HUMAN:sp|O00231|PSD11_HUMAN:sp|Q8IWY4|SCUB1_HUMAN:sp|P11388|TOP2A_HUMAN:sp|P51795|CLCN5_HUMAN:sp|Q96S65|CSRN1_HUMAN:sp|P15408|FOSL2_HUMAN:sp|A2RTY3|HEAT9_HUMAN:sp|Q8IUR7|ARMC8_HUMAN:sp|P46060|RAGP1_HUMAN:sp|Q6ZT07|TBCD9_HUMAN:sp|O60885|BRD4_HUMAN:sp|Q8IVS2|FABD_HUMAN:sp|Q8NDW8|TT21A_HUMAN:sp|Q63HN8|RN213_HUMAN:sp|Q9BQA9|CYBC1_HUMAN:sp|P20742|PZP_HUMAN:sp|Q70CQ4|UBP31_HUMAN:sp|Q7Z3U7|MON2_HUMAN:sp|O14544|SOCS6_HUMAN:sp|B9A014|F243A_HUMAN:sp|Q9BSH5|HDHD3_HUMAN:sp|O14795|UN13B_HUMAN:sp|A6NCL1|GEMC1_HUMAN:sp|Q7Z5Y6|BMP8A_HUMAN:sp|Q9ULA0|DNPEP_HUMAN:sp|P62847|RS24_HUMAN:sp|Q9Y586|MB212_HUMAN:sp|Q08AM6|VAC14_HUMAN:sp|Q14571|ITPR2_HUMAN:sp|Q9HCH5|SYTL2_HUMAN:sp|Q03164|KMT2A_HUMAN:sp|Q86UU0|BCL9L_HUMAN:sp|Q86YB8|ERO1B_HUMAN:sp|Q92736|RYR2_HUMAN:sp|Q8TD10|MIPO1_HUMAN:sp|Q6P1M0|S27A4_HUMAN,DeepNovo
K(+42.01)PAAKKALL,28.69,980.6382,9,55.6,9,1.7,491.32724,2,34.8300,5.5300,0.10,13287,HFX193_IPP292_GEL_CRC_324_Even.raw,3.35E5,3.27E6,1,1,1,1,"Acetylation (N-term)",,1 0 0 0 3 2 4 8 5,K(+42.01)PAAKKALL,sp|P25205|MCM3_HUMAN:sp|Q8NBP0|TTC13_HUMAN:sp|Q86TI0|TBCD1_HUMAN:sp|P20929|NEBU_HUMAN:sp|Q13029|PRDM2_HUMAN:sp|Q99798|ACON_HUMAN:sp|Q96IC2|REXO5_HUMAN:sp|P11055|MYH3_HUMAN:sp|O75843|AP1G2_HUMAN:sp|O95696|BRD1_HUMAN:sp|Q9HCD6|TANC2_HUMAN:sp|Q5TBB1|RNH2B_HUMAN:sp|Q5TF39|MFS4B_HUMAN:sp|Q16570|ACKR1_HUMAN:sp|Q9C0G6|DYH6_HUMAN:sp|Q969Z4|TR19L_HUMAN:sp|Q5TZA2|CROCC_HUMAN:sp|Q14195|DPYL3_HUMAN:sp|Q9BQW3|COE4_HUMAN:sp|Q9ULM6|CNOT6_HUMAN:sp|Q8NHQ1|CEP70_HUMAN:sp|Q96MK2|RIPR3_HUMAN:sp|Q9BVJ6|UT14A_HUMAN:sp|Q92797|SYMPK_HUMAN:sp|Q9BZH6|WDR11_HUMAN:sp|P29084|T2EB_HUMAN:sp|Q9NYH9|UTP6_HUMAN:sp|Q9P246|STIM2_HUMAN:tr|A0A1B0GUV8|A0A1B0GUV8_HUMAN:sp|Q8IWC1|MA7D3_HUMAN:sp|Q9NY61|AATF_HUMAN:sp|Q8NDH2|CC168_HUMAN:sp|Q8N7X4|MAGB6_HUMAN:sp|Q6KC79|NIPBL_HUMAN:sp|Q9H313|TTYH1_HUMAN:sp|A6NHA9|O4C46_HUMAN:sp|Q5RL73|RBM48_HUMAN:sp|Q86VU5|CMTD1_HUMAN:sp|Q6IWH7|ANO7_HUMAN:sp|O00141|SGK1_HUMAN:sp|Q3B7T1|EDRF1_HUMAN:sp|Q8NFH4|NUP37_HUMAN:sp|O94760|DDAH1_HUMAN:sp|O00482|NR5A2_HUMAN:sp|Q9NXE4|NSMA3_HUMAN:sp|Q5HYW3|RTL5_HUMAN:sp|O60869|EDF1_HUMAN:sp|A8MUP6|GS1L2_HUMAN:sp|A6NMY6|AXA2L_HUMAN:sp|Q9NZM3|ITSN2_HUMAN:sp|Q92783|STAM1_HUMAN:sp|Q15021|CND1_HUMAN:sp|Q5JVG2|ZN484_HUMAN:sp|Q9Y6N6|LAMC3_HUMAN:sp|Q8TD22|SFXN5_HUMAN:sp|Q8WZ64|ARAP2_HUMAN:sp|P11047|LAMC1_HUMAN:sp|Q9UFH2|DYH17_HUMAN:sp|Q92802|N42L2_HUMAN:sp|Q9C0H2|TTYH3_HUMAN:sp|O15217|GSTA4_HUMAN:sp|O95237|LRAT_HUMAN:sp|Q15477|SKI2_HUMAN:sp|Q5T953|IER5L_HUMAN:sp|Q4VXU2|PAP1L_HUMAN:sp|O43247|TEX33_HUMAN:sp|P49588|SYAC_HUMAN:sp|P52758|RIDA_HUMAN:sp|O94988|FA13A_HUMAN:sp|Q9ULJ3|ZBT21_HUMAN:sp|Q9NS73|MBIP1_HUMAN:sp|Q9NRC6|SPTN5_HUMAN:sp|A6NC98|CC88B_HUMAN:sp|Q5UE93|PI3R6_HUMAN:sp|P38935|SMBP2_HUMAN:sp|Q9ULL1|PKHG1_HUMAN:sp|Q9UJD0|RIMS3_HUMAN:sp|Q9UBP0|SPAST_HUMAN:sp|Q9BUQ8|DDX23_HUMAN:sp|Q9NPI9|KCJ16_HUMAN:sp|O94759|TRPM2_HUMAN:sp|Q70CQ2|UBP34_HUMAN:sp|Q8NGR9|OR1N2_HUMAN:sp|Q8IYX4|DND1_HUMAN:sp|O75962|TRIO_HUMAN:sp|P31639|SC5A2_HUMAN:sp|Q92896|GSLG1_HUMAN:sp|P52732|KIF11_HUMAN:sp|Q9H8H2|DDX31_HUMAN:sp|P02458|CO2A1_HUMAN:sp|Q9NQR1|KMT5A_HUMAN:sp|Q9H081|MIS12_HUMAN:sp|Q9H9B4|SFXN1_HUMAN:sp|Q99543|DNJC2_HUMAN:sp|Q8NH61|O51F2_HUMAN:sp|Q9ULK6|RN150_HUMAN:sp|Q9HCE3|ZN532_HUMAN:sp|Q8NGN6|O10G7_HUMAN:sp|Q8TF17|S3TC2_HUMAN:sp|Q8NFZ3|NLGNY_HUMAN:sp|Q8NDW8|TT21A_HUMAN:sp|Q96LA8|ANM6_HUMAN:sp|A6NC97|F172B_HUMAN:sp|P05186|PPBT_HUMAN:sp|Q1MSJ5|CSPP1_HUMAN:sp|Q9Y623|MYH4_HUMAN:sp|O75864|PPR37_HUMAN:sp|O14626|GP171_HUMAN:sp|Q96NG3|ODAD4_HUMAN:sp|Q9H4Z2|ZN335_HUMAN:sp|Q03111|ENL_HUMAN:sp|Q9H6A9|PCX3_HUMAN:sp|Q9ULE4|F184B_HUMAN:sp|Q9Y6X9|MORC2_HUMAN:sp|O75330|HMMR_HUMAN:sp|Q9UKU0|ACSL6_HUMAN:sp|Q16821|PPR3A_HUMAN:sp|P33121|ACSL1_HUMAN:sp|Q8NCM8|DYHC2_HUMAN:sp|Q13098|CSN1_HUMAN,DeepNovo
K(+42.01)PALKVV,28.46,795.5218,7,71.4,7,2.5,398.76917,2,48.1919,19.1919,0.34,18717,HFX193_IPP292_GEL_CRC_324_Odd.raw,,,1,1,0,0,"Acetylation (N-term)",,1 1 4 3 3 5 5,K(+42.01)PALKVV,sp|Q9BXA6|TSSK6_HUMAN:sp|Q9BWH6|RPAP1_HUMAN:sp|Q86XJ1|GA2L3_HUMAN:sp|O60290|ZN862_HUMAN:sp|Q8TF68|ZN384_HUMAN:sp|O00748|EST2_HUMAN:sp|A6NNL5|CO061_HUMAN:sp|P51788|CLCN2_HUMAN:sp|P48230|T4S4_HUMAN:sp|P0C7V6|SP202_HUMAN:sp|Q9P1Q0|VPS54_HUMAN:sp|Q13428|TCOF_HUMAN:sp|Q13740|CD166_HUMAN:sp|Q2T9J0|TYSD1_HUMAN:sp|P40429|RL13A_HUMAN:sp|Q9Y232|CDYL_HUMAN:sp|Q14241|ELOA1_HUMAN:sp|Q9UPE1|SRPK3_HUMAN:sp|Q96L91|EP400_HUMAN:sp|Q6PEX7|TEX38_HUMAN:sp|Q9Y6B7|AP4B1_HUMAN:sp|Q9P0N9|TBCD7_HUMAN:sp|Q9UM73|ALK_HUMAN:sp|P57772|SELB_HUMAN:sp|Q96PE1|AGRA2_HUMAN:sp|O14709|ZN197_HUMAN:sp|Q5TCS8|KAD9_HUMAN:sp|Q15714|T22D1_HUMAN:sp|A6NE52|WDR97_HUMAN:sp|Q5JPF3|AN36C_HUMAN:sp|Q9UKF6|CPSF3_HUMAN:sp|A8K0R7|ZN839_HUMAN:sp|Q9ULK4|MED23_HUMAN:sp|Q7L590|MCM10_HUMAN:sp|Q9H307|PININ_HUMAN:sp|Q6P988|NOTUM_HUMAN:sp|O14638|ENPP3_HUMAN:sp|P40121|CAPG_HUMAN:sp|Q5JRX3|PREP_HUMAN:sp|Q6NVV1|R13P3_HUMAN:sp|P48995|TRPC1_HUMAN:sp|Q6ZRC1|CD050_HUMAN:sp|P51825|AFF1_HUMAN:sp|Q99728|BARD1_HUMAN:sp|Q969Z0|FAKD4_HUMAN:sp|Q14008|CKAP5_HUMAN:sp|Q13368|MPP3_HUMAN:sp|Q99471|PFD5_HUMAN:sp|Q8NBU5|ATAD1_HUMAN:sp|O95433|AHSA1_HUMAN:sp|Q8IZD9|DOCK3_HUMAN:sp|Q8TE77|SSH3_HUMAN:sp|Q86VV8|RTTN_HUMAN:sp|Q13214|SEM3B_HUMAN:sp|Q9H334|FOXP1_HUMAN:sp|O95622|ADCY5_HUMAN:sp|Q96RV3|PCX1_HUMAN:sp|Q16620|NTRK2_HUMAN:sp|Q8TE67|ES8L3_HUMAN:sp|Q7Z6L0|PRRT2_HUMAN:sp|Q9UL41|PNMA3_HUMAN:sp|O95793|STAU1_HUMAN:sp|Q8N2N9|AN36B_HUMAN:sp|O60462|NRP2_HUMAN:sp|Q07283|TRHY_HUMAN:sp|Q9NX65|ZSC32_HUMAN:sp|P82650|RT22_HUMAN:sp|Q9HBR0|S38AA_HUMAN:sp|O75643|U520_HUMAN:sp|O75923|DYSF_HUMAN:sp|Q96RL7|VP13A_HUMAN:sp|Q86US8|EST1A_HUMAN:sp|Q96M86|DNHD1_HUMAN:sp|Q9UHB9|SRP68_HUMAN:sp|P98160|PGBM_HUMAN:sp|Q96QF7|GCNA_HUMAN:sp|P35580|MYH10_HUMAN:sp|P04179|SODM_HUMAN:sp|Q7Z3B3|KANL1_HUMAN:sp|Q8TF74|WIPF2_HUMAN:sp|Q8IX03|KIBRA_HUMAN:sp|Q9HBM0|VEZA_HUMAN:sp|A6QL64|AN36A_HUMAN:sp|Q9UJY4|GGA2_HUMAN:sp|Q9ULK6|RN150_HUMAN:sp|Q96EY7|PTCD3_HUMAN:sp|Q8NE71|ABCF1_HUMAN:sp|Q9P267|MBD5_HUMAN:sp|O75182|SIN3B_HUMAN:sp|Q9NS93|TM7S3_HUMAN:sp|Q9H1H9|KI13A_HUMAN:sp|Q9NQT8|KI13B_HUMAN:sp|Q9H9B1|EHMT1_HUMAN:sp|P11137|MTAP2_HUMAN:sp|O14782|KIF3C_HUMAN:sp|Q96ST2|IWS1_HUMAN:sp|P01034|CYTC_HUMAN:sp|Q86VR2|RETR3_HUMAN:sp|P09544|WNT2_HUMAN:sp|O60524|NEMF_HUMAN:sp|Q96PN7|TREF1_HUMAN:sp|Q14814|MEF2D_HUMAN:sp|Q6P9G9|ZN449_HUMAN:sp|P51687|SUOX_HUMAN:sp|Q96BY2|MOAP1_HUMAN,DeepNovo
K(+42.01)PAPLLKKGGPLK,40.74,1387.8915,13,30.8,13,-1.5,347.97961,4,24.6253,-0.7747,0.06,9126,HFX193_IPP292_GEL_CRC_324_Even.raw,7.08E6,3.98E7,3,3,2,2,"Acetylation (N-term)",,0 0 0 0 0 0 1 22 0 0 15 15 5,K(+42.01)PAPLLKKGGPLK,sp|Q92499|DDX1_HUMAN:sp|Q9NYF5|FA13B_HUMAN:sp|Q6ZMW3|EMAL6_HUMAN:sp|P17858|PFKAL_HUMAN:sp|Q9H6Y2|WDR55_HUMAN:sp|Q8N2Q7|NLGN1_HUMAN:sp|Q9Y6Q1|CAN6_HUMAN:sp|Q9UIU6|SIX4_HUMAN:sp|Q9H3H1|MOD5_HUMAN:sp|O43278|SPIT1_HUMAN:sp|Q9P243|ZFAT_HUMAN:sp|P09619|PGFRB_HUMAN:sp|A0A0B4J273|TVA34_HUMAN:sp|P28370|SMCA1_HUMAN:sp|Q86YV9|HPS6_HUMAN:sp|Q5VYJ5|MALR1_HUMAN:sp|P0DTE5|UD2A2_HUMAN:sp|Q70EL2|UBP45_HUMAN:sp|Q9BXK5|B2L13_HUMAN:sp|P48552|NRIP1_HUMAN:sp|P35269|T2FA_HUMAN:sp|Q9NSK0|KLC4_HUMAN:sp|Q8NFD5|ARI1B_HUMAN:sp|Q13308|PTK7_HUMAN:sp|Q5T2W1|NHRF3_HUMAN:sp|Q9NUT2|MITOS_HUMAN:sp|Q9UPA5|BSN_HUMAN:sp|Q8IYF1|ELOA2_HUMAN:sp|Q8TAF8|LHPL5_HUMAN:sp|Q15928|ZN141_HUMAN:sp|Q15643|TRIPB_HUMAN:sp|O43921|EFNA2_HUMAN:sp|Q9UNY4|TTF2_HUMAN:sp|Q8N1W1|ARG28_HUMAN:ZBTB20_DEL_G-p.P692Lfs*43_::chr3:114338656-114339656_frame=3:sp|A6NNA5|DRGX_HUMAN:sp|Q96JP2|MY15B_HUMAN:sp|Q96RQ3|MCCA_HUMAN:sp|Q8N7Z5|ANR31_HUMAN:sp|P21741|MK_HUMAN:sp|Q6ZSZ5|ARHGI_HUMAN:sp|Q8TDM6|DLG5_HUMAN:sp|Q9Y2D0|CAH5B_HUMAN:sp|Q3V5L5|MGT5B_HUMAN:sp|Q5VZ89|DEN4C_HUMAN:sp|Q8WUF8|F172A_HUMAN:sp|Q5T5N4|CF118_HUMAN:sp|Q9BXP2|S12A9_HUMAN:sp|Q05BV3|EMAL5_HUMAN:sp|Q0GE19|NTCP7_HUMAN:sp|O15037|KHNYN_HUMAN:sp|Q9HAB8|PPCS_HUMAN:sp|Q6ZN28|MACC1_HUMAN:sp|Q6MZZ7|CAN13_HUMAN:sp|P09661|RU2A_HUMAN:sp|Q15742|NAB2_HUMAN:sp|Q15042|RB3GP_HUMAN:sp|Q15011|HERP1_HUMAN:sp|Q9NW81|DMAC2_HUMAN:sp|Q06455|MTG8_HUMAN:sp|O43424|GRID2_HUMAN:sp|Q6UXR6|YI004_HUMAN:sp|P17948|VGFR1_HUMAN:sp|Q9P2M4|TBC14_HUMAN:sp|Q9BXF6|RFIP5_HUMAN:sp|Q9P016|THYN1_HUMAN:sp|Q8WZ42|TITIN_HUMAN:sp|Q8IV53|DEN1C_HUMAN:sp|O14497|ARI1A_HUMAN:sp|Q9UPC5|GPR34_HUMAN:sp|Q6P9A2|GLT18_HUMAN:sp|Q13467|FZD5_HUMAN:sp|P78527|PRKDC_HUMAN:sp|O15417|TNC18_HUMAN:sp|D6REC4|CFA99_HUMAN:sp|O14686|KMT2D_HUMAN:sp|O43390|HNRPR_HUMAN:DDX27_DEL_A-p.K660Rfs*4_::chr20:49241467-49242467_frame=-3:sp|Q9ULL1|PKHG1_HUMAN:sp|P01130|LDLR_HUMAN:sp|Q9NU22|MDN1_HUMAN:sp|A5PLK6|RGSL_HUMAN:sp|O75592|MYCB2_HUMAN:sp|Q15475|SIX1_HUMAN:sp|O96019|ACL6A_HUMAN:sp|Q8IXJ9|ASXL1_HUMAN:sp|Q12923|PTN13_HUMAN:sp|Q96M86|DNHD1_HUMAN:sp|O75962|TRIO_HUMAN:sp|O60337|MARH6_HUMAN:sp|Q14669|TRIPC_HUMAN:sp|O60347|TBC12_HUMAN:tr|A0A590UK10|A0A590UK10_HUMAN:sp|P08047|SP1_HUMAN:sp|Q96MC9|CA147_HUMAN:sp|Q13206|DDX10_HUMAN:sp|P98171|RHG04_HUMAN:sp|P22607|FGFR3_HUMAN:sp|P53990|IST1_HUMAN:sp|Q9UIG0|BAZ1B_HUMAN:sp|Q12955|ANK3_HUMAN:sp|Q9NPC8|SIX2_HUMAN:sp|Q9H5J0|ZBTB3_HUMAN:sp|Q15059|BRD3_HUMAN:sp|Q12802|AKP13_HUMAN:sp|Q13506|NAB1_HUMAN:sp|Q13023|AKAP6_HUMAN:sp|Q14416|GRM2_HUMAN:sp|O43184|ADA12_HUMAN:WDR55_DEL_A-p.K341Rfs*8_::chr5:140669017-140670017_frame=1:sp|Q5CZC0|FSIP2_HUMAN:sp|P00918|CAH2_HUMAN:sp|P37275|ZEB1_HUMAN:sp|P34913|HYES_HUMAN:sp|Q8IZC6|CORA1_HUMAN:sp|Q9BSU3|NAA11_HUMAN:sp|Q6TCH4|PAQR6_HUMAN:sp|Q86V85|GP180_HUMAN,DeepNovo
K(+42.01)PGPKKDVETFKAKGK,62.77,1799.0305,16,18.8,16,1.1,600.68475,3,22.7752,5.9752,0.13,8455,HFX193_IPP292_GEL_CRC_324_Even.raw,4.36E6,1.3E7,3,3,2,2,"Acetylation (N-term)",,0 0 0 4 4 1 0 0 0 0 0 2 1 1 0 0,K(+42.01)PGPKKDVETFKAKGK,sp|Q92743|HTRA1_HUMAN:sp|Q6ZMV5|P4R3C_HUMAN:sp|Q8N292|GAPT_HUMAN:tr|A0A075B7D8|A0A075B7D8_HUMAN:sp|O00294|TULP1_HUMAN:sp|Q9UMQ3|BARX2_HUMAN:sp|Q9P2J5|SYLC_HUMAN:sp|Q9Y6X0|SETBP_HUMAN:sp|P0C6C1|AN34C_HUMAN:sp|P23142|FBLN1_HUMAN:sp|Q9P0K8|FOXJ2_HUMAN:sp|Q9P2H0|CE126_HUMAN:sp|P20929|NEBU_HUMAN:sp|Q9BV73|CP250_HUMAN:sp|Q9UHV9|PFD2_HUMAN:sp|Q5VU36|S31A5_HUMAN:sp|Q9Y6Q5|AP1M2_HUMAN:sp|Q5T0N5|FBP1L_HUMAN:sp|Q5TZJ5|S31A1_HUMAN:sp|P20671|H2A1D_HUMAN:sp|Q6NSJ2|PHLB3_HUMAN:sp|Q5TEJ8|THMS2_HUMAN:sp|O15417|TNC18_HUMAN:sp|P19174|PLCG1_HUMAN:sp|Q969G9|NKD1_HUMAN:sp|O43280|TREA_HUMAN:sp|P04908|H2A1B_HUMAN:sp|Q5VYP0|S31A3_HUMAN:sp|Q6Q759|SPG17_HUMAN:sp|O60841|IF2P_HUMAN:sp|Q96E11|RRFM_HUMAN:sp|Q5TIE3|VW5B1_HUMAN:sp|Q96RG2|PASK_HUMAN:sp|Q9H5I5|PIEZ2_HUMAN:sp|Q96L91|EP400_HUMAN:sp|A8MQ27|NEU1B_HUMAN:sp|Q96JA4|M4A14_HUMAN:sp|P28715|ERCC5_HUMAN:sp|P62424|RL7A_HUMAN:sp|Q7L7L0|H2A3_HUMAN:sp|O95931|CBX7_HUMAN:sp|Q9UBL6|CPNE7_HUMAN:sp|Q6FI13|H2A2A_HUMAN:sp|O15055|PER2_HUMAN:sp|P11388|TOP2A_HUMAN:sp|O00203|AP3B1_HUMAN:sp|P16333|NCK1_HUMAN:sp|P52630|STAT2_HUMAN:sp|P35498|SCN1A_HUMAN:sp|P04279|SEMG1_HUMAN:sp|Q9NRM1|ENAM_HUMAN:sp|Q9P281|BAHC1_HUMAN:sp|Q9BSJ5|CQ080_HUMAN:sp|P01861|IGHG4_HUMAN:sp|Q86TZ1|TTC6_HUMAN:tr|A0A5F9ZGZ6|A0A5F9ZGZ6_HUMAN:sp|Q5VVP1|S31A6_HUMAN:sp|Q7L190|DPPA4_HUMAN:sp|Q8NDH2|CC168_HUMAN:sp|Q9NQR1|KMT5A_HUMAN:sp|P57771|RGS8_HUMAN:sp|Q9P273|TEN3_HUMAN:sp|O95922|TTLL1_HUMAN:sp|A5YM69|ARG35_HUMAN:sp|Q96BH1|RNF25_HUMAN:tr|A0A2R8YFR7|A0A2R8YFR7_HUMAN:sp|Q12774|ARHG5_HUMAN:sp|Q96MS0|ROBO3_HUMAN:sp|A5PLL1|AN34B_HUMAN:sp|Q96IW7|SC22A_HUMAN:sp|Q8IWB4|S31A7_HUMAN:sp|Q5SNV9|CA167_HUMAN:sp|Q92793|CBP_HUMAN:sp|Q8TE58|ATS15_HUMAN:sp|Q9P2P6|STAR9_HUMAN:sp|P35270|SPRE_HUMAN:sp|Q9Y3C1|NOP16_HUMAN:sp|Q99704|DOK1_HUMAN:sp|B4DYI2|S31C2_HUMAN:sp|Q9ULT0|TTC7A_HUMAN:sp|Q15006|EMC2_HUMAN:sp|P0C0S8|H2A1_HUMAN:MSH3_DEL_A-p.K383Rfs*32_::chr5:80674596-80675596_frame=3:sp|Q93077|H2A1C_HUMAN:sp|Q10589|BST2_HUMAN:sp|P0DKV0|S31C1_HUMAN:sp|Q03164|KMT2A_HUMAN:sp|Q9HCM4|E41L5_HUMAN:sp|A3KMH1|VWA8_HUMAN:sp|Q7Z2Z2|EFL1_HUMAN:sp|B2RPK0|HGB1A_HUMAN:sp|Q9BX40|LS14B_HUMAN:sp|O75908|SOAT2_HUMAN:sp|P01857|IGHG1_HUMAN,DeepNovo
K(+42.01)PHKVV,16.52,748.4595,6,100.0,6,0.2,375.23712,2,28.1343,14.0343,0.17,10568,HFX193_IPP292_GEL_CRC_324_Even.raw,8.48E5,5.01E6,2,2,2,2,"Acetylation (N-term)",,2 2 3 3 22 5,K(+42.01)PHKVV,,DeepNovo
K(+42.01)PKKLV,16.09,753.5112,6,100.0,6,1.2,377.76334,2,29.6212,2.4212,0.19,11175,HFX193_IPP292_GEL_CRC_324_Even.raw,1.15E5,1.53E6,1,1,1,1,"Acetylation (N-term)",,5 2 6 5 5 5,K(+42.01)PKKLV,sp|P05452|TETN_HUMAN:sp|P19827|ITIH1_HUMAN:sp|Q8N543|OGFD1_HUMAN:sp|Q14139|UBE4A_HUMAN:sp|Q8NHP7|EXD1_HUMAN:sp|P05556|ITB1_HUMAN:sp|Q6WRI0|IGS10_HUMAN:sp|Q06033|ITIH3_HUMAN:sp|O60306|AQR_HUMAN,DB Search
K(+42.01)PKKLVV,20.31,852.5797,7,71.4,7,1.8,427.29788,2,33.6430,5.4430,0.31,12817,HFX193_IPP292_GEL_CRC_324_Even.raw,5.72E5,4.67E6,1,1,1,1,"Acetylation (N-term)",,4 3 4 0 1 8 5,K(+42.01)PKKLVV,,DeepNovo
K(+42.01)Q(+0.98)Q(+0.98)GGTRVL,42.20,1029.5454,9,77.8,9,0.6,515.78033,2,38.3911,14.7911,0.42,14727,HFX193_IPP292_GEL_CRC_324_Even.raw,1.23E6,9.62E6,1,1,1,1,"Acetylation (N-term);Deamidation (NQ);Deamidation (NQ)",,5 17 19 0 0 5 3 3 5,K(+42.01)Q(+0.98)Q(+0.98)GGTRVL,,DeepNovo
K(+42.01)RALLEKY,27.56,1061.6233,8,62.5,8,1.3,354.88217,3,37.4940,5.8940,0.39,14386,HFX193_IPP292_GEL_CRC_324_Odd.raw,,,2,2,0,0,"Acetylation (N-term)",,0 0 1 25 9 9 4 4,K(+42.01)RALLEKY,sp|Q8N283|ANR35_HUMAN:sp|P48637|GSHB_HUMAN:sp|Q8IVG5|SAM9L_HUMAN:sp|P16157|ANK1_HUMAN:sp|Q8ND23|CARL3_HUMAN:sp|O43173|SIA8C_HUMAN:sp|Q9NWM0|SMOX_HUMAN:sp|Q13492|PICAL_HUMAN:sp|P51959|CCNG1_HUMAN:sp|P00439|PH4H_HUMAN:sp|Q59EK9|RUN3A_HUMAN:sp|Q8IVB4|SL9A9_HUMAN:sp|Q86YV9|HPS6_HUMAN:sp|O75843|AP1G2_HUMAN:sp|Q5TCZ1|SPD2A_HUMAN:sp|Q9P225|DYH2_HUMAN:sp|O75935|DCTN3_HUMAN:sp|Q15835|GRK1_HUMAN:sp|P43246|MSH2_HUMAN:sp|Q96Q35|FACC1_HUMAN:sp|Q9NYC9|DYH9_HUMAN:sp|A8MYV0|DCD2C_HUMAN:sp|P98175|RBM10_HUMAN:sp|Q495D7|CL036_HUMAN:sp|P35498|SCN1A_HUMAN:sp|Q99250|SCN2A_HUMAN:sp|Q6YHU6|THADA_HUMAN:sp|Q8WVN8|UB2Q2_HUMAN:sp|P21359|NF1_HUMAN:sp|P02771|FETA_HUMAN:sp|A6NE52|WDR97_HUMAN:sp|Q14573|ITPR3_HUMAN:sp|Q15811|ITSN1_HUMAN:sp|Q5SWL8|PRA19_HUMAN:sp|Q9H3R1|NDST4_HUMAN:sp|Q8N6N7|ACBD7_HUMAN:sp|P28222|5HT1B_HUMAN:sp|Q5VWM6|PRA13_HUMAN:sp|Q96SF2|TCPQM_HUMAN:sp|P52292|IMA1_HUMAN:sp|Q5VTA0|PRA17_HUMAN:sp|O75165|DJC13_HUMAN:sp|Q9NXD2|MTMRA_HUMAN:sp|Q8IXH6|T53I2_HUMAN:sp|O00222|GRM8_HUMAN:sp|Q9P2J8|ZN624_HUMAN:sp|Q6ZMG9|CERS6_HUMAN:sp|A2A3K4|PTPC1_HUMAN:sp|P14324|FPPS_HUMAN:sp|Q8NCD3|HJURP_HUMAN:sp|P61011|SRP54_HUMAN:sp|Q99575|POP1_HUMAN:sp|A2RU49|HYKK_HUMAN:sp|Q86XA9|HTR5A_HUMAN:sp|P78559|MAP1A_HUMAN:sp|Q14134|TRI29_HUMAN:sp|Q6IC98|GRAM4_HUMAN:sp|O15031|PLXB2_HUMAN:sp|Q96QB1|RHG07_HUMAN:sp|A6NM43|TCPQL_HUMAN:sp|O15442|MPPD1_HUMAN:sp|Q15858|SCN9A_HUMAN:sp|Q8N5C6|SRBD1_HUMAN:sp|Q9ULH0|KDIS_HUMAN:sp|Q9H898|ZMAT4_HUMAN:sp|P49419|AL7A1_HUMAN:sp|Q01970|PLCB3_HUMAN:sp|O15213|WDR46_HUMAN:sp|O14980|XPO1_HUMAN:sp|Q9ULJ7|ANR50_HUMAN:sp|Q8N4Y2|EFC4A_HUMAN:sp|O43422|P52K_HUMAN:sp|Q9BY66|KDM5D_HUMAN:sp|O94906|PRP6_HUMAN:sp|Q8TF05|PP4R1_HUMAN:sp|Q00839|HNRPU_HUMAN:sp|Q13936|CAC1C_HUMAN:sp|O60231|DHX16_HUMAN:sp|Q9NRC6|SPTN5_HUMAN:sp|Q8IYM0|F186B_HUMAN:sp|Q13523|PRP4B_HUMAN:sp|Q9NW38|FANCL_HUMAN:sp|O95456|PSMG1_HUMAN:sp|Q5TB80|CE162_HUMAN:sp|Q96IY1|NSL1_HUMAN:sp|Q9UQQ1|NALDL_HUMAN:sp|Q9UMQ6|CAN11_HUMAN:sp|Q9BUQ8|DDX23_HUMAN:sp|Q9P2D1|CHD7_HUMAN:sp|Q9P2L0|WDR35_HUMAN:sp|Q9NQ66|PLCB1_HUMAN:sp|Q96BQ5|CC127_HUMAN:sp|Q3L8U1|CHD9_HUMAN:sp|Q8IYR0|CF206_HUMAN:sp|Q9Y613|FHOD1_HUMAN:sp|Q56P42|PYDC2_HUMAN:sp|O43149|ZZEF1_HUMAN:sp|A5YM72|CRNS1_HUMAN:sp|Q6WRI0|IGS10_HUMAN:sp|Q8IY33|MILK2_HUMAN:sp|P00973|OAS1_HUMAN:sp|Q8NFZ5|TNIP2_HUMAN:sp|Q9BZC7|ABCA2_HUMAN:sp|Q8TF17|S3TC2_HUMAN:sp|Q3KR37|ASTRB_HUMAN:sp|O60336|MABP1_HUMAN:sp|A6NC97|F172B_HUMAN:sp|Q05D60|DEUP1_HUMAN:sp|Q9UKG9|OCTC_HUMAN:sp|P50607|TUB_HUMAN:sp|Q9UKI8|TLK1_HUMAN:sp|Q86X02|CDR2L_HUMAN:sp|Q8TD26|CHD6_HUMAN:sp|P53804|TTC3_HUMAN:sp|P11166|GTR1_HUMAN:sp|Q969S9|RRF2M_HUMAN:sp|Q14571|ITPR2_HUMAN:sp|Q9NRN9|METL5_HUMAN:sp|Q8TDW7|FAT3_HUMAN:sp|Q9GZV1|ANKR2_HUMAN,DeepNovo
K(+42.01)RDALK,20.88,771.4603,6,100.0,6,0.8,386.73770,2,27.2110,20.9110,0.89,10195,HFX193_IPP292_GEL_CRC_324_Odd.raw,1.07E6,7.99E6,2,2,2,2,"Acetylation (N-term)",,3 3 3 25 34 5,K(+42.01)RDALK,sp|Q96A99|PTX4_HUMAN:sp|Q7Z6P3|RAB44_HUMAN:sp|Q96M86|DNHD1_HUMAN:sp|O95259|KCNH1_HUMAN,DB Search
K(+42.01)REPEHPVLL,59.81,1258.7034,10,60.0,10,0.9,630.35950,2,44.2404,-10.7596,0.56,17099,HFX193_IPP292_GEL_CRC_324_Even.raw,2.43E6,1.57E7,1,1,1,1,"Acetylation (N-term)",,0 0 0 0 8 22 27 27 28 5,K(+42.01)REPEHPVLL,sp|Q587J7|TDR12_HUMAN:sp|P60709|ACTB_HUMAN:sp|Q7Z4S6|KI21A_HUMAN:sp|P63261|ACTG_HUMAN:sp|Q96LT9|RNPC3_HUMAN:sp|P61163|ACTZ_HUMAN:sp|Q86YD5|LRAD3_HUMAN:sp|Q8NBJ7|SUMF2_HUMAN:sp|O15360|FANCA_HUMAN:sp|P42025|ACTY_HUMAN:sp|Q6ZRQ5|MMS22_HUMAN:sp|Q06278|AOXA_HUMAN:sp|O95340|PAPS2_HUMAN:sp|Q12802|AKP13_HUMAN:sp|Q7L8L6|FAKD5_HUMAN:sp|Q9H488|OFUT1_HUMAN:sp|P98088|MUC5A_HUMAN:sp|Q13564|ULA1_HUMAN:sp|Q6W2J9|BCOR_HUMAN:sp|Q9H8H0|NOL11_HUMAN:BAX_DEL_G-p.E41Rfs*19_::chr19:48955214-48956214_frame=1:sp|A5A3E0|POTEF_HUMAN:sp|Q96JE7|SC16B_HUMAN:sp|O00303|EIF3F_HUMAN:sp|Q9Y4B4|ARIP4_HUMAN:sp|Q13591|SEM5A_HUMAN,DeepNovo
K(+42.01)RGKVLKSV,36.25,1055.6815,9,66.7,9,0.7,352.90134,3,30.0339,10.3339,0.36,11356,HFX193_IPP292_GEL_CRC_324_Even.raw,2.25E5,2.7E6,1,1,1,1,"Acetylation (N-term)",,1 0 0 5 9 6 5 2 4,K(+42.01)RGKVLKSV,sp|A4QPH2|PI4P2_HUMAN:sp|Q6ZN16|M3K15_HUMAN:sp|Q7Z6I6|RHG30_HUMAN:sp|Q9UIU6|SIX4_HUMAN:sp|Q8TCN5|ZN507_HUMAN:sp|Q13535|ATR_HUMAN:sp|P02144|MYG_HUMAN:sp|O75843|AP1G2_HUMAN:sp|Q9Y2T5|GPR52_HUMAN:sp|O75382|TRIM3_HUMAN:sp|Q9P299|COPZ2_HUMAN:sp|Q96ST8|CEP89_HUMAN:sp|Q9H3Y6|SRMS_HUMAN:sp|Q5MAI5|CDKL4_HUMAN:sp|Q6P0Q8|MAST2_HUMAN:sp|Q9H4I2|ZHX3_HUMAN:sp|Q12766|HMGX3_HUMAN:MIS18BP1_DEL_T-p.K157Nfs*24_::chr14:45246316-45247316_frame=3:sp|A4UGR9|XIRP2_HUMAN:sp|O75061|AUXI_HUMAN:sp|Q96QE3|ATAD5_HUMAN:sp|O15056|SYNJ2_HUMAN:sp|Q01804|OTUD4_HUMAN:sp|Q9GZU2|PEG3_HUMAN:sp|Q86WI1|PKHL1_HUMAN:sp|Q9ULI4|KI26A_HUMAN:sp|Q6MZW2|FSTL4_HUMAN:sp|O60306|AQR_HUMAN:sp|Q86YF9|DZIP1_HUMAN:sp|Q99680|GPR22_HUMAN:sp|P0CW00|TSPY8_HUMAN:sp|Q08554|DSC1_HUMAN:sp|O43592|XPOT_HUMAN:sp|P40198|CEAM3_HUMAN:sp|Q99707|METH_HUMAN:sp|Q14573|ITPR3_HUMAN:sp|P13984|T2FB_HUMAN:sp|Q5T8D3|ACBD5_HUMAN:sp|Q96H79|ZCCHL_HUMAN:sp|O95674|CDS2_HUMAN:sp|Q2KJY2|KI26B_HUMAN:sp|Q14674|ESPL1_HUMAN:sp|P0CV99|TSPY4_HUMAN:sp|P51531|SMCA2_HUMAN:sp|Q9P2P6|STAR9_HUMAN:sp|P48735|IDHP_HUMAN:sp|Q66K14|TBC9B_HUMAN:sp|O15397|IPO8_HUMAN:sp|A0A494C1R9|TSPY9_HUMAN:sp|Q8NER5|ACV1C_HUMAN:sp|P11532|DMD_HUMAN:sp|Q8IYS2|K2013_HUMAN:sp|Q8N715|CC185_HUMAN:sp|Q9Y5W9|SNX11_HUMAN:sp|P35609|ACTN2_HUMAN:sp|Q6ZU64|CFA65_HUMAN:sp|P04075|ALDOA_HUMAN:sp|Q9Y6N6|LAMC3_HUMAN:sp|Q9NU19|TB22B_HUMAN:sp|Q99679|GPR21_HUMAN:sp|O14910|LIN7A_HUMAN:sp|Q9UNN4|TF2AY_HUMAN:sp|P11047|LAMC1_HUMAN:sp|Q9UFH2|DYH17_HUMAN:sp|Q96N64|PWP2A_HUMAN:sp|Q9Y4I1|MYO5A_HUMAN:sp|Q99607|ELF4_HUMAN:sp|Q9BT17|MTG1_HUMAN:sp|Q86WN1|FCSD1_HUMAN:sp|Q8WZ42|TITIN_HUMAN:sp|Q5TAA0|TTC22_HUMAN:sp|Q99538|LGMN_HUMAN:sp|Q8NFC6|BD1L1_HUMAN:sp|Q9NY33|DPP3_HUMAN:sp|P68036|UB2L3_HUMAN:sp|Q99623|PHB2_HUMAN:sp|Q8N9V2|TRIML_HUMAN:sp|Q8IWI9|MGAP_HUMAN:sp|Q68DK2|ZFY26_HUMAN:sp|P98160|PGBM_HUMAN:sp|P09210|GSTA2_HUMAN:sp|Q86W24|NAL14_HUMAN:sp|Q9Y2D5|AKAP2_HUMAN:sp|P0CV98|TSPY3_HUMAN:sp|Q7L576|CYFP1_HUMAN:sp|P49454|CENPF_HUMAN:sp|Q9BZW7|TSG10_HUMAN:sp|Q9Y236|OSGI2_HUMAN:sp|Q96QT6|PHF12_HUMAN:ACVR2A_DEL_A-p.K437Rfs*5_::chr2:147925617-147926617_frame=-2:sp|P42356|PI4KA_HUMAN:sp|P61923|COPZ1_HUMAN:sp|A7KAX9|RHG32_HUMAN:sp|Q8IV33|K0825_HUMAN:sp|Q8IVF7|FMNL3_HUMAN:sp|Q86YC3|LRC33_HUMAN:sp|P35998|PRS7_HUMAN:sp|Q8WXG9|AGRV1_HUMAN:sp|Q8N3K9|CMYA5_HUMAN:sp|Q15911|ZFHX3_HUMAN:sp|Q9C040|TRIM2_HUMAN:sp|P55197|AF10_HUMAN:sp|P07864|LDHC_HUMAN:sp|Q9ULE6|PALD_HUMAN:sp|Q8WVJ9|TWST2_HUMAN:sp|O14681|EI24_HUMAN:sp|Q96B23|CR025_HUMAN:sp|Q8NA56|TTC29_HUMAN:sp|Q32M84|BTBDG_HUMAN:sp|Q5SZB4|CI050_HUMAN:sp|Q14571|ITPR2_HUMAN:sp|Q9BSK2|S2533_HUMAN:sp|Q9UKU0|ACSL6_HUMAN:sp|P08263|GSTA1_HUMAN:sp|P40199|CEAM6_HUMAN:sp|Q96SE7|ZN347_HUMAN:sp|Q13111|CAF1A_HUMAN:sp|Q16772|GSTA3_HUMAN:sp|O75886|STAM2_HUMAN:sp|Q8IZT6|ASPM_HUMAN,DeepNovo
K(+42.01)RM(+15.99)M(+15.99)EETPLTPHL,56.42,1655.8011,13,61.5,13,-0.9,552.94049,3,58.7089,-3.9911,0.69,22868,HFX193_IPP292_GEL_CRC_324_Even.raw,,,1,1,0,0,"Acetylation (N-term);Oxidation (M);Oxidation (M)",,3 1 1 0 0 0 6 7 6 6 5 4 4,K(+42.01)RM(+15.99)M(+15.99)EETPLTPHL,sp|Q5FWF4|ZRAB3_HUMAN:sp|Q00975|CAC1B_HUMAN:sp|Q6ZS30|NBEL1_HUMAN:sp|Q8NEZ4|KMT2C_HUMAN:sp|Q96FS4|SIPA1_HUMAN:sp|P20929|NEBU_HUMAN:sp|Q02817|MUC2_HUMAN:sp|Q9P2E3|ZNFX1_HUMAN:sp|Q07889|SOS1_HUMAN:sp|O00478|BT3A3_HUMAN:sp|Q5SZQ8|CELF3_HUMAN:sp|P27708|PYR1_HUMAN:sp|Q9Y6J0|CABIN_HUMAN:sp|Q04727|TLE4_HUMAN:sp|Q96JN8|NEUL4_HUMAN:PHF2_DEL_A-p.K492Rfs*6_::chr9:93659830-93660830_frame=2:sp|P20226|TBP_HUMAN:sp|Q04724|TLE1_HUMAN:sp|Q08357|S20A2_HUMAN:sp|Q9Y4F5|C170B_HUMAN:sp|Q9UPS6|SET1B_HUMAN:sp|P15622|ZN250_HUMAN:sp|Q96JM3|CHAP1_HUMAN:sp|Q9NXR1|NDE1_HUMAN:sp|Q8TCG1|CIP2A_HUMAN:sp|P42262|GRIA2_HUMAN:sp|Q8TBC3|SHKB1_HUMAN:sp|Q8WUM9|S20A1_HUMAN:sp|A0A1B0GTW7|CIROP_HUMAN:sp|P48730|KC1D_HUMAN:sp|P49454|CENPF_HUMAN:sp|Q6P179|ERAP2_HUMAN:sp|Q9BW85|YJU2_HUMAN:sp|Q58HT5|AWAT1_HUMAN:sp|Q9Y4F3|MARF1_HUMAN:sp|O95672|ECEL1_HUMAN:sp|Q9H8Y8|GORS2_HUMAN:sp|O95758|PTBP3_HUMAN:sp|Q9HCE3|ZN532_HUMAN:sp|Q9H4F8|SMOC1_HUMAN:sp|Q6KC79|NIPBL_HUMAN:sp|Q7Z2K6|ERMP1_HUMAN:sp|Q8TD19|NEK9_HUMAN:sp|O14830|PPE2_HUMAN:sp|Q5JTZ9|SYAM_HUMAN:sp|P54756|EPHA5_HUMAN:sp|Q9Y5E1|PCDB9_HUMAN:sp|O00329|PK3CD_HUMAN:sp|Q9UBU2|DKK2_HUMAN:sp|Q8TAY7|F110D_HUMAN:sp|Q8NFU7|TET1_HUMAN:sp|O43593|HAIR_HUMAN:sp|Q9H3T3|SEM6B_HUMAN:sp|P26441|CNTF_HUMAN:sp|P48634|PRC2A_HUMAN:sp|P54793|ARSF_HUMAN:sp|Q96PN7|TREF1_HUMAN:sp|O14976|GAK_HUMAN:sp|P43026|GDF5_HUMAN:sp|Q9HC84|MUC5B_HUMAN:sp|Q8WUU4|ZN296_HUMAN:sp|O15063|GRRE1_HUMAN,DeepNovo
K(+42.01)RTKAGAATLLLPKKTEHSHK,91.46,2356.3704,21,71.4,21,1.2,472.28189,5,24.2918,11.1918,0.04,9030,HFX193_IPP292_GEL_CRC_324_Even.raw,3.21E5,3.12E6,1,1,1,1,"Acetylation (N-term)",,2 2 4 4 0 0 11 8 0 0 14 46 12 12 16 1 1 4 5 9 5,K(+42.01)RTKAGAATLLLPKKTEHSHK,sp|A0A2R8Y4Y8|OSP4B_HUMAN:sp|Q9Y6N1|COX11_HUMAN:sp|Q08289|CACB2_HUMAN:sp|Q8TF46|DI3L1_HUMAN:sp|Q9HD23|MRS2_HUMAN:sp|P0DX00|GG6LX_HUMAN:sp|O94993|SOX30_HUMAN:sp|Q96DT7|ZBT10_HUMAN:sp|P0C0L5|CO4B_HUMAN:sp|Q5FYA8|ARSH_HUMAN:sp|P49917|DNLI4_HUMAN:sp|H0YM25|GG6LV_HUMAN:sp|Q5VSG8|MANEL_HUMAN:sp|Q9BRQ4|CF300_HUMAN:SEC31A_INS_--T_p.I462Nfs*2::chr4:82863911-82864912_frame=-2:sp|Q12766|HMGX3_HUMAN:sp|Q8IX07|FOG1_HUMAN:sp|Q9Y5E7|PCDB2_HUMAN:sp|Q86YD1|PTOV1_HUMAN:sp|Q6W2J9|BCOR_HUMAN:sp|Q7Z4Q2|HEAT3_HUMAN:sp|O95630|STABP_HUMAN:sp|Q5S007|LRRK2_HUMAN:sp|Q709C8|VP13C_HUMAN:sp|Q7Z3Z3|PIWL3_HUMAN:sp|P61129|ZC3H6_HUMAN:sp|Q9Y4G8|RPGF2_HUMAN:sp|Q86WI1|PKHL1_HUMAN:sp|A8MYV0|DCD2C_HUMAN:sp|Q5TEA3|DAAF9_HUMAN:sp|Q9UG22|GIMA2_HUMAN:sp|P78509|RELN_HUMAN:sp|Q6P5Z2|PKN3_HUMAN:sp|P31150|GDIA_HUMAN:sp|Q99878|H2A1J_HUMAN:sp|P0DX02|GG6LZ_HUMAN:sp|A6NKG5|RTL1_HUMAN:sp|Q14160|SCRIB_HUMAN:TVP23A_DEL_A-p.F140Lfs*7_::chr16:10772846-10773846_frame=3:sp|Q8NDH2|CC168_HUMAN:tr|A0A1W2PRG0|A0A1W2PRG0_HUMAN:sp|Q5JQC4|CT47A_HUMAN:sp|P51523|ZNF84_HUMAN:sp|P62952|BLCAP_HUMAN:sp|Q8WW38|FOG2_HUMAN:sp|A8MPX8|PP2D1_HUMAN:sp|Q8IU68|TMC8_HUMAN:sp|Q02487|DSC2_HUMAN:sp|Q8TD16|BICD2_HUMAN:sp|Q9BYW2|SETD2_HUMAN:sp|Q14680|MELK_HUMAN:sp|O60583|CCNT2_HUMAN:sp|P15260|INGR1_HUMAN:sp|Q93077|H2A1C_HUMAN:sp|P0DKV0|S31C1_HUMAN:sp|O00482|NR5A2_HUMAN:sp|P30566|PUR8_HUMAN:sp|Q9UKK3|PARP4_HUMAN:sp|O75355|ENTP3_HUMAN:sp|O43865|SAHH2_HUMAN:sp|P19801|AOC1_HUMAN:sp|O43301|HS12A_HUMAN:sp|Q86WC4|OSTM1_HUMAN:sp|Q00975|CAC1B_HUMAN:sp|P50395|GDIB_HUMAN:sp|Q15011|HERP1_HUMAN:DOCK3_DEL_C-p.P1852Qfs*45_::chr3:51379673-51380673_frame=3:sp|Q96BZ8|LENG1_HUMAN:sp|Q8NEZ4|KMT2C_HUMAN:sp|O75689|ADAP1_HUMAN:sp|O95622|ADCY5_HUMAN:sp|Q9UPU3|SORC3_HUMAN:SEC31A_INS_--T_p.I462Nfs*2::chr4:82863911-82864912_frame=1:sp|Q9P2K8|E2AK4_HUMAN:sp|Q8N8R5|CB069_HUMAN:sp|O60832|DKC1_HUMAN:sp|Q8N9U9|SPOT1_HUMAN:sp|O43164|PJA2_HUMAN:sp|Q8N3X6|LCORL_HUMAN:SEC31A_DEL_T-p.I462Lfs*16_::chr4:82863912-82864912_frame=-2:sp|Q9NW38|FANCL_HUMAN:sp|Q5VWK5|IL23R_HUMAN:sp|P29144|TPP2_HUMAN:TVP23A_DEL_A-p.F140Lfs*7_::chr16:10772846-10773846_frame=-2:sp|Q86YW9|MD12L_HUMAN:sp|Q8IWI9|MGAP_HUMAN:sp|A6NMK8|INY2B_HUMAN:sp|P53667|LIMK1_HUMAN:sp|Q6P1L6|ZN343_HUMAN:sp|P52630|STAT2_HUMAN:sp|P0C0L4|CO4A_HUMAN:sp|Q8IUE6|H2A2B_HUMAN:sp|Q8N0T1|RBIS_HUMAN:sp|Q8TCU6|PREX1_HUMAN:sp|Q9ULX7|CAH14_HUMAN:sp|Q8WWZ8|OIT3_HUMAN:sp|Q9UKV8|AGO2_HUMAN:sp|Q14934|NFAC4_HUMAN:sp|Q9BZC7|ABCA2_HUMAN:sp|P00533|EGFR_HUMAN:sp|Q9UGK8|SRGEF_HUMAN:sp|Q9P267|MBD5_HUMAN:sp|Q9NSC2|SALL1_HUMAN:sp|Q8NDW8|TT21A_HUMAN:sp|P0DX01|GG6LY_HUMAN:sp|Q16777|H2A2C_HUMAN:sp|P0DTL5|TM276_HUMAN:sp|O94979|SC31A_HUMAN:sp|Q5HYC2|K2026_HUMAN:sp|Q13023|AKAP6_HUMAN:sp|Q8IYW2|CFA46_HUMAN:sp|P52746|ZN142_HUMAN:ENO4_DEL_A-p.K207Rfs*32_::chr10:116858617-116859617_frame=3:sp|P37275|ZEB1_HUMAN:sp|Q17RW2|COOA1_HUMAN:sp|Q9BYK8|HELZ2_HUMAN:sp|P31629|ZEP2_HUMAN:sp|Q9H0E3|SP130_HUMAN:sp|P09086|PO2F2_HUMAN:sp|Q15256|PTPRR_HUMAN,DeepNovo
K(+42.01)RTLGL,19.16,728.4545,6,100.0,6,1.4,365.23502,2,40.6648,-9.1352,0.88,15635,HFX193_IPP292_GEL_CRC_324_Even.raw,2.09E6,1.3E7,2,2,2,2,"Acetylation (N-term)",,5 4 4 13 35 5,K(+42.01)RTLGL,sp|O15085|ARHGB_HUMAN:sp|Q7Z5P9|MUC19_HUMAN,DB Search
K(+42.01)RVGHAVL,26.94,920.5555,8,62.5,8,-0.2,461.28494,2,39.6556,17.4556,0.70,15244,HFX193_IPP292_GEL_CRC_324_Odd.raw,5.92E6,4.06E7,2,2,2,2,"Acetylation (N-term)",,5 1 0 0 2 64 18 5,K(+42.01)RVGHAVL,sp|P98160|PGBM_HUMAN:sp|Q14554|PDIA5_HUMAN:sp|O43609|SPY1_HUMAN:sp|Q13619|CUL4A_HUMAN:sp|Q14997|PSME4_HUMAN:sp|P48165|CXA8_HUMAN:sp|Q9UNE7|CHIP_HUMAN:sp|Q15413|RYR3_HUMAN:sp|Q6UY14|ATL4_HUMAN:sp|Q5T0J7|TEX35_HUMAN:sp|O75390|CISY_HUMAN:sp|Q9UKA4|AKA11_HUMAN:sp|Q14999|CUL7_HUMAN:sp|Q7Z408|CSMD2_HUMAN:sp|Q15334|L2GL1_HUMAN:sp|Q9Y296|TPPC4_HUMAN:sp|Q9HBJ7|UBP29_HUMAN:sp|Q96EM0|T3HPD_HUMAN,DeepNovo
K(+42.01)SAFLHAL,32.43,927.5178,8,87.5,8,-0.8,464.76581,2,71.1416,-15.5584,0.24,27797,HFX193_IPP292_GEL_CRC_324_Even.raw,2.43E5,1.73E6,1,1,1,1,"Acetylation (N-term)",,5 4 0 5 5 4 4 4,K(+42.01)SAFLHAL,sp|O15229|KMO_HUMAN:sp|A6NIV6|LRIQ4_HUMAN:sp|P22309|UD11_HUMAN:sp|Q9H1J5|WNT8A_HUMAN:sp|Q9NPL8|TIDC1_HUMAN:sp|Q8NGB2|OR4C5_HUMAN:sp|Q9H255|O51E2_HUMAN:sp|Q16820|MEP1B_HUMAN:sp|Q05329|DCE2_HUMAN:sp|Q5SRE5|NU188_HUMAN:sp|Q9Y5B6|PAXB1_HUMAN:sp|P15538|C11B1_HUMAN:sp|Q96M63|ODAD1_HUMAN:sp|Q13488|VPP3_HUMAN:sp|P19099|C11B2_HUMAN:sp|Q9UN37|VPS4A_HUMAN:sp|Q8IZ73|RUSD2_HUMAN:sp|Q5VZ89|DEN4C_HUMAN:sp|Q92609|TBCD5_HUMAN:sp|Q9HBG4|VPP4_HUMAN:sp|Q5TIA1|MEI1_HUMAN:sp|Q9BXR0|TGT_HUMAN:sp|Q93050|VPP1_HUMAN:sp|Q8NFY4|SEM6D_HUMAN:sp|Q8N2C7|UNC80_HUMAN:sp|P41214|EIF2D_HUMAN:sp|Q6NXT6|TAPT1_HUMAN:sp|Q9Y487|VPP2_HUMAN:sp|Q9Y2G9|SBNO2_HUMAN:sp|Q8NGV7|OR5H2_HUMAN:sp|Q14588|ZN234_HUMAN:sp|P0DN80|OR5H8_HUMAN,DeepNovo
K(+42.01)SAKEKGAYGVGALK,70.38,1547.8671,15,53.3,15,1.8,516.96393,3,29.6850,9.6850,0.29,11204,HFX193_IPP292_GEL_CRC_324_Odd.raw,4.32E6,2.77E7,2,2,1,1,"Acetylation (N-term)",,0 0 6 6 7 13 6 0 0 0 5 0 0 12 5,K(+42.01)SAKEKGAYGVGALK,sp|P31641|SC6A6_HUMAN:sp|Q6IV72|ZN425_HUMAN:sp|Q7LFX5|CHSTF_HUMAN:sp|Q9Y6X0|SETBP_HUMAN:sp|Q9H3H1|MOD5_HUMAN:sp|Q08AE8|SPIR1_HUMAN:sp|Q96M95|CCD42_HUMAN:sp|Q8NI08|NCOA7_HUMAN:sp|P0DPD8|EFCE2_HUMAN:sp|Q6L8Q7|PDE12_HUMAN:sp|Q8IXS6|PALM2_HUMAN:sp|Q86YJ7|AN13B_HUMAN:sp|Q8NBF1|GLIS1_HUMAN:sp|Q9P299|COPZ2_HUMAN:sp|Q9P1Z9|CC180_HUMAN:sp|P09429|HMGB1_HUMAN:sp|O60513|B4GT4_HUMAN:sp|Q6PJG2|MDEAS_HUMAN:sp|Q7Z6E9|RBBP6_HUMAN:sp|Q9UID3|VPS51_HUMAN:sp|Q96GC6|ZN274_HUMAN:sp|A4UGR9|XIRP2_HUMAN:sp|Q96L91|EP400_HUMAN:sp|Q8IUZ5|AT2L2_HUMAN:sp|Q96QD5|DEPD7_HUMAN:sp|Q6NXT2|H3C_HUMAN:sp|P0DJD0|RGPD1_HUMAN:sp|Q9BVG4|PBDC1_HUMAN:sp|Q5JTD0|TJAP1_HUMAN:sp|P35498|SCN1A_HUMAN:sp|Q9Y2W1|TR150_HUMAN:sp|O15547|P2RX6_HUMAN:sp|Q96N23|CFA54_HUMAN:sp|O95907|MOT3_HUMAN:sp|Q6SPF0|SAMD1_HUMAN:sp|Q8NDH2|CC168_HUMAN:sp|Q6NUT2|D19L2_HUMAN:sp|Q8NDA2|HMCN2_HUMAN:sp|Q14687|GSE1_HUMAN:sp|P0DPD6|ECE2_HUMAN:sp|O75037|KI21B_HUMAN:sp|Q7Z417|NUFP2_HUMAN:sp|Q6ZNG9|KRBA2_HUMAN:RPL22_DEL_T-p.K15Rfs*5_::chr1:6197225-6198225_frame=1:sp|Q9NZP0|OR6C3_HUMAN:sp|O95486|SC24A_HUMAN:sp|Q6IQ55|TTBK2_HUMAN:sp|Q12872|SFSWA_HUMAN:sp|Q15154|PCM1_HUMAN:sp|Q9Y490|TLN1_HUMAN:sp|Q9NZ94|NLGN3_HUMAN:sp|Q6NUM9|RETST_HUMAN:sp|P23497|SP100_HUMAN:sp|Q8NCX0|CC150_HUMAN:sp|Q9UM21|MGT4A_HUMAN:sp|Q15746|MYLK_HUMAN:sp|Q58F21|BRDT_HUMAN:sp|P30040|ERP29_HUMAN:sp|P11532|DMD_HUMAN:sp|Q86YH6|DLP1_HUMAN:sp|B2RPK0|HGB1A_HUMAN:sp|P30414|NKTR_HUMAN:sp|Q6ZU64|CFA65_HUMAN:sp|O15519|CFLAR_HUMAN:sp|Q9NS87|KIF15_HUMAN:sp|Q15858|SCN9A_HUMAN:sp|P20930|FILA_HUMAN:sp|Q9BPZ7|SIN1_HUMAN:sp|P26583|HMGB2_HUMAN:sp|Q86WN1|FCSD1_HUMAN:sp|Q8WZ42|TITIN_HUMAN:sp|Q13402|MYO7A_HUMAN:sp|Q4U2R8|S22A6_HUMAN:sp|Q8IWA0|WDR75_HUMAN:sp|Q9H1X3|DJC25_HUMAN:sp|Q9UJG1|MSPD1_HUMAN:sp|Q14191|WRN_HUMAN:sp|Q8IXH7|NELFD_HUMAN:sp|Q9ULL1|PKHG1_HUMAN:sp|Q9HD20|AT131_HUMAN:sp|Q8N370|LAT4_HUMAN:sp|Q9UQD0|SCN8A_HUMAN:sp|Q8IWI9|MGAP_HUMAN:sp|Q53FD0|ZC21C_HUMAN:sp|Q8TEW0|PARD3_HUMAN:sp|Q7Z406|MYH14_HUMAN:sp|Q9UQR0|SCML2_HUMAN:sp|P0DJD1|RGPD2_HUMAN:sp|Q9Y4X0|AMMR1_HUMAN:sp|P32238|CCKAR_HUMAN:sp|P29083|T2EA_HUMAN:sp|Q86YR5|GPSM1_HUMAN:sp|Q5T848|GP158_HUMAN:sp|P42345|MTOR_HUMAN:sp|P42892|ECE1_HUMAN:sp|P61923|COPZ1_HUMAN:sp|Q5U649|CL060_HUMAN:sp|Q9ULK6|RN150_HUMAN:sp|Q9Y4G6|TLN2_HUMAN:sp|Q9HB19|PKHA2_HUMAN:sp|Q7Z3T8|ZFY16_HUMAN:sp|Q9NY46|SCN3A_HUMAN:sp|Q9NVP1|DDX18_HUMAN:sp|Q14449|GRB14_HUMAN:sp|Q8N4E4|PDCL2_HUMAN:sp|Q5VTJ3|KLD7A_HUMAN:sp|Q92538|GBF1_HUMAN:sp|Q9H8L6|MMRN2_HUMAN:sp|O00462|MANBA_HUMAN:sp|P28799|GRN_HUMAN:sp|Q7Z6K1|THAP5_HUMAN:tr|C9JA33|C9JA33_HUMAN:sp|Q9BTE6|AASD1_HUMAN:sp|P46778|RL21_HUMAN:sp|Q9UFF9|CNOT8_HUMAN:sp|Q17RW2|COOA1_HUMAN:sp|Q9NVR7|TBCC1_HUMAN:sp|Q5THK1|PR14L_HUMAN:sp|O75569|PRKRA_HUMAN:sp|P14091|CATE_HUMAN,DeepNovo
K(+42.01)SELAGHAGTSAESEETGGVAV,91.71,2127.9919,22,72.7,22,3.4,710.34033,3,42.2699,-15.5301,0.08,16281,HFX193_IPP292_GEL_CRC_324_Even.raw,6.15E6,3.88E7,1,1,1,1,"Acetylation (N-term)",,5 5 5 17 12 10 10 0 0 16 12 12 21 55 0 0 15 1 0 5 3 3,K(+42.01)SELAGHAGTSAESEETGGVAV,sp|Q8WXE1|ATRIP_HUMAN:sp|P52701|MSH6_HUMAN:sp|Q9P215|POGK_HUMAN:sp|Q6ZW31|SYDE1_HUMAN:sp|Q99611|SPS2_HUMAN:sp|Q8IVV2|LOXH1_HUMAN:sp|Q6R327|RICTR_HUMAN:sp|Q9Y657|SPIN1_HUMAN:sp|Q9Y5B6|PAXB1_HUMAN:sp|Q08378|GOGA3_HUMAN:sp|Q8N4N3|KLH36_HUMAN:sp|P0C7U3|ZH11B_HUMAN:sp|Q0VAK6|LMOD3_HUMAN:sp|Q13033|STRN3_HUMAN:sp|O94985|CSTN1_HUMAN:sp|Q495C1|RN212_HUMAN:sp|Q9UHE5|NAT8_HUMAN:sp|Q9Y2Z2|MTO1_HUMAN:sp|Q8N895|ZN366_HUMAN:sp|Q9P2H5|UBP35_HUMAN:sp|Q5TZA2|CROCC_HUMAN:sp|Q9ULI4|KI26A_HUMAN:sp|Q8IYB3|SRRM1_HUMAN:sp|Q6ZVL6|K154L_HUMAN:sp|Q96MK2|RIPR3_HUMAN:sp|P25789|PSA4_HUMAN:sp|P01024|CO3_HUMAN:sp|P19971|TYPH_HUMAN:sp|P27987|IP3KB_HUMAN:sp|O60281|ZN292_HUMAN:sp|Q9Y294|ASF1A_HUMAN:sp|Q96IU2|ZBED3_HUMAN:sp|Q8TES7|FBF1_HUMAN:sp|Q8IVL0|NAV3_HUMAN:sp|O60563|CCNT1_HUMAN:sp|O14627|CDX4_HUMAN:sp|P45954|ACDSB_HUMAN:sp|Q13009|TIAM1_HUMAN:sp|Q5SYB0|FRPD1_HUMAN:sp|Q13813|SPTN1_HUMAN:sp|Q6ZNW5|GDPP1_HUMAN:sp|Q9H8X9|ZDH11_HUMAN:sp|Q8N8E2|ZN513_HUMAN:sp|Q8NCX0|CC150_HUMAN:sp|Q15746|MYLK_HUMAN:sp|Q96S82|UBL7_HUMAN:sp|Q96EY8|MMAB_HUMAN:sp|A1A5D9|BICL2_HUMAN:sp|Q03060|CREM_HUMAN:sp|Q9UMZ2|SYNRG_HUMAN:sp|Q9Y4B4|ARIP4_HUMAN:sp|Q96JN2|CC136_HUMAN:sp|Q15042|RB3GP_HUMAN:sp|Q15021|CND1_HUMAN:sp|Q8IWA6|CCD60_HUMAN:sp|Q8TBK6|ZCH10_HUMAN:sp|Q14103|HNRPD_HUMAN:sp|Q9P2M7|CING_HUMAN:sp|P01266|THYG_HUMAN:sp|Q6ZTW0|TPGS1_HUMAN:sp|P14859|PO2F1_HUMAN:sp|Q9P2J3|KLHL9_HUMAN:sp|Q9NVP2|ASF1B_HUMAN:sp|Q9NQC3|RTN4_HUMAN:sp|P39060|COIA1_HUMAN:sp|Q14526|HIC1_HUMAN:sp|Q96SW2|CRBN_HUMAN:sp|Q6UXP3|TM14E_HUMAN:sp|Q9Y4Z2|NGN3_HUMAN:sp|Q15477|SKI2_HUMAN:sp|Q5VU43|MYOME_HUMAN:sp|Q8IWE5|PKHM2_HUMAN:sp|Q96I82|KAZD1_HUMAN:sp|Q16891|MIC60_HUMAN:sp|O43143|DHX15_HUMAN:sp|Q09428|ABCC8_HUMAN:sp|Q96QF0|RAB3I_HUMAN:sp|A6NCS4|NKX26_HUMAN:sp|Q5JPB2|ZN831_HUMAN:sp|A6NC98|CC88B_HUMAN:sp|Q9H977|WDR54_HUMAN:sp|P40763|STAT3_HUMAN:sp|Q7L2R6|ZN765_HUMAN:sp|Q13127|REST_HUMAN:sp|Q9UJ98|STAG3_HUMAN:sp|Q9P2D1|CHD7_HUMAN:sp|Q92504|S39A7_HUMAN:sp|O75582|KS6A5_HUMAN:sp|Q8N9V7|TOPZ1_HUMAN:sp|Q9UHB9|SRP68_HUMAN:sp|O75132|ZBED4_HUMAN:sp|Q96N21|AP4AT_HUMAN:sp|Q9UKV3|ACINU_HUMAN:sp|Q9H2J1|CI037_HUMAN:sp|Q9NW75|GPTC2_HUMAN:sp|P09497|CLCB_HUMAN:sp|P18074|ERCC2_HUMAN:sp|P19013|K2C4_HUMAN:sp|Q96C92|ENTR1_HUMAN:sp|P36578|RL4_HUMAN:sp|Q16478|GRIK5_HUMAN:sp|P30203|CD6_HUMAN:sp|P34932|HSP74_HUMAN:sp|Q8N3K9|CMYA5_HUMAN:sp|Q99590|SCAFB_HUMAN:sp|Q86X27|RGPS2_HUMAN:sp|P29274|AA2AR_HUMAN:sp|Q96PC5|MIA2_HUMAN:sp|Q8N8W4|PLPL1_HUMAN:sp|Q15878|CAC1E_HUMAN:sp|Q96ST2|IWS1_HUMAN:sp|Q9HAV5|TNR27_HUMAN:sp|O43167|ZBT24_HUMAN:sp|Q9NZD8|SPG21_HUMAN:sp|Q9NYV4|CDK12_HUMAN:sp|Q9NQW7|XPP1_HUMAN:sp|Q6P1R4|DUS1L_HUMAN:sp|Q9UDY2|ZO2_HUMAN:sp|Q9C0H9|SRCN1_HUMAN:sp|Q8IWU2|LMTK2_HUMAN,DeepNovo
K(+42.01)SELAGHAGTSAQ(+0.98)SEETVGGAV,92.33,2127.9919,22,54.5,22,4.0,1065.00757,2,42.2699,-7.4301,0.50,16304,HFX193_IPP292_GEL_CRC_324_Even.raw,6.57E6,4.28E7,2,2,2,2,"Acetylation (N-term);Deamidation (NQ)",,5 0 0 4 7 6 6 0 0 5 3 3 3 3 0 0 1 0 0 0 3 3,K(+42.01)SELAGHAGTSAQ(+0.98)SEETVGGAV,sp|Q8WXE1|ATRIP_HUMAN:sp|P51153|RAB13_HUMAN:sp|Q96JG8|MAGD4_HUMAN:sp|Q2M1P5|KIF7_HUMAN:sp|O00291|HIP1_HUMAN:sp|Q9UBT6|POLK_HUMAN:sp|O75691|UTP20_HUMAN:sp|P12270|TPR_HUMAN:sp|O94911|ABCA8_HUMAN:sp|Q9HDD0|PLAT1_HUMAN:sp|O75170|PP6R2_HUMAN:sp|Q8N1L4|CP4Z2_HUMAN:sp|Q8IVV2|LOXH1_HUMAN:sp|Q9Y657|SPIN1_HUMAN:sp|Q14C86|GAPD1_HUMAN:sp|Q8N4N3|KLH36_HUMAN:sp|Q9NP60|IRPL2_HUMAN:sp|Q7L8A9|VASH1_HUMAN:sp|Q155Q3|DIXC1_HUMAN:sp|Q8N196|SIX5_HUMAN:sp|Q9Y2Z2|MTO1_HUMAN:sp|Q6ZP82|CC141_HUMAN:sp|P46934|NEDD4_HUMAN:sp|Q86VR7|VS10L_HUMAN:sp|Q9ULI4|KI26A_HUMAN:sp|Q6ZVL6|K154L_HUMAN:sp|Q9H582|ZN644_HUMAN:sp|P25789|PSA4_HUMAN:sp|Q96CC6|RHDF1_HUMAN:sp|P62873|GBB1_HUMAN:sp|Q7Z7M0|MEGF8_HUMAN:sp|P19971|TYPH_HUMAN:sp|P27987|IP3KB_HUMAN:sp|Q7L190|DPPA4_HUMAN:sp|Q96IU2|ZBED3_HUMAN:sp|Q8TES7|FBF1_HUMAN:sp|Q8IVL0|NAV3_HUMAN:sp|Q9UIW0|VAX2_HUMAN:sp|Q5THJ4|VP13D_HUMAN:sp|A6NE01|F186A_HUMAN:sp|Q9NQW1|SC31B_HUMAN:sp|Q13905|RPGF1_HUMAN:sp|Q13813|SPTN1_HUMAN:sp|Q6ZNW5|GDPP1_HUMAN:sp|Q5VWW1|C1QL3_HUMAN:sp|Q14671|PUM1_HUMAN:sp|Q9H606|PRORY_HUMAN:sp|P10114|RAP2A_HUMAN:sp|Q9NQW6|ANLN_HUMAN:sp|P51659|DHB4_HUMAN:sp|Q5VST9|OBSCN_HUMAN:sp|Q99871|HAUS7_HUMAN:sp|Q15746|MYLK_HUMAN:sp|Q9NR34|MA1C1_HUMAN:sp|Q9Y4B4|ARIP4_HUMAN:sp|Q92930|RAB8B_HUMAN:sp|Q07065|CKAP4_HUMAN:sp|Q9P2N7|KLH13_HUMAN:sp|P34897|GLYM_HUMAN:sp|Q99698|LYST_HUMAN:sp|Q9P2J3|KLHL9_HUMAN:sp|P10071|GLI3_HUMAN:sp|P20719|HXA5_HUMAN:sp|Q9P212|PLCE1_HUMAN:sp|Q8WZ42|TITIN_HUMAN:sp|Q9P2R6|RERE_HUMAN:sp|O43143|DHX15_HUMAN:sp|A6NCS4|NKX26_HUMAN:sp|Q5SXM2|SNPC4_HUMAN:sp|Q9Y3L5|RAP2C_HUMAN:sp|Q9H977|WDR54_HUMAN:sp|Q14191|WRN_HUMAN:sp|Q7L2R6|ZN765_HUMAN:sp|Q86W10|CP4Z1_HUMAN:sp|O94779|CNTN5_HUMAN:sp|Q06413|MEF2C_HUMAN:sp|Q9ULH4|LRFN2_HUMAN:sp|O75643|U520_HUMAN:sp|Q8IXH8|CAD26_HUMAN:sp|Q86UT5|NHRF4_HUMAN:sp|O75582|KS6A5_HUMAN:sp|Q96BT7|ALKB8_HUMAN:sp|Q70CQ2|UBP34_HUMAN:sp|A6NJT0|UNC4_HUMAN:sp|Q6ZQQ2|S31D1_HUMAN:sp|Q9H2J1|CI037_HUMAN:sp|Q8IXN7|RIMKA_HUMAN:sp|Q58FG1|HS904_HUMAN:sp|Q5M9N0|CD158_HUMAN:sp|P36578|RL4_HUMAN:sp|Q9BXX2|AN30B_HUMAN:sp|A7KAX9|RHG32_HUMAN:sp|O43313|ATMIN_HUMAN:sp|Q86TM6|SYVN1_HUMAN:sp|Q7Z5P9|MUC19_HUMAN:sp|Q9UKN7|MYO15_HUMAN:sp|Q9NUC0|SRTD4_HUMAN:sp|O94979|SC31A_HUMAN:sp|P29274|AA2AR_HUMAN:sp|O00505|IMA4_HUMAN:sp|Q09161|NCBP1_HUMAN:sp|Q9ULI2|RIMKB_HUMAN:sp|Q02952|AKA12_HUMAN:sp|Q8N8W4|PLPL1_HUMAN:sp|Q15878|CAC1E_HUMAN:sp|O14559|RHG33_HUMAN:sp|Q5JTW2|CEP78_HUMAN:sp|Q92968|PEX13_HUMAN:sp|O43602|DCX_HUMAN:sp|Q9P1A2|PP4RL_HUMAN:sp|Q13304|GPR17_HUMAN:sp|Q68DD2|PA24F_HUMAN,DeepNovo
K(+42.01)SELAGHGATSAESEETGGVAVA,97.70,2199.0291,23,60.9,23,3.2,734.01935,3,42.2725,-12.5275,0.12,16287,HFX193_IPP292_GEL_CRC_324_Even.raw,1.83E6,1.25E7,1,1,1,1,"Acetylation (N-term)",,5 5 4 3 3 0 0 0 0 12 10 10 19 42 0 0 17 2 0 17 45 0 0,K(+42.01)SELAGHGATSAESEETGGVAVA,sp|Q9P2D8|UNC79_HUMAN:sp|O75400|PR40A_HUMAN:sp|Q8WXI7|MUC16_HUMAN:sp|Q96JN2|CC136_HUMAN:sp|Q01484|ANK2_HUMAN:sp|Q5VYV0|FOXB2_HUMAN:sp|Q8IWA6|CCD60_HUMAN:sp|Q8NEZ4|KMT2C_HUMAN:sp|Q14103|HNRPD_HUMAN:sp|Q96RU2|UBP28_HUMAN:sp|Q6ZW31|SYDE1_HUMAN:sp|Q96EX2|RNFT2_HUMAN:sp|P01266|THYG_HUMAN:sp|Q8NC26|ZN114_HUMAN:sp|Q6R327|RICTR_HUMAN:sp|Q9UHV7|MED13_HUMAN:sp|Q9Y5B6|PAXB1_HUMAN:sp|P14859|PO2F1_HUMAN:sp|P10071|GLI3_HUMAN:sp|Q9NVP2|ASF1B_HUMAN:sp|P39060|COIA1_HUMAN:sp|Q86YP4|P66A_HUMAN:sp|Q8IWE5|PKHM2_HUMAN:sp|A8TX70|CO6A5_HUMAN:sp|P0C7U3|ZH11B_HUMAN:sp|Q99624|S38A3_HUMAN:sp|Q9Y2X9|ZN281_HUMAN:sp|Q5JPB2|ZN831_HUMAN:sp|Q9UIA0|CYH4_HUMAN:sp|O94985|CSTN1_HUMAN:sp|Q685J3|MUC17_HUMAN:sp|Q5H8A4|PIGG_HUMAN:sp|Q8NCB2|CAMKV_HUMAN:sp|A6NL88|SHSA7_HUMAN:sp|Q9UKX7|NUP50_HUMAN:sp|Q5KSL6|DGKK_HUMAN:sp|Q674R7|ATG9B_HUMAN:sp|Q8N9V7|TOPZ1_HUMAN:sp|O75132|ZBED4_HUMAN:sp|Q15286|RAB35_HUMAN:sp|Q96MK2|RIPR3_HUMAN:sp|Q9UKV3|ACINU_HUMAN:sp|O60347|TBC12_HUMAN:sp|Q14114|LRP8_HUMAN:sp|Q8IYT1|GAR4_HUMAN:sp|Q8NCG7|DGLB_HUMAN:sp|Q9UKX2|MYH2_HUMAN:sp|P36578|RL4_HUMAN:sp|O14647|CHD2_HUMAN:sp|Q9Y294|ASF1A_HUMAN:sp|A6QL64|AN36A_HUMAN:sp|Q16478|GRIK5_HUMAN:sp|Q9ULK4|MED23_HUMAN:sp|P30203|CD6_HUMAN:sp|Q9UKX3|MYH13_HUMAN:sp|Q99590|SCAFB_HUMAN:sp|Q5SYB0|FRPD1_HUMAN:sp|Q9Y623|MYH4_HUMAN:sp|Q86X27|RGPS2_HUMAN:sp|P11137|MTAP2_HUMAN:sp|O95153|RIMB1_HUMAN:sp|Q5T5N4|CF118_HUMAN:sp|Q9H8X9|ZDH11_HUMAN:sp|Q8N8E2|ZN513_HUMAN:sp|Q9P265|DIP2B_HUMAN:sp|P13535|MYH8_HUMAN:sp|Q9HAV5|TNR27_HUMAN:sp|P12882|MYH1_HUMAN:sp|Q2LD37|BLTP1_HUMAN:sp|Q9NQW7|XPP1_HUMAN:sp|P30050|RL12_HUMAN:sp|P51825|AFF1_HUMAN:sp|P52739|ZN131_HUMAN:sp|Q96EY8|MMAB_HUMAN:sp|Q6ZWC4|YS043_HUMAN:sp|Q96D09|GASP2_HUMAN:sp|Q03060|CREM_HUMAN:sp|Q9HAB8|PPCS_HUMAN:sp|Q9P2N6|KANL3_HUMAN:sp|Q8NFZ4|NLGN2_HUMAN,DeepNovo
K(+42.01)SFGGKLLR,27.30,1046.6237,9,44.4,9,1.1,349.88220,3,38.1523,8.0523,0.66,14672,HFX193_IPP292_GEL_CRC_324_Odd.raw,2.12E5,1.76E6,1,1,1,1,"Acetylation (N-term)",,1 0 0 0 0 10 16 11 5,K(+42.01)SFGGKLLR,sp|Q6ZRS4|ITPI1_HUMAN:sp|P22670|RFX1_HUMAN:sp|H3BS89|T178B_HUMAN:sp|Q9Y4A8|NF2L3_HUMAN:sp|Q9Y6F8|CDY1_HUMAN:sp|Q9BXT8|RNF17_HUMAN:sp|Q9P2M7|CING_HUMAN:sp|P48378|RFX2_HUMAN:sp|Q49MI3|CERKL_HUMAN:sp|P48380|RFX3_HUMAN:sp|Q15393|SF3B3_HUMAN:sp|Q8WZ42|TITIN_HUMAN:sp|Q96I99|SUCB2_HUMAN:sp|Q12968|NFAC3_HUMAN:sp|Q5VYJ5|MALR1_HUMAN:sp|O00442|RTCA_HUMAN:sp|Q9H251|CAD23_HUMAN:sp|P21754|ZP3_HUMAN:sp|Q6V1X1|DPP8_HUMAN:sp|P52848|NDST1_HUMAN:sp|Q9BVS5|TR61B_HUMAN:sp|O75445|USH2A_HUMAN:sp|Q96BN8|OTUL_HUMAN:sp|Q9BTA0|F167B_HUMAN:sp|Q86XP0|PA24D_HUMAN:sp|A8MTA8|F166B_HUMAN:sp|Q5VW36|FOCAD_HUMAN:sp|Q8N393|ZN786_HUMAN:sp|Q8N3P4|VPS8_HUMAN:sp|Q9HD20|AT131_HUMAN:sp|Q9H0C3|TM117_HUMAN:sp|Q96EB6|SIR1_HUMAN:sp|Q13507|TRPC3_HUMAN:sp|Q8NFA0|UBP32_HUMAN:sp|P13533|MYH6_HUMAN:sp|Q9H2X0|CHRD_HUMAN:sp|P39086|GRIK1_HUMAN:sp|Q8TE99|PXYP1_HUMAN:sp|Q9UKA9|PTBP2_HUMAN:sp|Q5UIP0|RIF1_HUMAN:sp|Q9UPV9|TRAK1_HUMAN:sp|Q9H6R7|WDCP_HUMAN:sp|Q12899|TRI26_HUMAN:sp|Q9NXF1|TEX10_HUMAN:sp|P49753|ACOT2_HUMAN:sp|Q05086|UBE3A_HUMAN:sp|A0A6I8PU40|TUG1_HUMAN:sp|Q6NXT4|ZNT6_HUMAN:sp|Q9UKX2|MYH2_HUMAN:sp|Q9P2D0|IBTK_HUMAN:sp|P58658|EVA1C_HUMAN:sp|Q9P1Y6|PHRF1_HUMAN:sp|Q9UBY8|CLN8_HUMAN:sp|O60721|NCKX1_HUMAN:sp|Q9Y623|MYH4_HUMAN:sp|Q8WZA2|RPGF4_HUMAN:sp|Q96PZ0|PUS7_HUMAN:sp|Q8WXF8|DEDD2_HUMAN:sp|Q8TDM6|DLG5_HUMAN:sp|P12883|MYH7_HUMAN:sp|Q9BX69|CARD6_HUMAN:sp|Q9Y6F7|CDY2_HUMAN:sp|O14732|IMPA2_HUMAN:sp|Q9Y490|TLN1_HUMAN:sp|Q9Y5B0|CTDP1_HUMAN:sp|P48382|RFX5_HUMAN:sp|Q60I27|AL2CL_HUMAN:sp|Q14690|RRP5_HUMAN:sp|P13535|MYH8_HUMAN:sp|P12882|MYH1_HUMAN:sp|Q6ZRI0|OTOG_HUMAN:sp|O75648|MTU1_HUMAN:sp|P38567|HYALP_HUMAN:sp|Q33E94|RFX4_HUMAN:sp|P49773|HINT1_HUMAN:sp|Q9Y303|NAGA_HUMAN,DeepNovo
K(+42.01)SFKHAL,29.47,871.4916,7,100.0,7,0.3,436.75320,2,34.8901,19.9901,0.49,13319,HFX193_IPP292_GEL_CRC_324_Odd.raw,2.55E5,3.26E6,1,1,1,1,"Acetylation (N-term)",,5 2 2 4 9 9 5,K(+42.01)SFKHAL,sp|Q99805|TM9S2_HUMAN:sp|P0CJ78|ZN865_HUMAN:sp|Q9Y5Q9|TF3C3_HUMAN:sp|A6NN14|ZN729_HUMAN:sp|Q9ULL8|SHRM4_HUMAN:sp|P08235|MCR_HUMAN:sp|P01011|AACT_HUMAN:sp|P51508|ZNF81_HUMAN:sp|Q8TF01|PNISR_HUMAN:sp|Q8NF91|SYNE1_HUMAN:sp|Q5JQC9|AKAP4_HUMAN:sp|Q16637|SMN_HUMAN:sp|O75346|ZN253_HUMAN:sp|Q5TH69|BIG3_HUMAN:sp|P10242|MYB_HUMAN:sp|P17020|ZNF16_HUMAN:sp|P0C7X3|CCYL3_HUMAN:sp|Q03001|DYST_HUMAN:sp|Q6ZMP0|THSD4_HUMAN:tr|A0A8V8TMC4|A0A8V8TMC4_HUMAN:sp|Q86YW0|PLCZ1_HUMAN:sp|Q9UPN3|MACF1_HUMAN:sp|O75962|TRIO_HUMAN,DeepNovo
K(+42.01)SFLKKLLEELTGP,51.35,1643.9497,14,35.7,14,4.8,548.99316,3,25.9338,5.2338,0.70,9647,HFX193_IPP292_GEL_CRC_324_Even.raw,1.37E7,9.7E7,2,2,2,2,"Acetylation (N-term)",,0 0 0 4 1 0 0 1 5 5 20 20 0 0,K(+42.01)SFLKKLLEELTGP,sp|Q8IVL1|NAV2_HUMAN:sp|Q8TDF6|GRP4_HUMAN:sp|O15315|RA51B_HUMAN:sp|Q9BY07|S4A5_HUMAN:sp|Q9BW27|NUP85_HUMAN:sp|Q15363|TMED2_HUMAN:sp|P42356|PI4KA_HUMAN:sp|P35354|PGH2_HUMAN:sp|Q8N4C8|MINK1_HUMAN:sp|Q8IZX4|TAF1L_HUMAN:sp|P46013|KI67_HUMAN:sp|Q8NB90|SPAT5_HUMAN:sp|P04217|A1BG_HUMAN:sp|Q5GFL6|VWA2_HUMAN:sp|Q96AE7|TTC17_HUMAN:sp|Q9HAH7|FBRS_HUMAN:sp|P42898|MTHR_HUMAN:sp|P28340|DPOD1_HUMAN:sp|Q8IYH5|ZZZ3_HUMAN:sp|Q0VD83|APOBR_HUMAN:sp|O75382|TRIM3_HUMAN:sp|Q9Y490|TLN1_HUMAN:sp|Q8ND30|LIPB2_HUMAN:sp|P04626|ERBB2_HUMAN:sp|Q9NVD7|PARVA_HUMAN:sp|Q6ZP82|CC141_HUMAN:sp|Q96RG2|PASK_HUMAN:sp|Q9NYP3|DONS_HUMAN:sp|O94953|KDM4B_HUMAN:sp|Q9UIF9|BAZ2A_HUMAN:sp|A3KN83|SBNO1_HUMAN:sp|P21675|TAF1_HUMAN:sp|Q8TE82|S3TC1_HUMAN:sp|P11926|DCOR_HUMAN:sp|Q9H0H0|INT2_HUMAN:sp|Q5SQN1|SNP47_HUMAN:sp|Q9UPN3|MACF1_HUMAN:sp|Q9GZV1|ANKR2_HUMAN:sp|O60287|NPA1P_HUMAN,DeepNovo
K(+42.01)SFVKTGSVVYLR,72.97,1524.8663,13,46.2,13,2.3,382.22473,4,37.8417,3.0417,0.16,14565,HFX193_IPP292_GEL_CRC_324_Odd.raw,8.54E5,5.27E6,1,1,1,1,"Acetylation (N-term)",,0 0 19 19 33 0 0 0 0 0 3 3 5,K(+42.01)SFVKTGSVVYLR,,DeepNovo
K(+42.01)SGGKLLLRLK,35.13,1253.8184,11,27.3,11,1.3,418.94724,3,40.7152,10.1152,0.29,15657,HFX193_IPP292_GEL_CRC_324_Even.raw,2.4E6,1.4E7,2,2,2,2,"Acetylation (N-term)",,0 0 0 0 2 4 1 1 1 1 3,K(+42.01)SGGKLLLRLK,sp|O95006|OR2F2_HUMAN:sp|O60290|ZN862_HUMAN:sp|P47989|XDH_HUMAN:sp|Q9UGF6|OR5V1_HUMAN:sp|Q5VT06|CE350_HUMAN:sp|P58418|CLRN1_HUMAN:sp|Q6PIW4|FIGL1_HUMAN:sp|Q9UKZ4|TEN1_HUMAN:sp|Q9Y5B6|PAXB1_HUMAN:sp|Q9H3S3|TMPS5_HUMAN:sp|Q6UB98|ANR12_HUMAN:sp|Q8N3Y3|LARG2_HUMAN:sp|Q7L985|LIGO2_HUMAN:sp|Q5T5M9|CCNJ_HUMAN:sp|P11055|MYH3_HUMAN:sp|Q8NGG4|OR8H1_HUMAN:sp|Q3SYG4|PTHB1_HUMAN:sp|P55268|LAMB2_HUMAN:sp|Q92621|NU205_HUMAN:sp|Q8NAN2|MIGA1_HUMAN:sp|Q96LB2|MRGX1_HUMAN:sp|Q49AM1|MTEF2_HUMAN:sp|Q9NZ71|RTEL1_HUMAN:sp|Q8WZ75|ROBO4_HUMAN:sp|A6NMS3|OR5K4_HUMAN:sp|Q7Z6W1|TMCO2_HUMAN:sp|A0AV02|S12A8_HUMAN:sp|Q9Y2K7|KDM2A_HUMAN:sp|Q13489|BIRC3_HUMAN:sp|Q6ZN08|ZNF66_HUMAN:sp|A6NGR9|MROH6_HUMAN:sp|Q2PPJ7|RGPA2_HUMAN:sp|Q9H1A7|RPB1C_HUMAN:sp|A6NCI4|VWA3A_HUMAN:sp|P39086|GRIK1_HUMAN:sp|Q9NRK6|ABCBA_HUMAN:sp|Q14296|FASTK_HUMAN:sp|Q96R48|OR2A5_HUMAN:sp|Q15102|PA1B3_HUMAN:sp|Q5TCY1|TTBK1_HUMAN:sp|Q9UIW2|PLXA1_HUMAN:sp|Q14527|HLTF_HUMAN:sp|A6NE52|WDR97_HUMAN:sp|Q9UKF6|CPSF3_HUMAN:sp|Q3MIX3|ADCK5_HUMAN:sp|Q495B1|AKD1A_HUMAN:sp|Q9HA82|CERS4_HUMAN:sp|P43220|GLP1R_HUMAN:sp|P01185|NEU2_HUMAN:sp|Q8IY17|PLPL6_HUMAN:sp|P27361|MK03_HUMAN:sp|O43734|CIKS_HUMAN:sp|O14917|PCD17_HUMAN:sp|P51160|PDE6C_HUMAN:NDUFC2_DEL_AA-p.F69Cfs*9_::chr11:78072601-78073602_frame=2:sp|Q14674|ESPL1_HUMAN:sp|O14638|ENPP3_HUMAN:sp|O75469|NR1I2_HUMAN:sp|Q32P44|EMAL3_HUMAN:sp|Q86UV5|UBP48_HUMAN:sp|O75355|ENTP3_HUMAN:sp|P10589|COT1_HUMAN:sp|Q8N884|CGAS_HUMAN:sp|Q6P9F0|CCD62_HUMAN:sp|O14522|PTPRT_HUMAN:sp|Q9HB96|FANCE_HUMAN:sp|P47869|GBRA2_HUMAN:sp|Q6P2Q9|PRP8_HUMAN:sp|O95221|OR5F1_HUMAN:ENO4_DEL_A-p.K207Rfs*32_::chr10:116858617-116859617_frame=2:sp|P28482|MK01_HUMAN:sp|Q27J81|INF2_HUMAN:sp|Q9NQ48|LZTL1_HUMAN:sp|Q9HAW8|UD110_HUMAN:sp|Q96JM4|LRIQ1_HUMAN:sp|O95237|LRAT_HUMAN:sp|Q8N307|MUC20_HUMAN:sp|Q9H1K0|RBNS5_HUMAN:sp|Q9BQL6|FERM1_HUMAN:sp|Q12852|M3K12_HUMAN:sp|O14764|GBRD_HUMAN:sp|O60762|DPM1_HUMAN:sp|Q2VPK5|CTU2_HUMAN:sp|O95155|UBE4B_HUMAN:sp|A6NES4|MRO2A_HUMAN:sp|Q9UHI7|S23A1_HUMAN:sp|Q6IFG1|O52E8_HUMAN:sp|O14746|TERT_HUMAN:sp|Q86VD7|S2542_HUMAN:sp|Q3KNS1|PTHD3_HUMAN:sp|Q6NW34|NEPRO_HUMAN:sp|Q6ZR08|DYH12_HUMAN:sp|O43520|AT8B1_HUMAN:sp|P42345|MTOR_HUMAN:sp|A0A1B0GTU1|ZC11B_HUMAN:sp|Q8IY33|MILK2_HUMAN:sp|P46531|NOTC1_HUMAN:sp|P52435|RPB11_HUMAN:sp|Q8NGD1|OR4N2_HUMAN:sp|Q9Y5F6|PCDGM_HUMAN:sp|P52798|EFNA4_HUMAN:sp|Q9UBD6|RHCG_HUMAN:sp|Q86Y13|DZIP3_HUMAN:sp|Q86UK0|ABCAC_HUMAN:sp|Q9Y238|DLEC1_HUMAN:sp|Q9Y222|DMTF1_HUMAN:sp|Q96KR7|PHAR3_HUMAN:sp|Q13488|VPP3_HUMAN:sp|Q8N9W7|YO010_HUMAN:sp|Q9NWL6|ASND1_HUMAN:sp|Q9Y623|MYH4_HUMAN:sp|Q12893|TM115_HUMAN:sp|Q9NQW8|CNGB3_HUMAN:sp|Q7Z4N2|TRPM1_HUMAN:sp|Q6W4X9|MUC6_HUMAN:sp|Q9HBT7|ZN287_HUMAN:sp|Q99832|TCPH_HUMAN:sp|Q96PZ7|CSMD1_HUMAN:sp|P01137|TGFB1_HUMAN:sp|Q6UY09|CEA20_HUMAN,DeepNovo
K(+42.01)SGGSVVKV,45.86,901.5233,9,77.8,9,-0.7,451.76859,2,44.1656,16.1656,0.29,17077,HFX193_IPP292_GEL_CRC_324_Odd.raw,3.63E5,3.08E6,1,1,1,1,"Acetylation (N-term)",,5 4 0 0 3 3 9 7 5,K(+42.01)SGGSVVKV,sp|Q5VYS4|MEDAG_HUMAN:sp|Q9UNE2|RPH3L_HUMAN:sp|P21817|RYR1_HUMAN:sp|Q9ULM3|YETS2_HUMAN:sp|Q13103|SPP24_HUMAN:sp|Q5JTH9|RRP12_HUMAN:sp|P0C5Y4|KRA14_HUMAN:sp|Q9UIU6|SIX4_HUMAN:sp|Q8TD57|DYH3_HUMAN:sp|P45974|UBP5_HUMAN:sp|P48431|SOX2_HUMAN:sp|Q6ZRS2|SRCAP_HUMAN:sp|P41225|SOX3_HUMAN:sp|Q9HCM3|K1549_HUMAN:sp|Q13428|TCOF_HUMAN:sp|P46013|KI67_HUMAN:sp|Q6UX06|OLFM4_HUMAN:sp|O00506|STK25_HUMAN:sp|Q9Y2E6|DTX4_HUMAN:sp|P0C5J1|F86B2_HUMAN:sp|Q7KZF4|SND1_HUMAN:sp|Q12766|HMGX3_HUMAN:sp|Q9NQ79|CRAC1_HUMAN:sp|Q5T5X7|BEND3_HUMAN:sp|Q8NFD5|ARI1B_HUMAN:sp|P51532|SMCA4_HUMAN:sp|Q8N398|VW5B2_HUMAN:sp|Q8N3P4|VPS8_HUMAN:sp|Q6Q0C0|TRAF7_HUMAN:sp|Q9HCE7|SMUF1_HUMAN:sp|Q3SY84|K2C71_HUMAN:sp|Q99805|TM9S2_HUMAN:sp|Q92997|DVL3_HUMAN:sp|A4FU49|SH321_HUMAN:sp|Q9ULI3|HEG1_HUMAN:sp|O14627|CDX4_HUMAN:sp|Q8TCU4|ALMS1_HUMAN:sp|O00233|PSMD9_HUMAN:sp|Q9Y5W5|WIF1_HUMAN:sp|Q5SYB0|FRPD1_HUMAN:sp|Q9P0M9|RM27_HUMAN:sp|O00329|PK3CD_HUMAN:sp|Q06278|AOXA_HUMAN:sp|Q9Y2E4|DIP2C_HUMAN:sp|P50548|ERF_HUMAN:sp|Q01740|FMO1_HUMAN:sp|Q9GZR1|SENP6_HUMAN:sp|Q6ZRI0|OTOG_HUMAN:sp|Q8NEV4|MYO3A_HUMAN:sp|P23490|LORI_HUMAN:sp|Q7Z6Z7|HUWE1_HUMAN:sp|Q08380|LG3BP_HUMAN:sp|Q6JVE6|LCN10_HUMAN:sp|Q6PI48|SYDM_HUMAN:sp|Q14517|FAT1_HUMAN:sp|Q96G04|EF2KT_HUMAN:sp|Q96N03|VTM2L_HUMAN:sp|P11717|MPRI_HUMAN:sp|Q8WW32|HMGB4_HUMAN:sp|Q96JJ7|TMX3_HUMAN:sp|Q8NFI3|ENASE_HUMAN:sp|Q5T8A7|PPR26_HUMAN:tr|A0A8V8TLD8|A0A8V8TLD8_HUMAN:sp|Q9Y252|RNF6_HUMAN:sp|O75157|T22D2_HUMAN:sp|Q03167|TGBR3_HUMAN:sp|Q9ULB5|CADH7_HUMAN:sp|Q86XK7|VSIG1_HUMAN:sp|Q8WZ42|TITIN_HUMAN:sp|Q6PJT7|ZC3HE_HUMAN:sp|Q9UBV2|SE1L1_HUMAN:sp|Q9UKL0|RCOR1_HUMAN:sp|Q99829|CPNE1_HUMAN:sp|Q8NDV7|TNR6A_HUMAN:sp|Q9ULJ8|NEB1_HUMAN:sp|Q99470|SDF2_HUMAN:sp|P10074|TZAP_HUMAN:sp|Q9HAH1|ZN556_HUMAN:sp|A5LHX3|PSB11_HUMAN:sp|Q6PKH6|DR4L2_HUMAN:sp|O95747|OXSR1_HUMAN:sp|Q8N7N1|F86B1_HUMAN:sp|Q7Z739|YTHD3_HUMAN:sp|A6NES4|MRO2A_HUMAN:sp|Q8IXJ9|ASXL1_HUMAN:sp|Q5TA78|LCE4A_HUMAN:sp|Q08629|TICN1_HUMAN:sp|Q70CQ2|UBP34_HUMAN:sp|Q86VE3|SATL1_HUMAN:sp|O00571|DDX3X_HUMAN:sp|O75420|GGYF1_HUMAN:sp|Q8IWB6|TEX14_HUMAN:sp|Q9BTZ2|DHRS4_HUMAN:sp|Q9Y6N8|CAD10_HUMAN:sp|Q8NDZ2|SIMC1_HUMAN:sp|O43149|ZZEF1_HUMAN:sp|Q7Z407|CSMD3_HUMAN:sp|O75976|CBPD_HUMAN:sp|P51787|KCNQ1_HUMAN:sp|A0A1B0GTU1|ZC11B_HUMAN:sp|Q4G0T1|SRCRM_HUMAN:sp|Q8WVS4|DC2I1_HUMAN:sp|Q15652|JHD2C_HUMAN:sp|Q7Z5P9|MUC19_HUMAN:sp|Q8WXG9|AGRV1_HUMAN:sp|O75874|IDHC_HUMAN:sp|Q92994|TF3B_HUMAN:sp|P48382|RFX5_HUMAN:sp|Q9C0G0|ZN407_HUMAN:sp|A0A0C4DH41|HV461_HUMAN:sp|Q86WV5|TEN1L_HUMAN:sp|O75152|ZC11A_HUMAN:sp|P61956|SUMO2_HUMAN:sp|Q9HCK8|CHD8_HUMAN:sp|O75179|ANR17_HUMAN:sp|Q9H078|CLPB_HUMAN:sp|Q6IEG0|SNR48_HUMAN:sp|P0DQW0|ZC11C_HUMAN:sp|Q15036|SNX17_HUMAN:sp|Q8NFW1|COMA1_HUMAN,DeepNovo
K(+42.01)SKGALLKASPK,45.52,1268.7816,12,75.0,12,1.3,423.93503,3,32.1983,14.1983,0.60,12197,HFX193_IPP292_GEL_CRC_324_Even.raw,4.39E4,5.85E5,1,1,1,1,"Acetylation (N-term)",,5 0 0 0 4 4 10 6 4 4 12 5,K(+42.01)SKGALLKASPK,sp|A6NJ88|SGE2P_HUMAN:sp|Q6UVK1|CSPG4_HUMAN:ESRP1_DEL_A-p.N512Tfs*2_::chr8:94673883-94674883_frame=-1:sp|Q93034|CUL5_HUMAN:sp|Q6ZRS2|SRCAP_HUMAN:sp|B7ZC32|KIF28_HUMAN:sp|P50583|AP4A_HUMAN:sp|Q13428|TCOF_HUMAN:sp|B2RU33|POTEC_HUMAN:sp|Q8IVB4|SL9A9_HUMAN:sp|Q9P225|DYH2_HUMAN:sp|Q9HBU6|EKI1_HUMAN:sp|Q13515|BFSP2_HUMAN:sp|Q86YR6|POTED_HUMAN:sp|O14513|NCKP5_HUMAN:sp|Q15034|HERC3_HUMAN:sp|Q92750|TAF4B_HUMAN:sp|Q9H0L4|CSTFT_HUMAN:sp|P43246|MSH2_HUMAN:sp|O75151|PHF2_HUMAN:sp|Q96L91|EP400_HUMAN:sp|Q53TS8|CTSRT_HUMAN:sp|Q709C8|VP13C_HUMAN:sp|A6NCI4|VWA3A_HUMAN:sp|P63133|POK8_HUMAN:sp|Q8TBB1|LNX1_HUMAN:sp|Q5TZA2|CROCC_HUMAN:sp|Q765P7|MTSS2_HUMAN:sp|Q9UPA5|BSN_HUMAN:sp|Q9ULI4|KI26A_HUMAN:sp|Q96QA5|GSDMA_HUMAN:sp|O95393|BMP10_HUMAN:sp|Q96N66|MBOA7_HUMAN:sp|P51587|BRCA2_HUMAN:sp|Q9Y5G5|PCDG8_HUMAN:sp|Q8WUY3|PRUN2_HUMAN:sp|Q5JYT7|K1755_HUMAN:sp|Q96PX9|PKH4B_HUMAN:sp|Q9Y4I5|MTL5_HUMAN:sp|P13569|CFTR_HUMAN:sp|P15924|DESP_HUMAN:sp|Q8TES7|FBF1_HUMAN:sp|Q9Y6I8|PXMP4_HUMAN:sp|Q96QK1|VPS35_HUMAN:sp|A6NCC3|GOG8O_HUMAN:sp|I6L899|GOG8R_HUMAN:sp|Q14674|ESPL1_HUMAN:sp|Q8TC27|ADA32_HUMAN:sp|Q9Y228|T3JAM_HUMAN:sp|Q9Y2D0|CAH5B_HUMAN:sp|Q9Y618|NCOR2_HUMAN:sp|B6A8C7|TARM1_HUMAN:sp|Q6P4F7|RHGBA_HUMAN:sp|A6NN73|GOG8C_HUMAN:sp|Q96S42|NODAL_HUMAN:sp|P24593|IBP5_HUMAN:sp|E2RYF6|MUC22_HUMAN:sp|P10827|THA_HUMAN:sp|P41235|HNF4A_HUMAN:sp|Q9BQQ3|GORS1_HUMAN:sp|Q9ULD9|ZN608_HUMAN:sp|Q96MI9|CBPC4_HUMAN:sp|Q69YL0|NCAS2_HUMAN:sp|Q16881|TRXR1_HUMAN:sp|Q8TD22|SFXN5_HUMAN:sp|Q53TQ3|IN80D_HUMAN:sp|P63145|GAK24_HUMAN:sp|Q9NZ52|GGA3_HUMAN:sp|Q86WN1|FCSD1_HUMAN:sp|Q15555|MARE2_HUMAN:sp|A1L0T0|HACL2_HUMAN:sp|P50914|RL14_HUMAN:sp|Q08AF3|SLFN5_HUMAN:sp|Q0D2H9|GOG8D_HUMAN:sp|P63128|POK9_HUMAN:sp|P35914|HMGCL_HUMAN:sp|A0A0A6YYL3|POTEB_HUMAN:sp|Q9HC21|TPC_HUMAN:sp|Q9H2D6|TARA_HUMAN:sp|Q9NRC6|SPTN5_HUMAN:sp|Q5UE93|PI3R6_HUMAN:sp|P10696|PPBN_HUMAN:sp|P59773|MNARL_HUMAN:sp|Q6ZSK4|NTAS1_HUMAN:sp|O75912|DGKI_HUMAN:sp|O00410|IPO5_HUMAN:sp|P01031|CO5_HUMAN:sp|Q8IYS4|DAAF8_HUMAN:sp|O94759|TRPM2_HUMAN:sp|P15813|CD1D_HUMAN:sp|P19484|TFEB_HUMAN:sp|Q02505|MUC3A_HUMAN:sp|Q2M1Z3|RHG31_HUMAN:sp|Q9UPP1|PHF8_HUMAN:sp|Q96LK8|SPT32_HUMAN:sp|P10515|ODP2_HUMAN:sp|Q96CN7|ISOC1_HUMAN:sp|Q9NRC1|ST7_HUMAN:sp|Q9Y2U2|KCNK7_HUMAN:sp|Q9H270|VPS11_HUMAN:sp|P10828|THB_HUMAN:sp|O60330|PCDGC_HUMAN:sp|Q9HCE3|ZN532_HUMAN:sp|Q9UKT4|FBX5_HUMAN:sp|P37023|ACVL1_HUMAN:sp|P20742|PZP_HUMAN:sp|P51449|RORG_HUMAN:sp|Q8N695|SC5A8_HUMAN:sp|Q8TEC5|SH3R2_HUMAN:sp|Q9ULV0|MYO5B_HUMAN:sp|Q6ZQW0|I23O2_HUMAN:sp|H3BUK9|POTB2_HUMAN:sp|Q3ZLR7|SP201_HUMAN:sp|P55851|UCP2_HUMAN:sp|Q03164|KMT2A_HUMAN:sp|Q9UDY2|ZO2_HUMAN:sp|Q8TF21|ANR24_HUMAN:sp|Q9H6K5|PRR36_HUMAN:sp|P55055|NR1H2_HUMAN:sp|P49908|SEPP1_HUMAN,DeepNovo
K(+42.01)SKKISL,24.57,844.5382,7,100.0,7,0.4,423.27652,2,41.3144,16.7144,0.52,15926,HFX193_IPP292_GEL_CRC_324_Odd.raw,9.61E5,8.05E6,2,2,2,2,"Acetylation (N-term)",,5 4 4 6 6 20 5,K(+42.01)SKKISL,sp|P46940|IQGA1_HUMAN,DB Search
K(+42.01)SKKVSL,24.49,830.5225,7,71.4,7,1.0,416.26895,2,37.0642,16.6642,0.52,14198,HFX193_IPP292_GEL_CRC_324_Odd.raw,4.4E5,3.57E6,1,1,1,1,"Acetylation (N-term)",,3 0 1 6 6 28 5,K(+42.01)SKKVSL,sp|Q6IV72|ZN425_HUMAN:sp|O15116|LSM1_HUMAN:sp|Q9P2F6|RHG20_HUMAN:sp|Q9HBG6|IF122_HUMAN:sp|Q96M43|NBPF4_HUMAN:sp|P36508|ZNF76_HUMAN:sp|O75891|AL1L1_HUMAN:sp|Q86V59|PNM8A_HUMAN:sp|Q8IVG5|SAM9L_HUMAN:sp|Q8TDV0|GP151_HUMAN:sp|Q8NGL6|O4A15_HUMAN:sp|Q96DX4|RSPRY_HUMAN:sp|Q8ND71|GIMA8_HUMAN:sp|P42229|STA5A_HUMAN:sp|Q9BRR9|RHG09_HUMAN:sp|Q6ZQT7|YJ013_HUMAN:sp|Q13467|FZD5_HUMAN:sp|Q8NH67|O52I2_HUMAN:sp|Q86WA6|BPHL_HUMAN:sp|Q5JS13|RGPS1_HUMAN:sp|P20794|MAK_HUMAN:sp|Q6ZUG5|YC006_HUMAN:sp|Q8N2N9|AN36B_HUMAN:sp|O14686|KMT2D_HUMAN:sp|P11168|GTR2_HUMAN:sp|Q5VWK0|NBPF6_HUMAN:sp|Q9NP91|S6A20_HUMAN:sp|O75445|USH2A_HUMAN:sp|Q9NPC6|MYOZ2_HUMAN:sp|O43526|KCNQ2_HUMAN:sp|Q15431|SYCP1_HUMAN:sp|Q86XR8|CEP57_HUMAN:sp|P22680|CP7A1_HUMAN:sp|Q12904|AIMP1_HUMAN:sp|Q3SY69|AL1L2_HUMAN:sp|Q9UPV7|PHF24_HUMAN:sp|Q9BXT5|TEX15_HUMAN:sp|P60842|IF4A1_HUMAN:sp|Q9NYQ8|FAT2_HUMAN:sp|P51587|BRCA2_HUMAN:sp|O14709|ZN197_HUMAN:sp|Q86UW6|N4BP2_HUMAN:sp|O75326|SEM7A_HUMAN:sp|Q8N945|PRLD2_HUMAN:sp|Q5JPF3|AN36C_HUMAN:sp|A6QL64|AN36A_HUMAN:sp|P51692|STA5B_HUMAN:sp|O43314|VIP2_HUMAN:sp|Q8N1P7|CRBG2_HUMAN:sp|Q96RK4|BBS4_HUMAN:sp|Q9Y2K3|MYH15_HUMAN:tr|A0A2R8YE69|A0A2R8YE69_HUMAN:sp|Q96D46|NMD3_HUMAN:sp|Q9BRP7|FDXA1_HUMAN:sp|Q9NXG0|CNTLN_HUMAN:sp|P01023|A2MG_HUMAN:sp|O75052|CAPON_HUMAN:sp|Q9Y289|SC5A6_HUMAN:sp|Q8N816|TMM99_HUMAN:sp|Q8IZD2|KMT2E_HUMAN:sp|Q8WUF8|F172A_HUMAN:sp|Q6ZRI0|OTOG_HUMAN:sp|Q14240|IF4A2_HUMAN:sp|Q96DT5|DYH11_HUMAN:sp|Q9C0A6|SETD5_HUMAN:sp|Q96B01|R51A1_HUMAN:sp|Q13114|TRAF3_HUMAN:sp|Q9Y6V0|PCLO_HUMAN:sp|P57737|CORO7_HUMAN:sp|P11532|DMD_HUMAN:sp|Q8NCM8|DYHC2_HUMAN:sp|Q9UKD2|MRT4_HUMAN:sp|Q5THK1|PR14L_HUMAN:sp|Q8TEP8|CE192_HUMAN,DeepNovo
K(+42.01)SLELKTL,20.45,972.5855,8,75.0,8,0.1,487.30011,2,39.5521,2.7521,0.75,15206,HFX193_IPP292_GEL_CRC_324_Odd.raw,2.24E5,2.88E6,1,1,1,1,"Acetylation (N-term)",,0 0 2 2 3 8 15 5,K(+42.01)SLELKTL,sp|Q14789|GOGB1_HUMAN:sp|P40937|RFC5_HUMAN:sp|P35968|VGFR2_HUMAN:sp|Q8TE73|DYH5_HUMAN:sp|Q0VFZ6|CF210_HUMAN:sp|Q7L0Y3|TM10C_HUMAN:sp|Q86VB7|C163A_HUMAN:sp|O95347|SMC2_HUMAN:sp|Q8TBZ0|CC110_HUMAN:sp|Q8IXS6|PALM2_HUMAN:sp|P52655|TF2AA_HUMAN:sp|Q8N8E3|CE112_HUMAN:sp|Q9UNA1|RHG26_HUMAN:sp|Q9H3Y6|SRMS_HUMAN:sp|P04114|APOB_HUMAN:sp|A6NMS3|OR5K4_HUMAN:sp|Q12889|OVGP1_HUMAN:sp|Q6W2J9|BCOR_HUMAN:sp|Q8NGC7|O11H6_HUMAN:sp|Q53TS8|CTSRT_HUMAN:sp|P18846|ATF1_HUMAN:sp|Q8NB25|F184A_HUMAN:sp|Q8WWI5|CTL1_HUMAN:sp|Q9H2A2|AL8A1_HUMAN:sp|Q8NHB7|OR5K1_HUMAN:sp|Q96BW1|UPP_HUMAN:sp|Q9UPA5|BSN_HUMAN:sp|Q9UJX5|APC4_HUMAN:sp|Q6MZW2|FSTL4_HUMAN:sp|Q86YF9|DZIP1_HUMAN:sp|Q7Z4L5|TT21B_HUMAN:sp|O00206|TLR4_HUMAN:sp|P43487|RANG_HUMAN:sp|Q9HC77|CENPJ_HUMAN:sp|Q9Y2I9|TBC30_HUMAN:sp|P16885|PLCG2_HUMAN:sp|Q96K83|ZN521_HUMAN:sp|Q5VWP2|TET5C_HUMAN:sp|Q8N3D4|EH1L1_HUMAN:sp|Q86SE5|RALYL_HUMAN:sp|Q8N6H7|ARFG2_HUMAN:sp|P46020|KPB1_HUMAN:sp|O94986|CE152_HUMAN:sp|Q9P0Z9|SOX_HUMAN:sp|Q8IZD2|KMT2E_HUMAN:sp|Q12840|KIF5A_HUMAN:sp|A6NGD5|ZSA5C_HUMAN:sp|A8MPP1|D11L8_HUMAN:sp|P12111|CO6A3_HUMAN:sp|P0CG00|ZSA5D_HUMAN:sp|P55327|TPD52_HUMAN:sp|P11532|DMD_HUMAN:sp|Q96BD5|PF21A_HUMAN:sp|O43301|HS12A_HUMAN:sp|Q92771|DDX12_HUMAN:sp|Q9NS87|KIF15_HUMAN:sp|Q8NGG2|OR5T2_HUMAN:sp|Q4G0A6|MINY4_HUMAN:sp|P33176|KINH_HUMAN:sp|Q96II8|LRCH3_HUMAN:sp|Q6IPM2|IQCE_HUMAN:sp|Q6ZN01|MASTR_HUMAN:sp|Q9UFH2|DYH17_HUMAN:sp|Q5VUA4|ZN318_HUMAN:sp|Q5T5S1|CC183_HUMAN:sp|Q9NUR3|TM74B_HUMAN:sp|Q8IWJ2|GCC2_HUMAN:sp|Q9NSB8|HOME2_HUMAN:sp|Q9C0I3|CCSE1_HUMAN:sp|O75771|RA51D_HUMAN:sp|Q86WT6|TRI69_HUMAN:sp|Q8N1N0|CLC4F_HUMAN:sp|P51790|CLCN3_HUMAN:sp|Q15776|ZKSC8_HUMAN:sp|O95714|HERC2_HUMAN:sp|P17655|CAN2_HUMAN:sp|Q8NHR7|TERB2_HUMAN:sp|Q8N8Q8|COX18_HUMAN:sp|Q6UWB1|I27RA_HUMAN:sp|Q96FC9|DDX11_HUMAN:sp|Q8NHB8|OR5K2_HUMAN:sp|Q9H607|OCEL1_HUMAN:sp|Q14258|TRI25_HUMAN:sp|P49815|TSC2_HUMAN:sp|Q96M86|DNHD1_HUMAN:sp|Q96IP4|TET5A_HUMAN:sp|Q5UIP0|RIF1_HUMAN:sp|P51793|CLCN4_HUMAN:sp|Q9NZ09|UBAP1_HUMAN:sp|P51795|CLCN5_HUMAN:sp|P49454|CENPF_HUMAN:sp|Q03518|TAP1_HUMAN:sp|P42892|ECE1_HUMAN:sp|Q3ZCN5|OTOGL_HUMAN:sp|Q9H8V3|ECT2_HUMAN:sp|Q9HD34|LYRM4_HUMAN:sp|Q6ZUS5|CC121_HUMAN:sp|O15078|CE290_HUMAN:sp|Q6ZRP7|QSOX2_HUMAN:sp|P07359|GP1BA_HUMAN:sp|P04424|ARLY_HUMAN:sp|Q12955|ANK3_HUMAN:sp|Q8NA47|CCD63_HUMAN:sp|Q69YQ0|CYTSA_HUMAN:sp|Q86X40|LRC28_HUMAN:sp|O60282|KIF5C_HUMAN:sp|O95125|ZN202_HUMAN:sp|Q8IYW2|CFA46_HUMAN:tr|C9JA33|C9JA33_HUMAN:sp|Q9UHY8|FEZ2_HUMAN:sp|P13805|TNNT1_HUMAN:sp|P02686|MBP_HUMAN:sp|O60701|UGDH_HUMAN:sp|O00469|PLOD2_HUMAN:sp|Q7L2K0|TEDC2_HUMAN:sp|Q8TDW7|FAT3_HUMAN:sp|Q5T4S7|UBR4_HUMAN:sp|P55212|CASP6_HUMAN:sp|Q8TD10|MIPO1_HUMAN:sp|P78316|NOP14_HUMAN,DeepNovo
K(+42.01)SLLKVRVK,15.63,1111.7441,9,33.3,9,1.8,556.88031,2,29.1610,-4.6390,0.37,10983,HFX193_IPP292_GEL_CRC_324_Even.raw,2.86E5,2.61E6,1,1,1,1,"Acetylation (N-term)",,0 0 0 1 4 2 1 1 2,K(+42.01)SLLKVRVK,sp|P59923|ZN445_HUMAN:sp|A0AVI2|FR1L5_HUMAN:sp|Q6ZN04|MEX3B_HUMAN:sp|Q5TCH4|CP4AM_HUMAN:sp|O60486|PLXC1_HUMAN:sp|Q86UU1|PHLB1_HUMAN:sp|O95544|NADK_HUMAN:sp|Q9H799|CPLN1_HUMAN:sp|Q06432|CCG1_HUMAN:sp|Q9H254|SPTN4_HUMAN:sp|Q8WZ42|TITIN_HUMAN:sp|Q6V1P9|PCD23_HUMAN:sp|Q9Y242|TCF19_HUMAN:sp|O95714|HERC2_HUMAN:sp|Q9Y3D0|CIA2B_HUMAN:sp|Q155Q3|DIXC1_HUMAN:sp|Q9UPW8|UN13A_HUMAN:sp|Q14990|ODFP1_HUMAN:sp|Q6Q759|SPG17_HUMAN:sp|Q7Z442|PK1L2_HUMAN:sp|Q8NB66|UN13C_HUMAN:sp|Q8IVW4|CDKL3_HUMAN:sp|Q5VVB8|TM244_HUMAN:sp|Q9H871|RMD5A_HUMAN:sp|P01024|CO3_HUMAN:sp|Q9NYQ6|CELR1_HUMAN:sp|P14784|IL2RB_HUMAN:sp|Q92614|MY18A_HUMAN:sp|P09529|INHBB_HUMAN:sp|P55103|INHBC_HUMAN:sp|Q5THJ4|VP13D_HUMAN:sp|P41743|KPCI_HUMAN:sp|Q8WVI0|UQCC5_HUMAN:sp|O14795|UN13B_HUMAN:sp|Q9Y305|ACOT9_HUMAN:sp|Q86XN8|MEX3D_HUMAN:sp|Q5T9S5|CCD18_HUMAN:sp|Q6PML9|ZNT9_HUMAN:sp|Q8TD31|CCHCR_HUMAN:sp|Q9BZL1|UBL5_HUMAN:sp|Q02928|CP4AB_HUMAN:sp|O60524|NEMF_HUMAN:sp|O15304|SIVA_HUMAN:sp|O94921|CDK14_HUMAN:sp|O94762|RECQ5_HUMAN:sp|Q6UY09|CEA20_HUMAN:sp|Q96EL3|RM53_HUMAN:sp|Q6ZMZ3|SYNE3_HUMAN:sp|Q14517|FAT1_HUMAN:sp|P78539|SRPX_HUMAN,DeepNovo
K(+42.01)SSLRAGKYGGVR,53.96,1419.7946,13,38.5,13,-0.4,355.95578,4,26.0352,0.7352,0.62,9692,HFX193_IPP292_GEL_CRC_324_Even.raw,8.53E5,6.74E6,2,2,2,2,"Acetylation (N-term)",,5 0 0 2 0 0 0 1 23 0 0 17 5,K(+42.01)SSLRAGKYGGVR,,DeepNovo
K(+42.01)SVGGKLYAV,36.58,1062.6073,10,70.0,10,2.6,532.31232,2,36.5443,12.1443,0.33,13985,HFX193_IPP292_GEL_CRC_324_Odd.raw,3.75E6,2.54E7,1,1,1,1,"Acetylation (N-term)",,3 3 0 0 0 4 4 10 17 5,K(+42.01)SVGGKLYAV,sp|Q8N436|CPXM2_HUMAN:sp|Q96CT2|KLH29_HUMAN:sp|Q8IZD9|DOCK3_HUMAN:sp|Q8TDX9|PK1L1_HUMAN:sp|O75694|NU155_HUMAN:sp|Q6ZMW3|EMAL6_HUMAN:sp|P12931|SRC_HUMAN:sp|O14744|ANM5_HUMAN:sp|Q9BXT8|RNF17_HUMAN:sp|Q9ULG1|INO80_HUMAN:sp|P82930|RT34_HUMAN:sp|Q96PQ7|KLHL5_HUMAN:sp|Q9BXR6|FHR5_HUMAN:sp|Q15003|CND2_HUMAN:sp|P42685|FRK_HUMAN:sp|Q96GX5|GWL_HUMAN:sp|O95714|HERC2_HUMAN:sp|O75676|KS6A4_HUMAN:sp|A6NCF5|KLH33_HUMAN:sp|Q15835|GRK1_HUMAN:sp|Q9BQS7|HEPH_HUMAN:sp|Q9UK32|KS6A6_HUMAN:sp|Q9NUQ6|SPS2L_HUMAN:sp|O75582|KS6A5_HUMAN:sp|Q9Y5P6|GMPPB_HUMAN:sp|Q969F0|FATE1_HUMAN:sp|Q9UH77|KLHL3_HUMAN:sp|Q8N1I0|DOCK4_HUMAN:sp|Q9BVR0|HRC23_HUMAN:sp|Q96RW7|HMCN1_HUMAN:sp|Q9Y5F3|PCDB1_HUMAN:sp|Q9BXW7|HDHD5_HUMAN:sp|Q15349|KS6A2_HUMAN:sp|Q9Y2I1|NISCH_HUMAN:sp|Q8TD19|NEK9_HUMAN:sp|O00555|CAC1A_HUMAN:sp|Q9UBS0|KS6B2_HUMAN:sp|Q96GW7|PGCB_HUMAN:sp|P16112|PGCA_HUMAN:sp|P09769|FGR_HUMAN:sp|Q2VPB7|AP5B1_HUMAN:sp|Q15878|CAC1E_HUMAN:sp|P01034|CYTC_HUMAN:sp|Q13349|ITAD_HUMAN:sp|Q9H6Z4|RANB3_HUMAN:sp|P50990|TCPQ_HUMAN:sp|P06241|FYN_HUMAN:sp|A2VEC9|SSPO_HUMAN:sp|Q8WWZ4|ABCAA_HUMAN:sp|Q13084|RM28_HUMAN:sp|Q86X55|CARM1_HUMAN:sp|P21781|FGF7_HUMAN,DeepNovo
K(+42.01)SVGM(+15.99)VAKVDK,40.91,1218.6642,11,81.8,11,1.9,407.22943,3,26.4984,5.8984,0.59,9903,HFX193_IPP292_GEL_CRC_324_Even.raw,6.37E5,5.04E6,1,1,1,1,"Acetylation (N-term);Oxidation (M)",,0 0 2 2 3 10 6 6 4 4 5,K(+42.01)SVGM(+15.99)VAKVDK,sp|Q8WZ82|OVCA2_HUMAN:sp|Q9UPT6|JIP3_HUMAN:sp|Q14565|DMC1_HUMAN:sp|Q8NBS9|TXND5_HUMAN:sp|Q8TDQ1|CLM1_HUMAN:sp|O75694|NU155_HUMAN:sp|Q7Z2Q7|LRR70_HUMAN:sp|P22748|CAH4_HUMAN:sp|Q14168|MPP2_HUMAN:sp|Q14974|IMB1_HUMAN:sp|Q27J81|INF2_HUMAN:sp|P16219|ACADS_HUMAN:sp|Q9P0S9|TM14C_HUMAN:sp|O15020|SPTN2_HUMAN:sp|P17540|KCRS_HUMAN:sp|Q9H488|OFUT1_HUMAN:sp|P39656|OST48_HUMAN:sp|Q5TBB1|RNH2B_HUMAN:sp|Q008S8|ECT2L_HUMAN:sp|P04114|APOB_HUMAN:sp|O00458|IFRD1_HUMAN:sp|Q99715|COCA1_HUMAN:sp|Q6P3R8|NEK5_HUMAN:sp|Q13507|TRPC3_HUMAN:sp|P49802|RGS7_HUMAN:sp|A0A0B4J271|TVAL3_HUMAN:sp|Q9NS86|LANC2_HUMAN:sp|P52888|THOP1_HUMAN:sp|Q9C0C7|AMRA1_HUMAN:sp|Q99463|NPY6R_HUMAN:sp|O95759|TBCD8_HUMAN:sp|P62906|RL10A_HUMAN:sp|Q92570|NR4A3_HUMAN:sp|Q96DN5|TBC31_HUMAN:sp|P00387|NB5R3_HUMAN:sp|Q05469|LIPS_HUMAN:sp|Q8WU79|SMAP2_HUMAN:sp|P26196|DDX6_HUMAN:sp|Q5M8T2|S35D3_HUMAN:sp|Q5TCS8|KAD9_HUMAN:sp|Q6UWX4|HIPL2_HUMAN:sp|Q9ULG3|CFA92_HUMAN:sp|Q9UBW7|ZMYM2_HUMAN:sp|P11216|PYGB_HUMAN:sp|Q9NY47|CA2D2_HUMAN:sp|Q8NDH2|CC168_HUMAN:sp|O14896|IRF6_HUMAN:sp|Q06609|RAD51_HUMAN:sp|O00763|ACACB_HUMAN:sp|O15078|CE290_HUMAN:sp|P50542|PEX5_HUMAN:sp|Q9NRR1|CYTL1_HUMAN:sp|P00568|KAD1_HUMAN:sp|Q9Y666|S12A7_HUMAN:sp|Q9BVI0|PHF20_HUMAN:sp|P48735|IDHP_HUMAN:sp|Q4G0S4|C27C1_HUMAN:sp|Q99835|SMO_HUMAN:sp|Q969L2|MAL2_HUMAN:sp|Q86X55|CARM1_HUMAN:sp|P12532|KCRU_HUMAN,DeepNovo
K(+42.01)SVKPKGRKKK,20.93,1324.8667,11,36.4,11,3.8,442.63116,3,19.8914,-1.5086,0.11,7266,HFX193_IPP292_GEL_CRC_324_Odd.raw,1.06E5,1.39E6,1,1,1,1,"Acetylation (N-term)",,0 0 2 1 1 5 0 0 1 3 5,K(+42.01)SVKPKGRKKK,,DeepNovo
K(+42.01)SVKVVAL,22.33,884.5695,8,100.0,8,1.3,443.29260,2,35.1486,7.7486,0.74,13420,HFX193_IPP292_GEL_CRC_324_Odd.raw,2.18E6,1.44E7,1,1,1,1,"Acetylation (N-term)",,5 3 3 2 2 6 24 5,K(+42.01)SVKVVAL,sp|Q6UVK1|CSPG4_HUMAN:sp|Q9NS39|RED2_HUMAN:sp|P30044|PRDX5_HUMAN:sp|Q13188|STK3_HUMAN:sp|Q86UR5|RIMS1_HUMAN:sp|Q9Y6N7|ROBO1_HUMAN:sp|Q9NRP7|STK36_HUMAN:sp|O00180|KCNK1_HUMAN:sp|Q5GLZ8|HERC4_HUMAN:sp|Q9H5Q4|TFB2M_HUMAN:sp|Q5H9R4|ARMX4_HUMAN:sp|P51788|CLCN2_HUMAN:sp|O14556|G3PT_HUMAN:sp|Q9Y6E0|STK24_HUMAN:sp|Q6ZTU2|E400N_HUMAN:sp|Q9UKZ4|TEN1_HUMAN:sp|Q15165|PON2_HUMAN:sp|P24001|IL32_HUMAN:sp|Q8IZP0|ABI1_HUMAN:sp|Q9BYB0|SHAN3_HUMAN:sp|A4D0S4|LAMB4_HUMAN:sp|Q96R84|OR1F2_HUMAN:sp|Q8N148|OR6V1_HUMAN:sp|Q8WTW3|COG1_HUMAN:sp|Q6YI46|TMM64_HUMAN:sp|O00258|GET1_HUMAN:sp|Q96P47|AGAP3_HUMAN:sp|Q13761|RUNX3_HUMAN:sp|Q8NE28|STKL1_HUMAN:sp|Q5TEJ8|THMS2_HUMAN:sp|Q08050|FOXM1_HUMAN:sp|Q9Y696|CLIC4_HUMAN:sp|Q9H251|CAD23_HUMAN:sp|O95180|CAC1H_HUMAN:sp|Q5EBM0|CMPK2_HUMAN:sp|Q9Y4R8|TELO2_HUMAN:sp|Q6XZF7|DNMBP_HUMAN:sp|Q9NUJ1|ABHDA_HUMAN:sp|Q96RT1|ERBIN_HUMAN:sp|Q01196|RUNX1_HUMAN:sp|Q8IUL8|CILP2_HUMAN:sp|Q9UPW8|UN13A_HUMAN:sp|Q5T6C5|AT7L2_HUMAN:sp|Q9GZT8|NIF3L_HUMAN:sp|Q8WYA6|CTBL1_HUMAN:sp|Q9NYB9|ABI2_HUMAN:sp|O00337|S28A1_HUMAN:sp|Q96ES6|MFSD3_HUMAN:sp|P55283|CADH4_HUMAN:sp|Q9BYE9|CDHR2_HUMAN:sp|Q12864|CAD17_HUMAN:sp|Q6P1N9|TATD1_HUMAN:sp|O00408|PDE2A_HUMAN:sp|Q6P1M9|ARMX5_HUMAN:sp|P0CF75|EBLN1_HUMAN:sp|Q5VT52|RPRD2_HUMAN:sp|Q13950|RUNX2_HUMAN:sp|P42345|MTOR_HUMAN:sp|P35523|CLCN1_HUMAN:sp|O43497|CAC1G_HUMAN:sp|Q9BZZ5|API5_HUMAN:sp|Q9UNY4|TTF2_HUMAN:sp|Q8WWH4|ASZ1_HUMAN:sp|Q8NF91|SYNE1_HUMAN:sp|Q96HE8|TMM80_HUMAN:sp|Q06187|BTK_HUMAN:sp|P01042|KNG1_HUMAN:sp|P21462|FPR1_HUMAN:sp|Q9UJ96|KCNG2_HUMAN:sp|Q92536|YLAT2_HUMAN:sp|Q9Y4D7|PLXD1_HUMAN:sp|Q15166|PON3_HUMAN:sp|Q6IQ21|ZN770_HUMAN:sp|O14795|UN13B_HUMAN:sp|Q8NFU7|TET1_HUMAN:sp|Q9UIX4|KCNG1_HUMAN:sp|O75191|XYLB_HUMAN:sp|Q86VP3|PACS2_HUMAN:sp|Q5VZ03|NXNL2_HUMAN:sp|Q9HC58|NCKX3_HUMAN:sp|Q8N6T3|ARFG1_HUMAN:sp|Q9P289|STK26_HUMAN,DeepNovo
K(+42.01)SVSLSSV,21.50,847.4651,8,100.0,8,-1.1,848.47144,1,66.5472,5.6472,0.62,26000,HFX193_IPP292_GEL_CRC_324_Even.raw,5.03E5,3.32E6,2,2,1,1,"Acetylation (N-term)",,4 4 14 20 35 39 9 5,K(+42.01)SVSLSSV,sp|P54762|EPHB1_HUMAN:sp|P35568|IRS1_HUMAN:sp|A1A519|F170A_HUMAN:sp|Q96R69|OR4F4_HUMAN:sp|B1ANS9|WDR64_HUMAN:sp|Q8NH21|OR4F5_HUMAN:sp|Q9NV06|DCA13_HUMAN:sp|Q8WXA9|SREK1_HUMAN:sp|Q96NH3|BROMI_HUMAN:sp|Q56UN5|M3K19_HUMAN:sp|P05161|ISG15_HUMAN:sp|Q5SYE7|NHSL1_HUMAN:sp|Q02779|M3K10_HUMAN:sp|Q96SZ6|CK5P1_HUMAN:sp|P27487|DPP4_HUMAN:sp|Q9Y676|RT18B_HUMAN:sp|P58753|TIRAP_HUMAN:sp|Q5T6F2|UBAP2_HUMAN:sp|Q5VTE6|ANGE2_HUMAN:sp|Q6ZP82|CC141_HUMAN:sp|Q9BXB1|LGR4_HUMAN:sp|O95977|S1PR4_HUMAN:sp|Q96FK6|WDR89_HUMAN:sp|Q9UKX7|NUP50_HUMAN:sp|Q96QE3|ATAD5_HUMAN:sp|Q9BZF2|OSBL7_HUMAN:sp|Q9H4K7|MTG2_HUMAN:sp|Q9UBL6|CPNE7_HUMAN:sp|Q96QZ0|PANX3_HUMAN:sp|P01860|IGHG3_HUMAN:sp|Q6ZU69|S31F1_HUMAN:sp|P32314|FOXN2_HUMAN:sp|Q6IPW1|CK071_HUMAN:sp|O00267|SPT5H_HUMAN:sp|Q8NI36|WDR36_HUMAN:sp|Q8TCU4|ALMS1_HUMAN:sp|P23471|PTPRZ_HUMAN:sp|Q4AC94|C2CD3_HUMAN:sp|Q13009|TIAM1_HUMAN:sp|Q8NGI2|O52N4_HUMAN:sp|Q8IZ20|ZN683_HUMAN:sp|Q9UQC9|CLCA2_HUMAN:sp|Q2KJY2|KI26B_HUMAN:sp|Q96LJ7|DHRS1_HUMAN:sp|Q8TDM6|DLG5_HUMAN:sp|Q9Y493|ZAN_HUMAN:sp|Q9NQW6|ANLN_HUMAN:sp|Q9Y271|CLTR1_HUMAN:sp|P31939|PUR9_HUMAN:sp|Q9P2G9|KLHL8_HUMAN:sp|Q96BY6|DOC10_HUMAN:sp|O95073|FSBP_HUMAN:sp|Q8N2E2|VWDE_HUMAN:sp|Q14517|FAT1_HUMAN:sp|P50453|SPB9_HUMAN:sp|P32249|GP183_HUMAN:sp|P10075|GLI4_HUMAN:sp|Q9NZN1|IRPL1_HUMAN:sp|Q9C0B0|UNK_HUMAN:sp|Q9UDT6|CLIP2_HUMAN:sp|Q9NZ52|GGA3_HUMAN:sp|Q8ND83|SLAI1_HUMAN:sp|A0A1B0GUA7|TEX51_HUMAN:sp|Q9H799|CPLN1_HUMAN:sp|O14788|TNF11_HUMAN:sp|Q8N5S1|S2541_HUMAN:sp|P31152|MK04_HUMAN:sp|Q5JV73|FRPD3_HUMAN:sp|O14841|OPLA_HUMAN:sp|Q92870|APBB2_HUMAN:sp|P51114|FXR1_HUMAN:sp|Q6ZU67|BEND4_HUMAN:sp|Q9Y2X9|ZN281_HUMAN:sp|Q8IV01|SYT12_HUMAN:RBM27_DEL_A-p.K816Nfs*5_::chr5:146267257-146268257_frame=2:sp|Q9ULE0|WWC3_HUMAN:sp|Q9NRC6|SPTN5_HUMAN:sp|Q8NFC6|BD1L1_HUMAN:sp|P42566|EPS15_HUMAN:sp|Q86XZ4|SPAS2_HUMAN:sp|Q68DA7|FMN1_HUMAN:sp|Q9Y2K5|R3HD2_HUMAN:sp|P56589|PEX3_HUMAN:sp|Q1HG44|DOXA2_HUMAN:sp|Q8IYU4|UBQLN_HUMAN:sp|Q12864|CAD17_HUMAN:sp|Q9BQ31|KCNS3_HUMAN:sp|O00444|PLK4_HUMAN:sp|Q96ER3|SAAL1_HUMAN:sp|Q9UKD1|GMEB2_HUMAN:sp|P08F94|PKHD1_HUMAN:sp|Q92619|HMHA1_HUMAN:sp|Q3LXA3|TKFC_HUMAN:sp|Q9Y6Y1|CMTA1_HUMAN:sp|P01861|IGHG4_HUMAN:sp|Q8N6Y1|PCD20_HUMAN:sp|P07942|LAMB1_HUMAN:sp|Q92878|RAD50_HUMAN:sp|P35670|ATP7B_HUMAN:sp|Q5T9C2|EEIG1_HUMAN:sp|Q1MSJ5|CSPP1_HUMAN:sp|Q6ZP29|LAAT1_HUMAN:sp|Q86XN7|PRSR1_HUMAN:sp|Q8N9U0|TAC2N_HUMAN:sp|O43379|WDR62_HUMAN:sp|Q9C0F0|ASXL3_HUMAN:sp|Q5JTW2|CEP78_HUMAN:sp|Q9Y3B1|PLD3B_HUMAN:sp|Q5CZC0|FSIP2_HUMAN:sp|Q9HCH5|SYTL2_HUMAN:sp|Q8NA03|FSIP1_HUMAN:sp|O95750|FGF19_HUMAN:sp|Q9H832|UBE2Z_HUMAN:sp|Q5MNZ9|WIPI1_HUMAN:sp|Q8TDW7|FAT3_HUMAN:sp|Q9H0E3|SP130_HUMAN:sp|Q14689|DIP2A_HUMAN:sp|Q0VDF9|HSP7E_HUMAN:sp|Q7Z628|ARHG8_HUMAN:sp|Q9Y4P8|WIPI2_HUMAN,DeepNovo
K(+42.01)SVVKVAL,25.09,884.5695,8,100.0,8,1.2,443.29254,2,34.9340,3.7340,0.56,13319,HFX193_IPP292_GEL_CRC_324_Even.raw,3.55E6,2.12E7,1,1,1,1,"Acetylation (N-term)",,5 3 3 5 5 7 27 5,K(+42.01)SVVKVAL,sp|Q8NGG6|OR8BC_HUMAN:sp|P05108|CP11A_HUMAN:sp|P52294|IMA5_HUMAN:sp|Q86UP0|CAD24_HUMAN:sp|Q9Y6M0|TEST_HUMAN:sp|Q92537|SUSD6_HUMAN:sp|P15121|ALDR_HUMAN:tr|A0A2R8YED5|A0A2R8YED5_HUMAN:sp|P08183|MDR1_HUMAN:sp|Q8NGG8|OR8B3_HUMAN:sp|Q14204|DYHC1_HUMAN:sp|O60684|IMA7_HUMAN:sp|Q9UBU8|MO4L1_HUMAN:sp|O60218|AK1BA_HUMAN:sp|O95342|ABCBB_HUMAN:sp|Q4G0T1|SRCRM_HUMAN:sp|Q99549|MPP8_HUMAN:sp|Q92556|ELMO1_HUMAN:sp|P51857|AK1D1_HUMAN:sp|O15204|ADEC1_HUMAN:sp|Q5VU43|MYOME_HUMAN:sp|Q15620|OR8B8_HUMAN:sp|Q96RD0|OR8B2_HUMAN:sp|O75122|CLAP2_HUMAN:sp|C9JRZ8|AK1BF_HUMAN:sp|Q13882|PTK6_HUMAN:sp|O15131|IMA6_HUMAN:sp|Q14185|DOCK1_HUMAN:sp|O96005|CLPT1_HUMAN:sp|O75935|DCTN3_HUMAN:sp|Q86TP1|PRUN1_HUMAN:sp|Q13459|MYO9B_HUMAN:sp|Q7Z460|CLAP1_HUMAN:sp|Q8IUW3|SPA2L_HUMAN:sp|Q8WVP5|TP8L1_HUMAN:sp|Q8IXE1|OR4N5_HUMAN:sp|Q9UJ98|STAG3_HUMAN:sp|Q96JJ3|ELMO2_HUMAN:sp|Q6P995|F171B_HUMAN:sp|Q96BI1|S22AI_HUMAN:sp|Q8NGS4|O13F1_HUMAN:sp|Q15149|PLEC_HUMAN:sp|Q9H0D2|ZN541_HUMAN,DeepNovo
K(+42.01)TALAKGGAL,37.33,970.5811,10,50.0,10,3.2,486.29938,2,42.2706,15.4706,0.42,16318,HFX193_IPP292_GEL_CRC_324_Even.raw,2.71E5,3.19E6,2,2,2,2,"Acetylation (N-term)",,0 0 2 6 4 1 0 0 4 5,K(+42.01)TALAKGGAL,sp|Q9Y230|RUVB2_HUMAN:sp|Q96CN9|GCC1_HUMAN:sp|A6NHY2|AKD1B_HUMAN:sp|Q5FWF4|ZRAB3_HUMAN:sp|Q68EM7|RHG17_HUMAN:sp|O95819|M4K4_HUMAN:sp|Q8TDX9|PK1L1_HUMAN:sp|Q9H900|ZWILC_HUMAN:sp|Q92673|SORL_HUMAN:sp|P36537|UDB10_HUMAN:sp|Q96MX0|CKLF3_HUMAN:sp|Q13796|SHRM2_HUMAN:sp|Q00526|CDK3_HUMAN:sp|Q9BW83|IFT27_HUMAN:sp|Q99619|SPSB2_HUMAN:sp|Q08378|GOGA3_HUMAN:sp|E7EW31|PROB1_HUMAN:sp|Q9UKE5|TNIK_HUMAN:sp|Q08379|GOGA2_HUMAN:sp|Q9Y2I7|FYV1_HUMAN:sp|Q8WUM4|PDC6I_HUMAN:sp|Q9H251|CAD23_HUMAN:sp|Q8NC44|RETR2_HUMAN:sp|O14686|KMT2D_HUMAN:sp|O95835|LATS1_HUMAN:sp|Q5XKE5|K2C79_HUMAN:sp|Q92750|TAF4B_HUMAN:sp|Q86XP0|PA24D_HUMAN:sp|P46109|CRKL_HUMAN:sp|P46934|NEDD4_HUMAN:sp|P29144|TPP2_HUMAN:sp|Q13127|REST_HUMAN:sp|Q9UBP0|SPAST_HUMAN:sp|O95071|UBR5_HUMAN:sp|Q9UPN4|CP131_HUMAN:sp|O15067|PUR4_HUMAN:sp|Q9ULW5|RAB26_HUMAN:sp|Q99613|EIF3C_HUMAN:sp|Q8NB25|F184A_HUMAN:sp|Q14D04|MELT_HUMAN:sp|Q6ZT52|FA43B_HUMAN:sp|P07550|ADRB2_HUMAN:sp|Q5K651|SAMD9_HUMAN:sp|Q674R7|ATG9B_HUMAN:sp|P22102|PUR2_HUMAN:sp|O75310|UDB11_HUMAN:sp|Q96M86|DNHD1_HUMAN:sp|O75448|MED24_HUMAN:sp|P27216|ANX13_HUMAN:sp|P57772|SELB_HUMAN:sp|Q5TBA9|FRY_HUMAN:sp|Q8N139|ABCA6_HUMAN:sp|O95678|K2C75_HUMAN:sp|B5ME19|EIFCL_HUMAN:sp|Q99714|HCD2_HUMAN:sp|Q9H7T0|CTSRB_HUMAN:sp|P46060|RAGP1_HUMAN:sp|P31321|KAP1_HUMAN:sp|Q9Y5E4|PCDB5_HUMAN:sp|O43151|TET3_HUMAN:sp|O60281|ZN292_HUMAN:sp|P08240|SRPRA_HUMAN:sp|O94941|RNF37_HUMAN:sp|Q96PP9|GBP4_HUMAN:sp|P46108|CRK_HUMAN:sp|Q9Y253|POLH_HUMAN:sp|Q9NZJ4|SACS_HUMAN:sp|P48960|AGRE5_HUMAN:sp|Q01082|SPTB2_HUMAN:sp|Q8IX12|CCAR1_HUMAN:sp|Q495B1|AKD1A_HUMAN:sp|P50416|CPT1A_HUMAN:sp|Q8NEM2|SHCBP_HUMAN:sp|Q5JR12|PPM1J_HUMAN:sp|O00311|CDC7_HUMAN:sp|P12035|K2C3_HUMAN:sp|Q9HC97|GPR35_HUMAN:sp|Q08493|PDE4C_HUMAN:sp|Q9Y265|RUVB1_HUMAN:sp|Q50LG9|LRC24_HUMAN:sp|Q9C0F0|ASXL3_HUMAN:sp|Q01546|K22O_HUMAN:sp|Q8NCW5|NNRE_HUMAN:sp|Q13835|PKP1_HUMAN:sp|P0C7P3|SLN14_HUMAN:sp|Q9BY64|UDB28_HUMAN:sp|P46459|NSF_HUMAN:sp|Q14008|CKAP5_HUMAN:sp|Q96F05|CK024_HUMAN,DeepNovo
K(+42.01)TAPALV,24.98,740.4432,7,57.1,7,-0.9,741.44983,1,67.2831,9.4831,0.85,26296,HFX193_IPP292_GEL_CRC_324_Even.raw,7.93E4,7.15E5,1,1,1,1,"Acetylation (N-term)",,0 0 1 5 5 17 5,K(+42.01)TAPALV,sp|O60721|NCKX1_HUMAN,DB Search
K(+42.01)TDGGLHLV,39.76,980.5291,9,77.8,9,1.2,491.27240,2,60.7736,-5.5264,0.24,23678,HFX193_IPP292_GEL_CRC_324_Even.raw,6.8E5,4.02E6,1,1,1,1,"Acetylation (N-term)",,5 7 7 0 0 2 6 2 2,K(+42.01)TDGGLHLV,,DeepNovo
K(+42.01)TFEAHLSK,36.72,1101.5818,9,88.9,9,-2.7,368.20023,3,29.8769,9.0769,0.41,11265,HFX193_IPP292_GEL_CRC_324_Even.raw,4.03E5,2.83E6,1,1,1,1,"Acetylation (N-term)",,2 2 10 0 5 10 8 4 4,K(+42.01)TFEAHLSK,sp|Q08117|TLE5_HUMAN:sp|Q92621|NU205_HUMAN:sp|Q76MJ5|ERN2_HUMAN:sp|P52701|MSH6_HUMAN:sp|Q6PJI9|WDR59_HUMAN:sp|Q9Y3D3|RT16_HUMAN:sp|Q2VWA4|SKOR2_HUMAN:sp|Q96AY4|TTC28_HUMAN:sp|Q7Z401|MYCPP_HUMAN:sp|Q7Z443|PK1L3_HUMAN:sp|Q8NF91|SYNE1_HUMAN:sp|P06732|KCRM_HUMAN:sp|Q13183|S13A2_HUMAN:sp|Q8WTR7|ZN473_HUMAN:sp|Q8NE71|ABCF1_HUMAN:sp|Q9Y3P8|SIT1_HUMAN:sp|Q16760|DGKD_HUMAN:sp|Q9BQI9|NRIP2_HUMAN:sp|Q6H8Q1|ABLM2_HUMAN,DeepNovo
K(+42.01)TGAGLSL,24.34,787.4440,8,100.0,8,-0.4,788.45093,1,67.9165,-4.7835,0.72,26556,HFX193_IPP292_GEL_CRC_324_Even.raw,1.14E5,9.34E5,1,1,1,1,"Acetylation (N-term)",,5 5 13 20 29 51 24 5,K(+42.01)TGAGLSL,sp|Q8N7P3|CLD22_HUMAN:sp|O94901|SUN1_HUMAN:sp|P27449|VATL_HUMAN:sp|Q9UIE0|ZN230_HUMAN:sp|Q7Z7A4|PXK_HUMAN:sp|Q2NL67|PARP6_HUMAN:sp|P04920|B3A2_HUMAN:sp|Q5D0E6|DALD3_HUMAN:sp|Q9UJW0|DCTN4_HUMAN:sp|Q4VNC0|AT135_HUMAN:sp|Q6T4P5|PLPR3_HUMAN:sp|P53611|PGTB2_HUMAN:sp|P61550|ENVT1_HUMAN:sp|Q8N8E3|CE112_HUMAN:sp|Q9BSJ2|GCP2_HUMAN:sp|Q96A54|PAQR1_HUMAN:sp|Q9NP31|SH22A_HUMAN:sp|Q9P1Z9|CC180_HUMAN:sp|Q70EL2|UBP45_HUMAN:sp|P22897|MRC1_HUMAN:sp|Q9HB75|PIDD1_HUMAN:sp|Q9H2D1|MFTC_HUMAN:sp|Q96BN6|F149B_HUMAN:sp|P04114|APOB_HUMAN:sp|Q7L775|EPMIP_HUMAN:sp|Q4LDE5|SVEP1_HUMAN:sp|Q9BWQ6|YIPF2_HUMAN:sp|Q9UPM8|AP4E1_HUMAN:sp|P49368|TCPG_HUMAN:sp|Q13336|UT1_HUMAN:sp|Q92523|CPT1B_HUMAN:sp|Q96QA5|GSDMA_HUMAN:sp|Q6EIG7|CLC6A_HUMAN:sp|Q14CX5|MF13A_HUMAN:sp|P05108|CP11A_HUMAN:sp|Q99551|MTEF1_HUMAN:sp|Q6ZMD2|SPNS3_HUMAN:sp|A6NM45|CLD24_HUMAN:sp|Q96NJ3|ZN285_HUMAN:sp|P09912|IFI6_HUMAN:sp|Q96AP0|ACD_HUMAN:sp|Q13367|AP3B2_HUMAN:sp|Q7Z5S9|TM144_HUMAN:sp|P08034|CXB1_HUMAN:sp|O75695|XRP2_HUMAN:sp|Q06278|AOXA_HUMAN:sp|Q9UJX0|OSGI1_HUMAN:sp|Q9BYN7|ZN341_HUMAN:sp|C9JXX5|FREY_HUMAN:sp|O60504|VINEX_HUMAN:sp|Q9UKA1|FBXL5_HUMAN:sp|O75600|KBL_HUMAN:sp|O60927|PP1RB_HUMAN:sp|Q5T9S5|CCD18_HUMAN:sp|Q6PML9|ZNT9_HUMAN:sp|Q9Y3C6|PPIL1_HUMAN:sp|Q9HCE0|EPG5_HUMAN:sp|O15354|GPR37_HUMAN:sp|Q6TCH7|PAQR3_HUMAN:sp|O15552|FFAR2_HUMAN:sp|P46459|NSF_HUMAN:sp|O75376|NCOR1_HUMAN:sp|Q9Y6N6|LAMC3_HUMAN:sp|Q9NZN1|IRPL1_HUMAN:sp|Q9BV86|NTM1A_HUMAN:sp|B1ANY3|F220P_HUMAN:sp|Q9NXZ1|SAGE1_HUMAN:sp|Q8NEZ4|KMT2C_HUMAN:sp|Q5T8A7|PPR26_HUMAN:sp|Q96BJ8|ELMO3_HUMAN:sp|Q9UBJ2|ABCD2_HUMAN:sp|Q8WZ42|TITIN_HUMAN:sp|Q96P48|ARAP1_HUMAN:sp|O43570|CAH12_HUMAN:sp|Q9H340|O51B6_HUMAN:sp|Q4U2R8|S22A6_HUMAN:sp|Q9H2X8|I27L2_HUMAN:sp|Q8NDV7|TNR6A_HUMAN:sp|Q9H295|DCSTP_HUMAN:sp|P38935|SMBP2_HUMAN:sp|A0A1B0GUV1|CQ114_HUMAN:sp|Q66K74|MAP1S_HUMAN:sp|Q7Z3F1|GP155_HUMAN:sp|A0A087X0M5|TVB18_HUMAN:sp|Q5JXA9|SIRB2_HUMAN:sp|Q13263|TIF1B_HUMAN:sp|A6NES4|MRO2A_HUMAN:sp|C9JVW0|INAM1_HUMAN:sp|Q8N6T7|SIR6_HUMAN:sp|P98161|PKD1_HUMAN:sp|O75452|RDH16_HUMAN:sp|Q8NCV1|ADAD2_HUMAN:sp|Q96QS1|TSN32_HUMAN:sp|O43312|MTSS1_HUMAN:sp|A6NH52|TV23A_HUMAN:sp|Q9H8Y1|VRTN_HUMAN:sp|Q9HCC9|LST2_HUMAN:sp|Q05048|CSTF1_HUMAN:sp|Q8WXG9|AGRV1_HUMAN:sp|Q9BPW4|APOL4_HUMAN:sp|Q96MS0|ROBO3_HUMAN:sp|Q13438|OS9_HUMAN:sp|P0C864|DANCR_HUMAN:sp|Q96EZ4|MYEOV_HUMAN:sp|Q86WT1|TT30A_HUMAN:sp|Q969H4|CNKR1_HUMAN:sp|A6NFX1|MFS2B_HUMAN:sp|Q9BWU1|CDK19_HUMAN:sp|Q9UK10|ZN225_HUMAN:sp|Q9Y6V0|PCLO_HUMAN:sp|Q02083|NAAA_HUMAN:sp|Q02413|DSG1_HUMAN:sp|Q2VY69|ZN284_HUMAN:sp|Q7Z591|AKNA_HUMAN:sp|Q8TEA1|NSUN6_HUMAN:sp|Q8NCM8|DYHC2_HUMAN:sp|Q96LZ7|RMD2_HUMAN:sp|Q9NTG7|SIR3_HUMAN:sp|Q9Y6G1|TM14A_HUMAN:sp|O15063|GRRE1_HUMAN,DeepNovo
K(+42.01)TGGLLGV,25.04,785.4647,8,100.0,8,-2.5,786.46997,1,70.2443,-18.7557,0.69,27526,HFX193_IPP292_GEL_CRC_324_Even.raw,4.37E7,2.13E8,1,1,1,1,"Acetylation (N-term)",,3 3 3 3 28 24 5 5,K(+42.01)TGGLLGV,sp|P41146|OPRX_HUMAN:sp|Q14993|COJA1_HUMAN:sp|Q00610|CLH1_HUMAN:sp|O00429|DNM1L_HUMAN:sp|P04275|VWF_HUMAN:sp|P04920|B3A2_HUMAN:TVP23A_DEL_A-p.F140Lfs*7_::chr16:10772846-10773846_frame=1:sp|Q86TL2|STIMA_HUMAN:sp|Q9NWC5|TM45A_HUMAN:sp|Q8WXS4|CCGL_HUMAN:sp|Q2VWA4|SKOR2_HUMAN:sp|O00167|EYA2_HUMAN:sp|Q9UMD9|COHA1_HUMAN:sp|Q9NP55|BPIA1_HUMAN:sp|Q6DKI7|PVRIG_HUMAN:sp|P78363|ABCA4_HUMAN:sp|Q9BRG2|SH23A_HUMAN:sp|Q5H8A4|PIGG_HUMAN:sp|Q63ZE4|S22AA_HUMAN:sp|Q9Y6M7|S4A7_HUMAN:sp|Q6ZW05|PTHD4_HUMAN:sp|Q9NPL8|TIDC1_HUMAN:sp|P59827|BPIB4_HUMAN:sp|Q8WXI9|P66B_HUMAN:sp|P41091|IF2G_HUMAN:sp|Q9H8Y8|GORS2_HUMAN:sp|Q9NSK7|CS012_HUMAN:TEAD2_DEL_GG-p.H299Cfs*18_::chr19:49346716-49347717_frame=3:sp|Q9NRE1|MMP26_HUMAN:sp|O95302|FKBP9_HUMAN:sp|P59826|BPIB3_HUMAN:sp|Q8TED4|G6PT3_HUMAN:sp|Q0D2K2|KLH30_HUMAN:sp|Q8IXI1|MIRO2_HUMAN:sp|Q9P2P6|STAR9_HUMAN:sp|Q96BY9|SARAF_HUMAN:sp|Q8N6L1|KTAP2_HUMAN:sp|Q9NZR4|VSX1_HUMAN:sp|A8MPP1|D11L8_HUMAN:sp|Q2TAZ0|ATG2A_HUMAN:sp|Q8NFW5|DMBX1_HUMAN:sp|Q86WG5|MTMRD_HUMAN:sp|Q4G0S4|C27C1_HUMAN:sp|Q06889|EGR3_HUMAN:sp|O14981|BTAF1_HUMAN:sp|Q9H3W5|LRRN3_HUMAN:sp|Q86XA9|HTR5A_HUMAN:sp|Q92771|DDX12_HUMAN:sp|O60320|EREP2_HUMAN:sp|P0CG12|DERPC_HUMAN:sp|Q86UQ4|ABCAD_HUMAN:sp|Q9BY07|S4A5_HUMAN:sp|Q2Y0W8|S4A8_HUMAN:sp|P49407|ARRB1_HUMAN:sp|Q9P0X4|CAC1I_HUMAN:sp|O75954|TSN9_HUMAN:sp|Q6PXP3|GTR7_HUMAN:tr|A0A8Q3SIG1|A0A8Q3SIG1_HUMAN:sp|Q9BV81|EMC6_HUMAN:sp|Q9H1B5|XYLT2_HUMAN:sp|P14543|NID1_HUMAN:sp|Q5T8A7|PPR26_HUMAN:sp|Q6PL45|BRID5_HUMAN:sp|Q9H1U9|S2551_HUMAN:sp|Q8IWT3|CUL9_HUMAN:sp|Q8NDY4|MDS2_HUMAN:sp|Q9Y2X9|ZN281_HUMAN:sp|Q9NTX9|F217B_HUMAN:sp|O95180|CAC1H_HUMAN:sp|Q8NCK7|MOT11_HUMAN:sp|Q8WZ71|TM158_HUMAN:sp|Q9UPU5|UBP24_HUMAN:sp|Q96FC9|DDX11_HUMAN:sp|P51797|CLCN6_HUMAN:sp|Q7L5A8|FA2H_HUMAN:sp|Q92504|S39A7_HUMAN:sp|Q86XI2|CNDG2_HUMAN:sp|Q8TD55|PKHO2_HUMAN:sp|O75448|MED24_HUMAN:sp|Q6U841|S4A10_HUMAN:sp|P36575|ARRC_HUMAN:sp|Q9NZC3|GDE1_HUMAN:sp|Q8NCC5|SPX3_HUMAN:sp|Q9BRK4|LZTS2_HUMAN:sp|Q9P2K9|DISP3_HUMAN:sp|P20023|CR2_HUMAN:sp|Q7L5D6|GET4_HUMAN:sp|P55060|XPO2_HUMAN:sp|Q9Y2U2|KCNK7_HUMAN:sp|Q14728|MFS10_HUMAN:sp|Q9BZC7|ABCA2_HUMAN:sp|Q99502|EYA1_HUMAN:sp|Q9H936|GHC1_HUMAN:sp|Q9H6K1|ILRUN_HUMAN:sp|Q86UK0|ABCAC_HUMAN:sp|Q8WXG9|AGRV1_HUMAN:sp|Q96H72|S39AD_HUMAN:sp|P16050|LOX15_HUMAN:sp|Q92692|NECT2_HUMAN:sp|P55197|AF10_HUMAN:sp|Q8TCY9|URGCP_HUMAN:sp|P61978|HNRPK_HUMAN:sp|O60282|KIF5C_HUMAN:sp|Q13635|PTC1_HUMAN:sp|Q9UEW3|MARCO_HUMAN:sp|Q08AM6|VAC14_HUMAN:sp|Q9UHG3|PCYOX_HUMAN:sp|Q9Y6R1|S4A4_HUMAN:sp|Q9H1Y3|OPN3_HUMAN:sp|P25054|APC_HUMAN:sp|Q9HCK8|CHD8_HUMAN:PHF2_DEL_A-p.K492Rfs*6_::chr9:93659830-93660830_frame=-3:sp|Q2VIR3|IF2GL_HUMAN:sp|Q01851|PO4F1_HUMAN:sp|Q8NCM8|DYHC2_HUMAN:sp|O00562|PITM1_HUMAN:sp|Q96Q91|B3A4_HUMAN:sp|Q03468|ERCC6_HUMAN:sp|P13611|CSPG2_HUMAN:sp|Q96KR1|ZFR_HUMAN,DeepNovo
K(+42.01)TGYLHSL,39.27,959.5076,8,100.0,8,-1.5,480.76035,2,54.9710,-7.5290,0.39,21342,HFX193_IPP292_GEL_CRC_324_Even.raw,9.57E5,5.53E6,1,1,1,1,"Acetylation (N-term)",,4 2 4 4 4 4 4 5,K(+42.01)TGYLHSL,sp|Q5W041|ARMC3_HUMAN:sp|Q99435|NELL2_HUMAN:sp|Q9C0B2|CFA74_HUMAN:sp|P35916|VGFR3_HUMAN:sp|Q9Y365|STA10_HUMAN:sp|P12931|SRC_HUMAN:sp|P35968|VGFR2_HUMAN:sp|Q9Y4C8|RBM19_HUMAN:sp|P35442|TSP2_HUMAN:sp|O14733|MP2K7_HUMAN,DeepNovo
K(+42.01)TKVKHLL,19.58,1007.6491,8,62.5,8,0.9,336.89062,3,35.9630,16.8630,0.21,13748,HFX193_IPP292_GEL_CRC_324_Even.raw,4.85E5,4.02E6,2,2,2,2,"Acetylation (N-term)",,3 0 10 5 1 0 8 5,K(+42.01)TKVKHLL,sp|Q96DX8|RTP4_HUMAN:sp|Q9HBG6|IF122_HUMAN:sp|P42694|HELZ_HUMAN:sp|Q8IVE3|PKHH2_HUMAN:sp|Q01484|ANK2_HUMAN:sp|Q9UNF1|MAGD2_HUMAN:sp|P14316|IRF2_HUMAN:sp|A6NFC5|TM235_HUMAN:sp|A6NH21|SERC4_HUMAN:sp|Q8N8A2|ANR44_HUMAN:sp|Q9NS56|TOPRS_HUMAN:sp|Q96EY1|DNJA3_HUMAN:sp|Q68DL7|CR063_HUMAN:sp|Q96SZ4|ZSC10_HUMAN:sp|Q6PD74|AAGAB_HUMAN:sp|Q8TCC3|RM30_HUMAN:sp|P35247|SFTPD_HUMAN:sp|Q9H4I2|ZHX3_HUMAN:sp|P04114|APOB_HUMAN:sp|Q9UPM8|AP4E1_HUMAN:sp|Q9BZF1|OSBL8_HUMAN:sp|Q6PD62|CTR9_HUMAN:sp|P07476|INVO_HUMAN:sp|P02671|FIBA_HUMAN:sp|O00160|MYO1F_HUMAN:sp|P56180|TPTE_HUMAN:sp|Q9UP83|COG5_HUMAN:sp|Q8IYD1|ERF3B_HUMAN:sp|P57729|RAB38_HUMAN:sp|Q8N4C9|CQ078_HUMAN:sp|Q99250|SCN2A_HUMAN:sp|P29122|PCSK6_HUMAN:sp|Q8IVU3|HERC6_HUMAN:sp|Q9BS40|LXN_HUMAN:sp|Q8NEM8|CBPC3_HUMAN:sp|Q6XPS3|TPTE2_HUMAN:sp|Q9BRS8|LARP6_HUMAN:sp|P36507|MP2K2_HUMAN:sp|Q13017|RHG05_HUMAN:sp|A1YPR0|ZBT7C_HUMAN:sp|Q8TDY2|RBCC1_HUMAN:sp|Q7L5Y1|ENOF1_HUMAN:sp|Q6ZS81|WDFY4_HUMAN:sp|Q16549|PCSK7_HUMAN:sp|Q8N715|CC185_HUMAN:sp|Q9BQP7|MGME1_HUMAN:sp|Q8NGS9|O13C2_HUMAN:sp|Q969H0|FBXW7_HUMAN:sp|O15440|MRP5_HUMAN:sp|Q8N5C6|SRBD1_HUMAN:sp|Q9ULH0|KDIS_HUMAN:sp|Q7L014|DDX46_HUMAN:sp|O60488|ACSL4_HUMAN:sp|Q8WXH0|SYNE2_HUMAN:sp|Q9Y4E6|WDR7_HUMAN:sp|Q92817|EVPL_HUMAN:sp|Q8TDN4|CABL1_HUMAN:sp|O94851|MICA2_HUMAN:sp|P16435|NCPR_HUMAN:sp|Q70E73|RAPH1_HUMAN:sp|Q53H12|AGK_HUMAN:sp|A0JD37|TRDV3_HUMAN:sp|Q8IWJ2|GCC2_HUMAN:sp|Q8WZ42|TITIN_HUMAN:sp|Q8NE28|STKL1_HUMAN:sp|Q9NX52|RHBL2_HUMAN:sp|Q96CW5|GCP3_HUMAN:sp|Q14191|WRN_HUMAN:sp|Q9ULM0|PKHH1_HUMAN:sp|Q8TB40|ABHD4_HUMAN:sp|Q4V328|GRAP1_HUMAN:sp|Q9NQV6|PRD10_HUMAN:sp|Q8TB52|FBX30_HUMAN:sp|Q5TD94|RSH4A_HUMAN:sp|Q53RE8|ANR39_HUMAN:sp|Q14872|MTF1_HUMAN:sp|Q14669|TRIPC_HUMAN:sp|Q9NR64|KLHL1_HUMAN:sp|Q8NGS8|O13C5_HUMAN:sp|Q15678|PTN14_HUMAN:sp|Q9BXE9|VN1R3_HUMAN:sp|P51522|ZNF83_HUMAN:sp|O95202|LETM1_HUMAN:sp|P15170|ERF3A_HUMAN:sp|A8MT70|ZBBX_HUMAN:sp|Q9NY46|SCN3A_HUMAN:sp|Q8NFZ6|VN1R2_HUMAN:sp|Q86UK0|ABCAC_HUMAN:sp|Q63HN8|RN213_HUMAN:sp|O94979|SC31A_HUMAN:sp|Q96H22|CENPN_HUMAN:sp|P35236|PTN7_HUMAN:sp|Q9UPN7|PP6R1_HUMAN:sp|Q9H4Z2|ZN335_HUMAN:sp|O95995|DRC4_HUMAN:sp|Q96M83|CCDC7_HUMAN:sp|Q14766|LTBP1_HUMAN:sp|O00623|PEX12_HUMAN:sp|Q7Z5H5|VN1R4_HUMAN:sp|Q9H0E3|SP130_HUMAN:sp|Q9H6K5|PRR36_HUMAN:sp|Q12965|MYO1E_HUMAN:sp|Q96Q15|SMG1_HUMAN:sp|Q14314|FGL2_HUMAN:sp|Q96T75|DSCR8_HUMAN,DeepNovo
K(+42.01)TLAVTRL,16.56,942.5862,8,100.0,8,-1.9,472.29950,2,59.8607,-10.1393,0.26,23337,HFX193_IPP292_GEL_CRC_324_Odd.raw,2.88E5,2.19E6,1,1,1,1,"Acetylation (N-term)",,2 2 2 17 11 2 2 5,K(+42.01)TLAVTRL,sp|Q9HAP2|MLXIP_HUMAN:sp|Q9H5P4|PDZD7_HUMAN:sp|P0C7U0|ELFN1_HUMAN:sp|P42704|LPPRC_HUMAN:sp|Q99884|SC6A7_HUMAN:sp|Q15858|SCN9A_HUMAN:sp|Q7L0R7|RNF44_HUMAN:sp|Q8WUY3|PRUN2_HUMAN:sp|O94915|FRYL_HUMAN:sp|P14618|KPYM_HUMAN:sp|Q7Z7H3|CATIP_HUMAN:sp|Q6P158|DHX57_HUMAN:sp|P26232|CTNA2_HUMAN:sp|Q9H254|SPTN4_HUMAN:sp|Q9NW13|RBM28_HUMAN:sp|Q92698|RAD54_HUMAN:sp|Q9NPC1|LT4R2_HUMAN:sp|Q9UI47|CTNA3_HUMAN:sp|O94927|HAUS5_HUMAN:sp|Q6QNK2|AGRD1_HUMAN:sp|Q12982|BNIP2_HUMAN:sp|P35221|CTNA1_HUMAN:SEC31A_INS_--T_p.I462Nfs*2::chr4:82863911-82864912_frame=-2:sp|Q9Y493|ZAN_HUMAN:sp|P30613|KPYR_HUMAN:SEC31A_DEL_T-p.I462Lfs*16_::chr4:82863912-82864912_frame=-2:sp|Q76NI1|KNDC1_HUMAN:sp|P22570|ADRO_HUMAN:sp|Q9UIF8|BAZ2B_HUMAN:sp|Q2PPJ7|RGPA2_HUMAN:sp|Q9NX61|T161A_HUMAN:sp|Q14689|DIP2A_HUMAN:sp|O00562|PITM1_HUMAN:sp|Q68DK2|ZFY26_HUMAN:sp|Q5GAN3|RNS13_HUMAN:sp|Q8NG06|TRI58_HUMAN:sp|Q9UPV9|TRAK1_HUMAN:sp|Q15149|PLEC_HUMAN,DeepNovo
K(+42.01)TLRGASKPV,45.12,1097.6556,10,40.0,10,0.8,549.83557,2,32.7139,18.3139,0.88,12420,HFX193_IPP292_GEL_CRC_324_Even.raw,3.76E6,2.36E7,2,2,2,2,"Acetylation (N-term)",,0 0 3 1 1 0 0 12 17 5,K(+42.01)TLRGASKPV,sp|P09565|IG2R_HUMAN:sp|Q6DHV5|C2D2B_HUMAN:sp|P04150|GCR_HUMAN:sp|Q8NGG7|OR8A1_HUMAN:sp|P49454|CENPF_HUMAN:sp|Q6PEW1|ZCH12_HUMAN:sp|Q86TI4|WDR86_HUMAN:sp|P34897|GLYM_HUMAN:sp|O94952|FBX21_HUMAN:sp|O14530|TXND9_HUMAN:sp|P12314|FCGR1_HUMAN:sp|Q9P109|GCNT4_HUMAN:sp|O00763|ACACB_HUMAN:sp|Q9Y4I1|MYO5A_HUMAN:sp|Q9UIG0|BAZ1B_HUMAN:sp|P0CG32|ZCC18_HUMAN:sp|O00327|BMAL1_HUMAN:sp|Q14773|ICAM4_HUMAN:sp|P34896|GLYC_HUMAN:sp|Q8NCQ5|FBX15_HUMAN:sp|Q96SZ6|CK5P1_HUMAN:sp|P22732|GTR5_HUMAN:sp|Q13112|CAF1B_HUMAN:sp|Q5VST9|OBSCN_HUMAN:sp|Q96J66|MRP8_HUMAN:sp|Q96J65|MRP9_HUMAN:sp|Q5TZA2|CROCC_HUMAN:sp|Q8TE82|S3TC1_HUMAN:sp|O15230|LAMA5_HUMAN:sp|P17693|HLAG_HUMAN:sp|Q86V85|GP180_HUMAN:sp|Q7Z5H4|VN1R5_HUMAN,DeepNovo
K(+42.01)TLRM(+15.99)KKL,19.87,1074.6583,8,87.5,8,-2.6,359.22580,3,41.9879,14.0879,0.15,16189,HFX193_IPP292_GEL_CRC_324_Odd.raw,2.69E6,1.43E7,1,1,1,1,"Acetylation (N-term);Oxidation (M)",,3 3 25 1 3 15 7 5,K(+42.01)TLRM(+15.99)KKL,sp|O60239|3BP5_HUMAN:sp|Q5VVS0|CA140_HUMAN:sp|Q68EM7|RHG17_HUMAN:sp|Q3B7J2|GFOD2_HUMAN:ANO10_DEL_T-p.D45Mfs*12_::chr3:43605221-43606221_frame=3:sp|Q27J81|INF2_HUMAN:sp|Q5SRE5|NU188_HUMAN:sp|Q8TBY8|PMFBP_HUMAN:sp|Q3YBR2|TBRG1_HUMAN:sp|O43290|SNUT1_HUMAN:sp|Q96EN9|REX1B_HUMAN:sp|Q9NXC2|GFOD1_HUMAN:sp|Q9H2C1|LHX5_HUMAN:sp|Q8N165|PDK1L_HUMAN:sp|O00754|MA2B1_HUMAN:sp|Q13561|DCTN2_HUMAN:sp|Q9H7L9|SDS3_HUMAN:sp|P30988|CALCR_HUMAN:sp|Q9UKT8|FBXW2_HUMAN:sp|Q12923|PTN13_HUMAN:sp|P58004|SESN2_HUMAN:sp|Q9HAU5|RENT2_HUMAN:sp|Q8TEW0|PARD3_HUMAN:sp|Q9Y262|EIF3L_HUMAN:sp|Q00536|CDK16_HUMAN:sp|Q7Z2Y8|GVIN1_HUMAN:sp|Q8NEH6|MNS1_HUMAN:sp|Q9H7T0|CTSRB_HUMAN:sp|P48357|LEPR_HUMAN:sp|P48742|LHX1_HUMAN:sp|P35580|MYH10_HUMAN:sp|M0R2J8|DCDC1_HUMAN:sp|Q9BQS8|FYCO1_HUMAN:sp|Q8N443|RIBC1_HUMAN:sp|Q8NF91|SYNE1_HUMAN:sp|Q6ZVT0|TTL10_HUMAN:sp|Q8TCY9|URGCP_HUMAN:sp|P01111|RASN_HUMAN:sp|Q13813|SPTN1_HUMAN:sp|Q5SNV9|CA167_HUMAN:sp|Q2KJY2|KI26B_HUMAN:sp|Q12931|TRAP1_HUMAN:sp|Q92994|TF3B_HUMAN:sp|Q8N2M8|CLASR_HUMAN:sp|Q96A28|SLAF9_HUMAN:sp|Q9UKA1|FBXL5_HUMAN:sp|Q16526|CRY1_HUMAN:sp|Q49AN0|CRY2_HUMAN:sp|Q9NQW6|ANLN_HUMAN:sp|Q9Y271|CLTR1_HUMAN:sp|Q8NCX0|CC150_HUMAN:sp|Q8NEA6|GLIS3_HUMAN:sp|Q9Y6F6|IRAG1_HUMAN:sp|Q99567|NUP88_HUMAN:sp|O15294|OGT1_HUMAN:sp|Q96J65|MRP9_HUMAN:sp|Q9BYX2|TBD2A_HUMAN:sp|Q5KU26|COL12_HUMAN,DeepNovo
K(+42.01)TLVGSSLPK,51.58,1070.6335,10,50.0,10,0.4,536.32428,2,34.6240,8.7240,0.36,13201,HFX193_IPP292_GEL_CRC_324_Even.raw,9.01E5,5.92E6,1,1,1,1,"Acetylation (N-term)",,0 0 28 30 0 0 0 2 2 5,K(+42.01)TLVGSSLPK,sp|Q8IWV8|UBR2_HUMAN:sp|P04118|COL_HUMAN:sp|Q14524|SCN5A_HUMAN:sp|P35498|SCN1A_HUMAN:sp|Q99250|SCN2A_HUMAN:sp|Q15858|SCN9A_HUMAN:sp|P19971|TYPH_HUMAN:sp|Q8NFZ0|FBH1_HUMAN:sp|Q9Y4D8|HECD4_HUMAN:sp|Q7Z333|SETX_HUMAN:sp|Q13576|IQGA2_HUMAN:sp|Q9NY46|SCN3A_HUMAN:sp|Q6P9A3|ZN549_HUMAN:sp|Q7Z5J8|ANKAR_HUMAN:sp|Q86X02|CDR2L_HUMAN:sp|P35499|SCN4A_HUMAN:sp|Q13087|PDIA2_HUMAN:sp|O15016|TRI66_HUMAN:sp|Q9HC78|ZBT20_HUMAN:sp|Q9UQD0|SCN8A_HUMAN:sp|Q9BYK8|HELZ2_HUMAN:sp|Q8IVY1|CA210_HUMAN:sp|Q9NV64|TM39A_HUMAN:sp|Q96KM6|Z512B_HUMAN:sp|Q8IW70|T151B_HUMAN,DeepNovo
K(+42.01)TN(+0.98)LRTVL,32.84,986.5760,8,75.0,8,-0.3,494.29514,2,64.2940,-5.8060,0.21,25099,HFX193_IPP292_GEL_CRC_324_Even.raw,8.57E4,5.75E5,1,1,1,1,"Acetylation (N-term);Deamidation (NQ)",,5 5 3 3 0 0 8 5,K(+42.01)TN(+0.98)LRTVL,,DeepNovo
K(+42.01)TVGAL,21.00,629.3748,6,33.3,6,-1.7,630.38104,1,60.5894,16.2894,0.44,23622,HFX193_IPP292_GEL_CRC_324_Odd.raw,3.86E5,2.59E6,1,1,1,1,"Acetylation (N-term)",,0 0 47 0 0 5,K(+42.01)TVGAL,sp|Q2TAL8|QRIC1_HUMAN,DB Search
K(+42.01)TVKHVL,13.43,865.5385,7,71.4,7,1.5,433.77719,2,33.1266,14.6266,0.47,12612,HFX193_IPP292_GEL_CRC_324_Even.raw,2.31E5,2.13E6,1,1,1,1,"Acetylation (N-term)",,0 0 3 3 2 2 2,K(+42.01)TVKHVL,sp|Q8NE28|STKL1_HUMAN:sp|P53621|COPA_HUMAN:sp|Q9BWV1|BOC_HUMAN:sp|Q92824|PCSK5_HUMAN:sp|O95395|GCNT3_HUMAN:sp|Q9GZR7|DDX24_HUMAN:sp|O75385|ULK1_HUMAN:sp|Q96L73|NSD1_HUMAN:sp|Q9NUB1|ACS2L_HUMAN:sp|O00571|DDX3X_HUMAN:sp|O43909|EXTL3_HUMAN:sp|Q9H2P0|ADNP_HUMAN:sp|Q9H307|PININ_HUMAN:sp|Q96BY6|DOC10_HUMAN:sp|Q9NQI0|DDX4_HUMAN,DeepNovo
K(+42.01)VAHKKVAALKDL,63.80,1461.9031,13,61.5,13,1.5,488.30905,3,34.1834,9.7834,0.12,13042,HFX193_IPP292_GEL_CRC_324_Odd.raw,,,2,2,0,0,"Acetylation (N-term)",,5 2 0 3 3 3 2 0 0 17 8 1 1,K(+42.01)VAHKKVAALKDL,sp|Q9HAP2|MLXIP_HUMAN:sp|Q8N283|ANR35_HUMAN:sp|P58107|EPIPL_HUMAN:sp|Q96M91|CFA53_HUMAN:sp|Q96J92|WNK4_HUMAN:sp|A2RU30|TESP1_HUMAN:sp|Q86TI0|TBCD1_HUMAN:sp|Q9UGL1|KDM5B_HUMAN:sp|Q5MCW4|ZN569_HUMAN:sp|Q9H2G9|GO45_HUMAN:sp|P26373|RL13_HUMAN:sp|P50502|F10A1_HUMAN:sp|P09848|LPH_HUMAN:sp|Q86TG1|T150A_HUMAN:sp|P35221|CTNA1_HUMAN:sp|Q5TBB1|RNH2B_HUMAN:sp|P13584|CP4B1_HUMAN:sp|Q5VTE6|ANGE2_HUMAN:sp|Q8N7X0|ADGB_HUMAN:sp|Q9H2A7|CXL16_HUMAN:sp|Q9P2H5|UBP35_HUMAN:sp|Q7L8W6|DPH6_HUMAN:sp|P19878|NCF2_HUMAN:sp|Q8IWK6|AGRA3_HUMAN:sp|Q9BYG8|GSDMC_HUMAN:sp|Q8WVN6|SCTM1_HUMAN:sp|Q96K21|ANCHR_HUMAN:sp|Q5TCY1|TTBK1_HUMAN:sp|Q8NF64|ZMIZ2_HUMAN:sp|Q14397|GCKR_HUMAN:sp|Q02410|APBA1_HUMAN:sp|Q96PD7|DGAT2_HUMAN:sp|Q05823|RN5A_HUMAN:XYLT2_DEL_C-p.G529Afs*78_::chr17:50356106-50357106_frame=-2:sp|Q99707|METH_HUMAN:sp|Q9P1Y6|PHRF1_HUMAN:sp|Q5TFE4|NT5D1_HUMAN:sp|P08034|CXB1_HUMAN:sp|Q14980|NUMA1_HUMAN:sp|O60308|CE104_HUMAN:sp|Q5VWM6|PRA13_HUMAN:sp|Q9H1C3|GL8D2_HUMAN:sp|Q5T0F9|C2D1B_HUMAN:sp|Q8IUD2|RB6I2_HUMAN:sp|Q9H6L5|RETR1_HUMAN:sp|Q5VTA0|PRA17_HUMAN:sp|Q96RY7|IF140_HUMAN:sp|Q96DE0|NUD16_HUMAN:sp|A6NK97|S22AK_HUMAN:sp|P07305|H10_HUMAN:sp|Q8WUF8|F172A_HUMAN:sp|Q8TD16|BICD2_HUMAN:sp|Q587I9|SFT2C_HUMAN:sp|Q8IYE0|CC146_HUMAN:sp|Q9UKA4|AKA11_HUMAN:sp|Q9ULQ1|TPC1_HUMAN:sp|P54886|P5CS_HUMAN:sp|P51674|GPM6A_HUMAN:sp|Q12830|BPTF_HUMAN:sp|A2A3K4|PTPC1_HUMAN:sp|Q9ULD8|KCNH3_HUMAN:sp|P11532|DMD_HUMAN:sp|Q6ZMU5|TRI72_HUMAN:sp|Q9BYX2|TBD2A_HUMAN:sp|Q03060|CREM_HUMAN:sp|Q86XA9|HTR5A_HUMAN:sp|Q9ULD9|ZN608_HUMAN:sp|Q86UQ4|ABCAD_HUMAN:sp|P36508|ZNF76_HUMAN:sp|P12004|PCNA_HUMAN:sp|Q9Y4E6|WDR7_HUMAN:sp|Q8IZF2|AGRF5_HUMAN:tr|A0A8I5KYS1|A0A8I5KYS1_HUMAN:sp|Q14974|IMB1_HUMAN:sp|P24046|GBRR1_HUMAN:sp|Q9NQ48|LZTL1_HUMAN:sp|Q92556|ELMO1_HUMAN:sp|Q8IZP2|ST134_HUMAN:sp|O15066|KIF3B_HUMAN:sp|Q70Z53|F10C1_HUMAN:sp|Q8N9S9|SNX31_HUMAN:sp|P52758|RIDA_HUMAN:sp|P02549|SPTA1_HUMAN:sp|Q9NZ32|ARP10_HUMAN:sp|Q8N3X6|LCORL_HUMAN:sp|Q9NQF3|SERHL_HUMAN:sp|O15016|TRI66_HUMAN:sp|Q76NI1|KNDC1_HUMAN:sp|O00198|HRK_HUMAN:sp|Q5T5P2|SKT_HUMAN:sp|Q8IZA3|H18_HUMAN:sp|P07196|NFL_HUMAN:sp|Q03923|ZNF85_HUMAN:sp|Q15075|EEA1_HUMAN:sp|P10645|CMGA_HUMAN:ENO4_DEL_A-p.K207Rfs*32_::chr10:116858617-116859617_frame=1:sp|Q5W0B1|OBI1_HUMAN:sp|O43520|AT8B1_HUMAN:sp|Q01826|SATB1_HUMAN:sp|Q9H7F0|AT133_HUMAN:sp|Q6NXE6|ARMC6_HUMAN:sp|Q8N187|CARTF_HUMAN:sp|Q9NZJ4|SACS_HUMAN:sp|Q9HCE3|ZN532_HUMAN:sp|Q86W47|KCMB4_HUMAN:sp|Q92540|SMG7_HUMAN:sp|Q6ZVT0|TTL10_HUMAN:sp|Q9BRZ2|TRI56_HUMAN:sp|Q9H0F6|SHRPN_HUMAN:sp|Q08AM6|VAC14_HUMAN:sp|Q9BTE6|AASD1_HUMAN:sp|Q8IZ41|RASEF_HUMAN:sp|P16118|F261_HUMAN:sp|Q9NWT6|HIF1N_HUMAN:sp|O60701|UGDH_HUMAN:sp|Q09472|EP300_HUMAN:sp|Q9UDY2|ZO2_HUMAN:sp|Q6ZMS7|ZN783_HUMAN:sp|O95199|RCBT2_HUMAN:sp|P13611|CSPG2_HUMAN,DeepNovo
K(+42.01)VEPVTGLKVREYELRK,73.22,2085.1946,17,64.7,17,4.5,348.54126,6,33.0315,10.9315,0.19,12557,HFX193_IPP292_GEL_CRC_324_Odd.raw,3.2E5,3.87E6,1,1,1,1,"Acetylation (N-term)",,5 2 0 0 0 0 14 14 38 9 1 1 2 6 6 6 5,K(+42.01)VEPVTGLKVREYELRK,sp|Q14789|GOGB1_HUMAN:sp|Q96MI9|CBPC4_HUMAN:sp|O14522|PTPRT_HUMAN:sp|Q5JZY3|EPHAA_HUMAN:sp|O60502|OGA_HUMAN:sp|A6NMZ7|CO6A6_HUMAN:sp|Q9C0D2|CE295_HUMAN:sp|Q9UL03|INT6_HUMAN:sp|O95990|F107A_HUMAN:sp|Q6UXZ4|UNC5D_HUMAN:sp|P05546|HEP2_HUMAN:sp|Q5T655|CFA58_HUMAN:sp|Q9UKX5|ITA11_HUMAN:sp|O00189|AP4M1_HUMAN:sp|O60241|AGRB2_HUMAN:sp|Q96CN4|EVI5L_HUMAN:sp|Q9NXE8|CWC25_HUMAN:sp|Q9Y6Q5|AP1M2_HUMAN:sp|Q96KQ7|EHMT2_HUMAN:sp|Q5VU92|DC121_HUMAN:sp|O60566|BUB1B_HUMAN:sp|Q8WZ42|TITIN_HUMAN:sp|Q6UX06|OLFM4_HUMAN:sp|Q96CW1|AP2M1_HUMAN:sp|Q8IU54|IFNL1_HUMAN:sp|Q9ULC8|ZDHC8_HUMAN:sp|Q8NAT1|PMGT2_HUMAN:sp|Q99996|AKAP9_HUMAN:sp|Q8N3C0|ASCC3_HUMAN:sp|O15072|ATS3_HUMAN:sp|Q9BYL1|SAM10_HUMAN:sp|Q8IZJ0|IFNL2_HUMAN:sp|Q5T1B0|AXDN1_HUMAN:sp|P30838|AL3A1_HUMAN:sp|A0A0B4J234|TVA2_HUMAN:sp|Q9ULJ8|NEB1_HUMAN:sp|O60844|ZG16_HUMAN:sp|Q8N8I0|SAM12_HUMAN:sp|B7ZAQ6|GPHRA_HUMAN:sp|P08134|RHOC_HUMAN:sp|Q76NI1|KNDC1_HUMAN:sp|P0CG08|GPHRB_HUMAN:sp|Q9C0G6|DYH6_HUMAN:sp|Q8N2A8|PLD6_HUMAN:sp|Q9Y5F2|PCDBB_HUMAN:sp|O95208|EPN2_HUMAN:sp|Q15047|SETB1_HUMAN:sp|Q9C0B5|ZDHC5_HUMAN:sp|P28715|ERCC5_HUMAN:sp|P25092|GUC2C_HUMAN:sp|P19484|TFEB_HUMAN:sp|Q9H201|EPN3_HUMAN:sp|Q9H9E1|ANRA2_HUMAN:sp|Q8N3F8|MILK1_HUMAN:sp|O60306|AQR_HUMAN:sp|P53602|MVD1_HUMAN:sp|Q5VT97|SYDE2_HUMAN:sp|P62913|RL11_HUMAN:sp|Q5SRH9|TT39A_HUMAN:sp|P07384|CAN1_HUMAN:sp|P59190|RAB15_HUMAN:sp|P78352|DLG4_HUMAN:sp|Q13651|I10R1_HUMAN:sp|Q30KQ4|DB116_HUMAN:sp|Q15111|PLCL1_HUMAN:sp|Q8WYQ3|CHC10_HUMAN:sp|Q99594|TEAD3_HUMAN:sp|Q15262|PTPRK_HUMAN:sp|Q9UPZ6|THS7A_HUMAN:sp|Q9H1H9|KI13A_HUMAN:sp|Q9NQT8|KI13B_HUMAN:sp|Q9Y6I3|EPN1_HUMAN:sp|Q9Y618|NCOR2_HUMAN:sp|Q9Y493|ZAN_HUMAN:sp|Q14032|BAAT_HUMAN:sp|Q9Y4A0|JERKL_HUMAN:sp|Q8WUM0|NU133_HUMAN:sp|Q14156|EFR3A_HUMAN:sp|Q2LD37|BLTP1_HUMAN:sp|Q8IUH8|SPP2C_HUMAN:sp|Q8NEE8|TTC16_HUMAN:sp|O95995|DRC4_HUMAN:sp|Q86X95|CIR1_HUMAN:sp|O43795|MYO1B_HUMAN:sp|P38919|IF4A3_HUMAN:sp|Q9HCE0|EPG5_HUMAN:sp|Q9BXS5|AP1M1_HUMAN:sp|P13639|EF2_HUMAN:sp|Q8IZI9|IFNL3_HUMAN:sp|Q92736|RYR2_HUMAN:sp|Q8IYW4|ENTD1_HUMAN:sp|Q8WXA3|RUFY2_HUMAN,DeepNovo
K(+42.01)VGLKAV,22.68,755.4905,7,28.6,7,0.2,378.75259,2,42.3728,16.6728,0.32,16363,HFX193_IPP292_GEL_CRC_324_Odd.raw,,,1,1,0,0,"Acetylation (N-term)",,5 1 0 2 0 0 1,K(+42.01)VGLKAV,sp|Q7Z412|PEX26_HUMAN:sp|Q01484|ANK2_HUMAN:sp|O75694|NU155_HUMAN:sp|O14924|RGS12_HUMAN:sp|A1L4H1|SRCRL_HUMAN:sp|Q96RD6|PANX2_HUMAN:sp|P25705|ATPA_HUMAN:sp|Q9BQT8|ODC_HUMAN:sp|Q0VDD7|BRME1_HUMAN:sp|Q9H254|SPTN4_HUMAN:sp|Q8WY21|SORC1_HUMAN:sp|Q8N4N3|KLH36_HUMAN:sp|P09110|THIK_HUMAN:sp|Q68DE3|USF3_HUMAN:sp|Q09666|AHNK_HUMAN:sp|Q8NHQ8|RASF8_HUMAN:sp|Q6NUI6|CHADL_HUMAN:sp|Q8NFJ9|BBS1_HUMAN:sp|P25787|PSA2_HUMAN:sp|P0DV77|TPRX2_HUMAN:sp|Q2M3G0|ABCB5_HUMAN:sp|Q8N6R0|EFNMT_HUMAN:sp|O95996|APCL_HUMAN:sp|P00749|UROK_HUMAN:sp|Q12934|BFSP1_HUMAN:sp|P00403|COX2_HUMAN:sp|Q8J025|APCD1_HUMAN:sp|Q96SN8|CK5P2_HUMAN:sp|P21359|NF1_HUMAN:sp|A0AVT1|UBA6_HUMAN:sp|Q9H993|ARMT1_HUMAN:sp|Q8IY34|S15A3_HUMAN:sp|Q96GQ5|RUSF1_HUMAN:sp|Q8IZ13|F200C_HUMAN:sp|Q3MIX3|ADCK5_HUMAN:sp|P98198|AT8B2_HUMAN:sp|O15146|MUSK_HUMAN:sp|P11473|VDR_HUMAN:sp|Q9H4E5|RHOJ_HUMAN:sp|Q8NHS4|CLHC1_HUMAN:sp|Q1EHB4|SC5AC_HUMAN:sp|P61764|STXB1_HUMAN:sp|Q5VST9|OBSCN_HUMAN:sp|A4QPB2|LRP5L_HUMAN:sp|A7XYQ1|SOBP_HUMAN:sp|O43150|ASAP2_HUMAN:sp|P19388|RPAB1_HUMAN:sp|P10809|CH60_HUMAN:sp|Q8IWV8|UBR2_HUMAN:sp|Q14376|GALE_HUMAN:sp|P35219|CAH8_HUMAN:sp|Q8TD84|DSCL1_HUMAN:sp|Q9NQ48|LZTL1_HUMAN:sp|Q9UPU3|SORC3_HUMAN:sp|Q9P2J3|KLHL9_HUMAN:sp|Q8N6V4|CJ053_HUMAN:sp|P07954|FUMH_HUMAN:sp|Q8WZ42|TITIN_HUMAN:sp|Q86VD9|PIGZ_HUMAN:sp|Q9NR99|MXRA5_HUMAN:sp|Q6V1P9|PCD23_HUMAN:sp|Q8NCE0|SEN2_HUMAN:sp|Q9Y4D1|DAAM1_HUMAN:sp|Q92551|IP6K1_HUMAN:sp|O60763|USO1_HUMAN:sp|Q15833|STXB2_HUMAN:sp|Q68DA7|FMN1_HUMAN:sp|O60449|LY75_HUMAN:sp|Q68DN1|CB016_HUMAN:sp|Q9P2L0|WDR35_HUMAN:sp|Q9UMN6|KMT2B_HUMAN:sp|Q9NVR0|KLH11_HUMAN:sp|Q9P2Z0|THA10_HUMAN:sp|P48449|LSS_HUMAN:sp|P21399|ACOHC_HUMAN:sp|Q6P9B9|INT5_HUMAN:sp|O15287|FANCG_HUMAN:sp|O15335|CHAD_HUMAN:sp|Q05048|CSTF1_HUMAN:sp|P54277|PMS1_HUMAN:sp|O14905|WNT9B_HUMAN:sp|Q99594|TEAD3_HUMAN:sp|Q12955|ANK3_HUMAN:sp|O75197|LRP5_HUMAN:sp|Q8IY45|AMN1_HUMAN:sp|Q9BWD1|THIC_HUMAN:sp|Q8NFQ6|BPIFC_HUMAN:sp|Q8N695|SC5A8_HUMAN:sp|Q13635|PTC1_HUMAN:sp|Q7Z7B0|FLIP1_HUMAN:sp|Q9Y289|SC5A6_HUMAN:sp|Q9BZR6|RTN4R_HUMAN:sp|Q8NB12|SMYD1_HUMAN:sp|Q6NSI4|RADX_HUMAN:sp|Q9H9Y2|RPF1_HUMAN:sp|Q8TBY9|CF251_HUMAN:sp|P20849|CO9A1_HUMAN:sp|Q9Y2G9|SBNO2_HUMAN:sp|Q02318|CP27A_HUMAN:sp|Q03001|DYST_HUMAN:sp|Q86YB8|ERO1B_HUMAN:sp|Q8TF62|AT8B4_HUMAN,DeepNovo
K(+42.01)VHPGGGKLLR,58.42,1202.7247,11,54.5,11,-0.1,401.91550,3,34.3744,8.8744,0.24,13107,HFX193_IPP292_GEL_CRC_324_Odd.raw,1.9E6,1.44E7,2,2,2,2,"Acetylation (N-term)",,2 0 0 0 12 0 0 27 60 32 5,K(+42.01)VHPGGGKLLR,sp|P35568|IRS1_HUMAN:sp|Q6ZRS4|ITPI1_HUMAN:sp|Q6NXN4|D19P1_HUMAN:sp|Q9ULM3|YETS2_HUMAN:sp|Q9ULB1|NRX1A_HUMAN:sp|Q6UXZ4|UNC5D_HUMAN:sp|P55198|AF17_HUMAN:sp|Q7Z589|EMSY_HUMAN:sp|O15178|TBXT_HUMAN:sp|P48378|RFX2_HUMAN:sp|P48380|RFX3_HUMAN:sp|Q4G112|HSF5_HUMAN:sp|Q8ND61|CC020_HUMAN:sp|Q12968|NFAC3_HUMAN:sp|Q5VYJ5|MALR1_HUMAN:sp|O00442|RTCA_HUMAN:sp|P42338|PK3CB_HUMAN:sp|P21754|ZP3_HUMAN:sp|Q96LB2|MRGX1_HUMAN:sp|Q6V1X1|DPP8_HUMAN:sp|Q8TDS5|OXER1_HUMAN:sp|Q02575|HEN1_HUMAN:sp|Q96BN8|OTUL_HUMAN:sp|Q9P258|RCC2_HUMAN:sp|Q5VW36|FOCAD_HUMAN:sp|Q8N393|ZN786_HUMAN:TCF7L2_DEL_A-p.K485Sfs*23_::chr10:113165058-113166058_frame=-1:sp|Q8N3P4|VPS8_HUMAN:sp|Q8IUZ5|AT2L2_HUMAN:sp|Q53TS8|CTSRT_HUMAN:sp|P39086|GRIK1_HUMAN:sp|Q8TED0|UTP15_HUMAN:sp|Q86Y37|CACL1_HUMAN:sp|Q68EN5|MACA1_HUMAN:sp|Q9UPA5|BSN_HUMAN:sp|P49790|NU153_HUMAN:sp|Q8WVB6|CTF18_HUMAN:sp|Q9NS82|AAA1_HUMAN:sp|Q9NVX2|NLE1_HUMAN:sp|Q96KN4|LRAT1_HUMAN:sp|Q92890|UFD1_HUMAN:sp|Q9NXF1|TEX10_HUMAN:sp|P49753|ACOT2_HUMAN:sp|Q96RW7|HMCN1_HUMAN:sp|Q76L83|ASXL2_HUMAN:sp|Q6NUT2|D19L2_HUMAN:sp|Q96SE0|ABHD1_HUMAN:sp|P58658|EVA1C_HUMAN:sp|Q9P1Y6|PHRF1_HUMAN:sp|A4D1E9|GTPBA_HUMAN:sp|P10636|TAU_HUMAN:sp|Q9UBY8|CLN8_HUMAN:sp|Q07020|RL18_HUMAN:sp|Q86UD5|SL9B2_HUMAN:sp|Q8WZA2|RPGF4_HUMAN:sp|Q8TDM6|DLG5_HUMAN:sp|Q9Y6F7|CDY2_HUMAN:sp|O14732|IMPA2_HUMAN:sp|Q9Y490|TLN1_HUMAN:sp|Q9Y5B0|CTDP1_HUMAN:sp|A7E2V4|ZSWM8_HUMAN:sp|Q14690|RRP5_HUMAN:sp|Q6ZRI0|OTOG_HUMAN:sp|O75648|MTU1_HUMAN:sp|P38567|HYALP_HUMAN:sp|Q96DA0|ZG16B_HUMAN:sp|Q6ZQN7|SO4C1_HUMAN:sp|Q99728|BARD1_HUMAN:sp|O43315|AQP9_HUMAN:sp|Q08945|SSRP1_HUMAN:sp|Q6MZP7|LIN54_HUMAN:sp|Q14517|FAT1_HUMAN:sp|P22670|RFX1_HUMAN:sp|Q9NPH6|OBP2B_HUMAN:sp|Q9Y4A8|NF2L3_HUMAN:sp|Q9Y6F8|CDY1_HUMAN:sp|Q9BXT8|RNF17_HUMAN:sp|Q8N6M5|ALLC_HUMAN:sp|Q07617|SPAG1_HUMAN:sp|Q9P2M7|CING_HUMAN:sp|Q02817|MUC2_HUMAN:sp|Q15393|SF3B3_HUMAN:sp|Q8WZ42|TITIN_HUMAN:sp|Q96I99|SUCB2_HUMAN:sp|Q9C0A1|ZFHX2_HUMAN:sp|P52848|NDST1_HUMAN:sp|O75445|USH2A_HUMAN:sp|Q9NWS1|PARI_HUMAN:sp|Q9HD20|AT131_HUMAN:sp|Q8NFA0|UBP32_HUMAN:sp|Q9NQS3|NECT3_HUMAN:sp|P26006|ITA3_HUMAN:sp|Q9H6R7|WDCP_HUMAN:sp|Q07352|TISB_HUMAN:sp|P62191|PRS4_HUMAN:sp|P08F94|PKHD1_HUMAN:sp|Q8IYS1|P20D2_HUMAN:sp|Q12899|TRI26_HUMAN:sp|P02760|AMBP_HUMAN:sp|P46060|RAGP1_HUMAN:sp|O95185|UNC5C_HUMAN:sp|Q96P31|FCRL3_HUMAN:sp|Q3ZCN5|OTOGL_HUMAN:sp|Q9NZJ4|SACS_HUMAN:sp|Q13563|PKD2_HUMAN:sp|O95409|ZIC2_HUMAN:sp|O60721|NCKX1_HUMAN:sp|Q15911|ZFHX3_HUMAN:sp|Q9Y623|MYH4_HUMAN:sp|Q6UXI7|VITRN_HUMAN:sp|Q53FA7|QORX_HUMAN:sp|Q9UBK8|MTRR_HUMAN:sp|Q9Y4P9|SPEF1_HUMAN:sp|Q8IV35|WDR49_HUMAN:sp|P49773|HINT1_HUMAN:sp|Q96I25|SPF45_HUMAN:sp|Q6UXA7|CF015_HUMAN:sp|Q9Y303|NAGA_HUMAN:sp|Q9NRU3|CNNM1_HUMAN:sp|Q7L311|ARMX2_HUMAN,DeepNovo
K(+42.01)VKARRVFA,33.05,1115.6927,9,44.4,9,0.2,372.90491,3,25.9833,-1.1167,0.01,9651,HFX193_IPP292_GEL_CRC_324_Even.raw,2.42E7,1.37E8,3,3,3,3,"Acetylation (N-term)",,0 0 7 4 0 0 0 13 5,K(+42.01)VKARRVFA,,DeepNovo
K(+42.01)VKIGRRF,15.21,1044.6556,8,25.0,8,1.7,349.22641,3,25.6277,2.5277,0.01,9519,HFX193_IPP292_GEL_CRC_324_Even.raw,1.79E6,1.61E7,2,2,2,2,"Acetylation (N-term)",,0 0 17 0 0 0 0 5,K(+42.01)VKIGRRF,sp|Q8NBA8|DTWD2_HUMAN,DB Search
K(+42.01)VLHAGSL,29.88,865.5021,8,62.5,8,2.0,433.75922,2,42.1433,-7.1567,0.19,16278,HFX193_IPP292_GEL_CRC_324_Odd.raw,3.93E5,3.06E6,2,2,2,2,"Acetylation (N-term)",,5 3 3 1 0 0 2 5,K(+42.01)VLHAGSL,,DeepNovo
K(+42.01)VRLSKV,21.39,870.5651,7,100.0,7,1.4,436.29044,2,37.0627,7.7627,0.37,14221,HFX193_IPP292_GEL_CRC_324_Odd.raw,2.45E5,1.93E6,1,1,1,1,"Acetylation (N-term)",,3 3 5 16 26 6 5,K(+42.01)VRLSKV,,DeepNovo
K(+42.01)VSLGKLLK,23.46,1026.6801,9,66.7,9,1.8,343.23459,3,31.7837,2.9837,0.55,12045,HFX193_IPP292_GEL_CRC_324_Even.raw,1.18E6,7.17E6,1,1,1,1,"Acetylation (N-term)",,0 0 1 3 6 6 6 6 5,K(+42.01)VSLGKLLK,sp|Q9H9L3|I20L2_HUMAN:sp|Q6UXH9|PAMR1_HUMAN:sp|O00429|DNM1L_HUMAN:sp|Q8N6C7|PGSF1_HUMAN:sp|Q16222|UAP1_HUMAN:sp|Q14161|GIT2_HUMAN:sp|P17027|ZNF23_HUMAN:sp|Q5T5J6|SWT1_HUMAN:sp|O60518|RNBP6_HUMAN:sp|Q4VXF1|F74A3_HUMAN:sp|Q8NGU2|OR9A4_HUMAN:sp|Q8NAA6|CO053_HUMAN:sp|Q96JB1|DYH8_HUMAN:sp|Q96I59|SYNM_HUMAN:sp|P54136|SYRC_HUMAN:sp|Q8NA54|IQUB_HUMAN:sp|Q9UMX0|UBQL1_HUMAN:sp|Q96QP1|ALPK1_HUMAN:sp|Q06787|FMR1_HUMAN:sp|Q99715|COCA1_HUMAN:sp|O75151|PHF2_HUMAN:sp|Q5T2W1|NHRF3_HUMAN:sp|Q5SW79|CE170_HUMAN:sp|Q53TS8|CTSRT_HUMAN:sp|Q9P2N4|ATS9_HUMAN:sp|P21675|TAF1_HUMAN:sp|Q9BXL7|CAR11_HUMAN:sp|Q8N0Z3|SPICE_HUMAN:sp|Q5TZA2|CROCC_HUMAN:sp|O60361|NDK8_HUMAN:sp|O75822|EIF3J_HUMAN:sp|O95744|PM2P2_HUMAN:sp|Q9Y6Q3|ZFP37_HUMAN:sp|Q96FN4|CPNE2_HUMAN:sp|Q96RW7|HMCN1_HUMAN:sp|Q14397|GCKR_HUMAN:sp|P39023|RL3_HUMAN:sp|P50991|TCPD_HUMAN:sp|Q8N6G6|ATL1_HUMAN:sp|Q08462|ADCY2_HUMAN:sp|Q16799|RTN1_HUMAN:sp|Q86YC2|PALB2_HUMAN:sp|Q6T4R5|NHS_HUMAN:sp|A6NL05|F74A7_HUMAN:sp|Q8NEZ2|VP37A_HUMAN:sp|Q9ULB4|CADH9_HUMAN:sp|Q9UBS9|SUCO_HUMAN:sp|Q9UJ99|CAD22_HUMAN:sp|Q9NZM6|PK2L2_HUMAN:sp|A6NMB9|FIGL2_HUMAN:sp|Q96JI7|SPTCS_HUMAN:sp|P21695|GPDA_HUMAN:sp|Q9ULV5|HSF4_HUMAN:sp|Q13107|UBP4_HUMAN:sp|Q6AI39|BICRL_HUMAN:sp|Q5RGS3|F74A1_HUMAN:sp|Q86WG5|MTMRD_HUMAN:sp|Q8WYK0|ACO12_HUMAN:sp|Q9P0V3|SH3B4_HUMAN:sp|Q86UP0|CAD24_HUMAN:sp|O95248|MTMR5_HUMAN:sp|Q7L014|DDX46_HUMAN:sp|Q53TQ3|IN80D_HUMAN:sp|Q9NYP7|ELOV5_HUMAN:sp|P54289|CA2D1_HUMAN:sp|Q8IZU9|KIRR3_HUMAN:sp|Q13823|NOG2_HUMAN:sp|Q9HCE6|ARGAL_HUMAN:sp|P48048|KCNJ1_HUMAN:sp|P54278|PMS2_HUMAN:sp|Q13075|BIRC1_HUMAN:sp|Q8N5G2|MACOI_HUMAN:sp|Q7Z449|CP2U1_HUMAN:sp|Q96P48|ARAP1_HUMAN:sp|Q05923|DUS2_HUMAN:sp|Q9H347|UBQL3_HUMAN:sp|A8K8P3|SFI1_HUMAN:sp|P18065|IBP2_HUMAN:sp|Q13564|ULA1_HUMAN:sp|Q5K4L6|S27A3_HUMAN:sp|Q8IY21|DDX60_HUMAN:sp|Q8NGT5|OR9A2_HUMAN:sp|Q8TDZ2|MICA1_HUMAN:sp|O15027|SC16A_HUMAN:sp|Q15047|SETB1_HUMAN:sp|O94788|AL1A2_HUMAN:sp|P56962|STX17_HUMAN:sp|P78508|KCJ10_HUMAN:sp|P57679|EVC_HUMAN:sp|Q13115|DUS4_HUMAN:sp|Q9Y6N8|CAD10_HUMAN:sp|Q8NDL9|CBPC5_HUMAN:sp|P18887|XRCC1_HUMAN:sp|Q86SQ4|AGRG6_HUMAN:sp|O14775|GNB5_HUMAN:sp|Q13046|PSG7_HUMAN:sp|Q9Y2A9|B3GN3_HUMAN:sp|Q9NZJ4|SACS_HUMAN:sp|P55289|CAD12_HUMAN:sp|Q96ED9|HOOK2_HUMAN:sp|Q9UKT4|FBX5_HUMAN:sp|O15034|RIMB2_HUMAN:sp|O75121|MFA3L_HUMAN:sp|Q6ZMT4|KDM7A_HUMAN:sp|Q58EX7|PKHG4_HUMAN:sp|Q9UBQ5|EIF3K_HUMAN:sp|O00264|PGRC1_HUMAN:sp|Q96MA6|KAD8_HUMAN:sp|P0DW85|H2BN1_HUMAN:sp|O95153|RIMB1_HUMAN:sp|Q16720|AT2B3_HUMAN:sp|P28562|DUS1_HUMAN:sp|Q86XP1|DGKH_HUMAN:sp|Q99712|KCJ15_HUMAN:sp|Q15846|CLUL1_HUMAN:sp|Q7Z745|MRO2B_HUMAN:sp|Q99418|CYH2_HUMAN:sp|A4D2B8|PM2P1_HUMAN:sp|P55199|ELL_HUMAN:sp|Q86XX4|FRAS1_HUMAN,DeepNovo
K(+42.01)VTKYGGKKGV,47.53,1205.7131,11,63.6,11,1.0,402.91208,3,29.5728,7.1728,0.31,11138,HFX193_IPP292_GEL_CRC_324_Even.raw,3.94E6,3.17E7,2,2,2,2,"Acetylation (N-term)",,5 12 18 18 0 0 0 0 5 2 2,K(+42.01)VTKYGGKKGV,,DeepNovo
K(+42.01)VVGGKAGV,27.58,855.5178,9,55.6,9,0.9,428.76654,2,36.7395,14.6395,0.54,14069,HFX193_IPP292_GEL_CRC_324_Even.raw,6.76E5,5.67E6,1,1,1,1,"Acetylation (N-term)",,5 16 10 0 0 4 0 0 5,K(+42.01)VVGGKAGV,sp|Q92771|DDX12_HUMAN:sp|Q9UH77|KLHL3_HUMAN:sp|Q9P2E2|KIF17_HUMAN:sp|Q86UR5|RIMS1_HUMAN:sp|Q8IXN7|RIMKA_HUMAN:sp|Q7RTY5|PRS48_HUMAN:sp|Q9P2N7|KLH13_HUMAN:sp|Q9UQ16|DYN3_HUMAN:sp|Q8NDA8|MROH1_HUMAN:sp|Q567U6|CCD93_HUMAN:sp|O60519|CRBL2_HUMAN:sp|O95198|KLHL2_HUMAN:sp|Q9P2J3|KLHL9_HUMAN:sp|O14493|CLD4_HUMAN:sp|Q8N752|KC1AL_HUMAN:sp|P31947|1433S_HUMAN:sp|B1AL46|NTM2E_HUMAN:sp|P05186|PPBT_HUMAN:sp|Q9H0B3|IQCN_HUMAN:sp|Q52MB2|CC184_HUMAN:sp|A6NNL0|NTM2B_HUMAN:sp|Q8WXF8|DEDD2_HUMAN:sp|Q9Y597|KCTD3_HUMAN:sp|Q0D2K2|KLH30_HUMAN:sp|Q4G0P3|HYDIN_HUMAN:sp|Q9Y6R7|FCGBP_HUMAN:sp|Q9BYT1|S17A9_HUMAN:sp|A1L443|NTM2F_HUMAN:sp|Q9UQ26|RIMS2_HUMAN:sp|Q05193|DYN1_HUMAN:sp|Q6ZRI0|OTOG_HUMAN:sp|A8MPP1|D11L8_HUMAN:sp|O95644|NFAC1_HUMAN:sp|Q96FC9|DDX11_HUMAN:sp|Q9UPM8|AP4E1_HUMAN:sp|P50570|DYN2_HUMAN:sp|P46087|NOP2_HUMAN:sp|Q5VT03|NTM2D_HUMAN:sp|Q6IMI6|ST1C3_HUMAN:sp|P13639|EF2_HUMAN:sp|Q5VZR2|NTM2G_HUMAN:sp|Q9BPU6|DPYL5_HUMAN:sp|Q9P1Z0|ZBTB4_HUMAN:sp|P98161|PKD1_HUMAN,DeepNovo
K(+42.01)VVGGKEVKKLGLAK,55.11,1595.0133,15,53.3,15,3.0,532.67999,3,35.0196,13.6196,0.19,13391,HFX193_IPP292_GEL_CRC_324_Odd.raw,1.72E5,1.72E6,1,1,1,1,"Acetylation (N-term)",,5 16 8 0 0 1 2 2 2 0 0 0 1 2 4,K(+42.01)VVGGKEVKKLGLAK,,DeepNovo
K(+42.01)VVGGKGAVKGK,49.65,1168.7291,12,66.7,12,1.0,390.58405,3,26.6414,4.7414,0.30,9982,HFX193_IPP292_GEL_CRC_324_Odd.raw,1.66E5,2.31E6,1,1,1,1,"Acetylation (N-term)",,5 32 32 0 0 9 0 0 5 5 5 5,K(+42.01)VVGGKGAVKGK,sp|Q92771|DDX12_HUMAN:sp|Q9P2E2|KIF17_HUMAN:sp|Q5JSJ4|INT6L_HUMAN:sp|P23246|SFPQ_HUMAN:sp|Q86UR5|RIMS1_HUMAN:sp|Q9H8M5|CNNM2_HUMAN:sp|Q7RTY5|PRS48_HUMAN:sp|Q9P2N7|KLH13_HUMAN:sp|Q567U6|CCD93_HUMAN:sp|O60519|CRBL2_HUMAN:sp|O95198|KLHL2_HUMAN:sp|Q9P2J3|KLHL9_HUMAN:sp|Q8N752|KC1AL_HUMAN:sp|P31947|1433S_HUMAN:sp|B1AL46|NTM2E_HUMAN:sp|Q9HCD6|TANC2_HUMAN:sp|A6NNL0|NTM2B_HUMAN:sp|Q09666|AHNK_HUMAN:sp|Q9Y6R7|FCGBP_HUMAN:sp|Q96FC9|DDX11_HUMAN:sp|Q9UPM8|AP4E1_HUMAN:sp|P46087|NOP2_HUMAN:sp|A6NJG6|ARGFX_HUMAN:sp|Q5VT03|NTM2D_HUMAN:sp|Q6IMI6|ST1C3_HUMAN:sp|Q9BPU6|DPYL5_HUMAN:sp|Q9P1Z0|ZBTB4_HUMAN:sp|P27448|MARK3_HUMAN:sp|P98161|PKD1_HUMAN:sp|Q9UH77|KLHL3_HUMAN:sp|Q68CR1|SE1L3_HUMAN:sp|Q8IXN7|RIMKA_HUMAN:sp|Q08554|DSC1_HUMAN:sp|Q9UQ16|DYN3_HUMAN:sp|Q8NDA8|MROH1_HUMAN:sp|O43681|GET3_HUMAN:sp|O14493|CLD4_HUMAN:sp|P05186|PPBT_HUMAN:sp|Q9H0B3|IQCN_HUMAN:sp|Q52MB2|CC184_HUMAN:sp|Q7Z5L9|I2BP2_HUMAN:sp|Q8WXF8|DEDD2_HUMAN:sp|Q9Y597|KCTD3_HUMAN:sp|Q0D2K2|KLH30_HUMAN:sp|Q4G0P3|HYDIN_HUMAN:sp|Q9BYT1|S17A9_HUMAN:sp|A1L443|NTM2F_HUMAN:sp|Q9UQ26|RIMS2_HUMAN:sp|Q05193|DYN1_HUMAN:sp|Q6ZRI0|OTOG_HUMAN:sp|A8MPP1|D11L8_HUMAN:sp|O95644|NFAC1_HUMAN:sp|O15553|MEFV_HUMAN:sp|P50570|DYN2_HUMAN:sp|P13639|EF2_HUMAN:sp|Q5VZR2|NTM2G_HUMAN:sp|Q6UB35|C1TM_HUMAN,DeepNovo
K(+42.01)VVGGKGAVKKGLL,47.07,1394.8972,14,64.3,14,2.8,465.97433,3,37.8934,15.0934,0.13,14559,HFX193_IPP292_GEL_CRC_324_Odd.raw,3.44E5,3.33E6,1,1,1,1,"Acetylation (N-term)",,5 43 33 0 0 6 3 0 7 6 0 0 9 5,K(+42.01)VVGGKGAVKKGLL,sp|P58107|EPIPL_HUMAN:sp|Q9P2E2|KIF17_HUMAN:sp|Q16822|PCKGM_HUMAN:sp|Q6UVJ0|SAS6_HUMAN:sp|P32926|DSG3_HUMAN:sp|P02743|SAMP_HUMAN:sp|O43854|EDIL3_HUMAN:sp|B7ZC32|KIF28_HUMAN:sp|Q96DT7|ZBT10_HUMAN:sp|Q6PIF6|MYO7B_HUMAN:sp|Q93088|BHMT1_HUMAN:sp|Q99798|ACON_HUMAN:sp|Q460N5|PAR14_HUMAN:sp|Q99469|STAC_HUMAN:sp|Q9HCJ3|RAVR2_HUMAN:sp|O95238|SPDEF_HUMAN:sp|B1AL46|NTM2E_HUMAN:sp|Q96P47|AGAP3_HUMAN:sp|Q86VH2|KIF27_HUMAN:sp|Q8TBE7|S35G2_HUMAN:sp|Q5MAI5|CDKL4_HUMAN:sp|Q9P2D6|F135A_HUMAN:sp|Q5TIA1|MEI1_HUMAN:sp|Q7Z6J0|SH3R1_HUMAN:sp|P00414|COX3_HUMAN:sp|Q6ISB3|GRHL2_HUMAN:sp|A4UGR9|XIRP2_HUMAN:sp|Q8NAP8|ZBT8B_HUMAN:sp|O95630|STABP_HUMAN:sp|Q9UNA4|POLI_HUMAN:sp|Q9UPM8|AP4E1_HUMAN:sp|Q9P2H5|UBP35_HUMAN:sp|P61129|ZC3H6_HUMAN:sp|Q9NZR2|LRP1B_HUMAN:sp|P37058|DHB3_HUMAN:sp|O76031|CLPX_HUMAN:sp|Q96PP8|GBP5_HUMAN:sp|Q9H2M3|BHMT2_HUMAN:sp|Q6YHU6|THADA_HUMAN:sp|O94925|GLSK_HUMAN:sp|A5YKK6|CNOT1_HUMAN:sp|Q8NDH2|CC168_HUMAN:sp|Q8WWK9|CKAP2_HUMAN:sp|P15924|DESP_HUMAN:sp|O75916|RGS9_HUMAN:sp|Q5VZL5|ZMYM4_HUMAN:sp|O14493|CLD4_HUMAN:sp|P21462|FPR1_HUMAN:sp|Q8IYD8|FANCM_HUMAN:sp|A1KZ92|PXDNL_HUMAN:sp|O43463|SUV91_HUMAN:sp|Q9Y618|NCOR2_HUMAN:sp|Q9Y597|KCTD3_HUMAN:sp|Q13733|AT1A4_HUMAN:sp|Q0D2K2|KLH30_HUMAN:sp|Q702N8|XIRP1_HUMAN:sp|Q6AI39|BICRL_HUMAN:sp|Q6ZRI0|OTOG_HUMAN:sp|Q8NC42|RN149_HUMAN:sp|Q7Z3B1|NEGR1_HUMAN:sp|Q8IZA0|K319L_HUMAN:sp|Q6NVV3|NIPA3_HUMAN:sp|P50570|DYN2_HUMAN:sp|A8MY62|BLML_HUMAN:sp|Q14031|CO4A6_HUMAN:sp|O15230|LAMA5_HUMAN:sp|Q92771|DDX12_HUMAN:sp|Q9Y692|GMEB1_HUMAN:sp|A0FGR9|ESYT3_HUMAN:sp|Q86UR5|RIMS1_HUMAN:sp|Q92824|PCSK5_HUMAN:sp|P49419|AL7A1_HUMAN:sp|O95198|KLHL2_HUMAN:sp|P33991|MCM4_HUMAN:sp|P14859|PO2F1_HUMAN:sp|Q9P2J3|KLHL9_HUMAN:sp|O60832|DKC1_HUMAN:sp|Q9H1X3|DJC25_HUMAN:sp|P38935|SMBP2_HUMAN:sp|Q9NV70|EXOC1_HUMAN:sp|A0AUZ9|KAL1L_HUMAN:sp|Q68DN1|CB016_HUMAN:sp|Q14184|DOC2B_HUMAN:sp|Q15147|PLCB4_HUMAN:sp|Q9HCI5|MAGE1_HUMAN:sp|P01920|DQB1_HUMAN:sp|Q9H2J4|PDCL3_HUMAN:sp|Q9UH77|KLHL3_HUMAN:sp|Q9BXM7|PINK1_HUMAN:sp|Q8N8M0|NAT16_HUMAN:sp|Q9UQ16|DYN3_HUMAN:sp|Q9UBZ9|REV1_HUMAN:sp|Q6DN12|MCTP2_HUMAN:sp|P41002|CCNF_HUMAN:sp|Q6ZMJ4|IL34_HUMAN:sp|Q0D2K0|NIPA4_HUMAN:sp|O60266|ADCY3_HUMAN:sp|Q9NPB6|PAR6A_HUMAN:sp|Q9HBM0|VEZA_HUMAN:sp|P24278|ZBT25_HUMAN:sp|Q8IV04|TB10C_HUMAN:sp|Q7Z3T8|ZFY16_HUMAN:sp|Q96KR7|PHAR3_HUMAN:sp|P05186|PPBT_HUMAN:sp|Q9H0B3|IQCN_HUMAN:sp|Q2TB90|HKDC1_HUMAN:sp|Q12756|KIF1A_HUMAN:sp|Q14982|OPCM_HUMAN:sp|O00462|MANBA_HUMAN:sp|A8MU46|SMTL1_HUMAN:sp|Q9NZI5|GRHL1_HUMAN:sp|Q2VPB7|AP5B1_HUMAN:sp|Q9BY77|PDIP3_HUMAN:sp|Q14676|MDC1_HUMAN:sp|P38919|IF4A3_HUMAN:sp|Q9C0I9|LRC27_HUMAN:sp|Q8NCM8|DYHC2_HUMAN:sp|Q5VZR2|NTM2G_HUMAN:sp|Q8TAG5|VTM2A_HUMAN:sp|Q96NI6|LRFN5_HUMAN,DeepNovo
K(+42.01)VVGGKGAVKKGLLA,63.29,1465.9343,15,46.7,15,1.4,489.65277,3,37.6340,15.8340,0.22,14427,HFX193_IPP292_GEL_CRC_324_Odd.raw,1.94E6,1.66E7,2,2,1,1,"Acetylation (N-term)",,5 37 29 0 0 6 0 1 6 7 0 0 2 0 0,K(+42.01)VVGGKGAVKKGLLA,sp|O60779|S19A2_HUMAN:sp|Q9BWH6|RPAP1_HUMAN:sp|P58107|EPIPL_HUMAN:sp|Q9BXU3|TX13A_HUMAN:sp|O00519|FAAH1_HUMAN:sp|Q16822|PCKGM_HUMAN:sp|Q6UVJ0|SAS6_HUMAN:sp|Q9H477|RBSK_HUMAN:sp|P32926|DSG3_HUMAN:sp|Q0P6D6|CCD15_HUMAN:sp|Q8N0V5|GNT2A_HUMAN:sp|Q96Q06|PLIN4_HUMAN:sp|P02743|SAMP_HUMAN:sp|B7ZC32|KIF28_HUMAN:sp|O60884|DNJA2_HUMAN:sp|Q93088|BHMT1_HUMAN:sp|Q99798|ACON_HUMAN:sp|Q460N5|PAR14_HUMAN:sp|O95238|SPDEF_HUMAN:sp|Q09666|AHNK_HUMAN:sp|Q8WZ75|ROBO4_HUMAN:sp|Q8NFD5|ARI1B_HUMAN:sp|Q5SQ80|A20A2_HUMAN:sp|Q5TIA1|MEI1_HUMAN:sp|Q7Z6J0|SH3R1_HUMAN:sp|Q6ISB3|GRHL2_HUMAN:sp|A4UGR9|XIRP2_HUMAN:sp|Q8NAP8|ZBT8B_HUMAN:sp|O95630|STABP_HUMAN:sp|Q9UNA4|POLI_HUMAN:sp|Q9UPM8|AP4E1_HUMAN:sp|Q709C8|VP13C_HUMAN:sp|Q9NRL3|STRN4_HUMAN:sp|P37058|DHB3_HUMAN:sp|Q99758|ABCA3_HUMAN:sp|Q96ST3|SIN3A_HUMAN:sp|Q9NW08|RPC2_HUMAN:sp|Q9H2M3|BHMT2_HUMAN:sp|Q08554|DSC1_HUMAN:sp|Q9NNW5|WDR6_HUMAN:sp|P82987|ATL3_HUMAN:TCF7L2_DEL_A-p.K485Sfs*23_::chr10:113165058-113166058_frame=-3:sp|Q8WWK9|CKAP2_HUMAN:sp|P15924|DESP_HUMAN:sp|O75916|RGS9_HUMAN:sp|Q9UKF6|CPSF3_HUMAN:sp|Q5VZL5|ZMYM4_HUMAN:sp|O43681|GET3_HUMAN:sp|P21462|FPR1_HUMAN:sp|Q9BYN7|ZN341_HUMAN:sp|Q96RY7|IF140_HUMAN:sp|Q9Y618|NCOR2_HUMAN:sp|Q9Y597|KCTD3_HUMAN:sp|P23415|GLRA1_HUMAN:sp|Q8TD16|BICD2_HUMAN:sp|Q96QI5|HS3S6_HUMAN:sp|Q6AI39|BICRL_HUMAN:sp|Q6ZRI0|OTOG_HUMAN:sp|Q12834|CDC20_HUMAN:sp|Q96T58|MINT_HUMAN:sp|Q6NVV3|NIPA3_HUMAN:sp|P50570|DYN2_HUMAN:sp|A8MY62|BLML_HUMAN:sp|P49842|STK19_HUMAN:sp|Q9Y692|GMEB1_HUMAN:sp|A0FGR9|ESYT3_HUMAN:sp|Q6PIY5|ARMD1_HUMAN:sp|Q9Y5K1|SPO11_HUMAN:sp|Q14028|CNGB1_HUMAN:sp|O95198|KLHL2_HUMAN:sp|Q96KP6|TNIP3_HUMAN:sp|P33991|MCM4_HUMAN:sp|Q9UQ05|KCNH4_HUMAN:sp|O60832|DKC1_HUMAN:sp|Q5VUR7|A20A3_HUMAN:sp|Q8WYQ9|ZCH14_HUMAN:sp|Q13936|CAC1C_HUMAN:sp|O14936|CSKP_HUMAN:sp|Q9H1X3|DJC25_HUMAN:sp|Q99766|ATP5S_HUMAN:sp|P30876|RPB2_HUMAN:sp|A0AUZ9|KAL1L_HUMAN:sp|Q13127|REST_HUMAN:sp|Q68DN1|CB016_HUMAN:sp|Q14184|DOC2B_HUMAN:sp|Q9HBY0|NOX3_HUMAN:sp|Q9HCI5|MAGE1_HUMAN:sp|P01920|DQB1_HUMAN:sp|Q8N8M0|NAT16_HUMAN:sp|Q9UQ16|DYN3_HUMAN:sp|Q9UBZ9|REV1_HUMAN:sp|Q6DN12|MCTP2_HUMAN:sp|Q53H76|PLA1A_HUMAN:sp|Q6ZMJ4|IL34_HUMAN:sp|Q0D2K0|NIPA4_HUMAN:sp|O60266|ADCY3_HUMAN:sp|Q9NPB6|PAR6A_HUMAN:sp|O75594|PGRP1_HUMAN:sp|Q9H270|VPS11_HUMAN:sp|P24278|ZBT25_HUMAN:sp|O43314|VIP2_HUMAN:sp|Q7Z5J4|RAI1_HUMAN:sp|Q86UK0|ABCAC_HUMAN:sp|Q96KR7|PHAR3_HUMAN:sp|P05186|PPBT_HUMAN:sp|Q9H0B3|IQCN_HUMAN:sp|Q8NGE5|O10A7_HUMAN:sp|P29274|AA2AR_HUMAN:sp|P0DW85|H2BN1_HUMAN:sp|A8MU46|SMTL1_HUMAN:sp|Q6PFW1|VIP1_HUMAN:sp|Q6NXR4|TTI2_HUMAN:sp|P20618|PSB1_HUMAN:sp|Q2VPB7|AP5B1_HUMAN:sp|P38919|IF4A3_HUMAN:sp|Q9C0I9|LRC27_HUMAN:sp|Q01780|EXOSX_HUMAN:sp|Q8NCM8|DYHC2_HUMAN:sp|P05121|PAI1_HUMAN:sp|Q96NI6|LRFN5_HUMAN,DeepNovo
K(+42.01)VVGGKGAVKKGLLAK,67.29,1594.0293,16,62.5,16,2.7,798.02411,2,33.3937,10.7937,0.53,12733,HFX193_IPP292_GEL_CRC_324_Odd.raw,7.25E6,5.02E7,3,3,3,3,"Acetylation (N-term)",,5 6 9 0 0 4 0 0 4 4 0 0 3 6 7 5,K(+42.01)VVGGKGAVKKGLLAK,sp|O60779|S19A2_HUMAN:sp|Q9BWH6|RPAP1_HUMAN:sp|P58107|EPIPL_HUMAN:sp|Q9BXU3|TX13A_HUMAN:sp|O00519|FAAH1_HUMAN:sp|Q6UVJ0|SAS6_HUMAN:sp|Q9H477|RBSK_HUMAN:sp|P32926|DSG3_HUMAN:sp|Q0P6D6|CCD15_HUMAN:sp|Q8N0V5|GNT2A_HUMAN:sp|Q5VT06|CE350_HUMAN:sp|Q96Q06|PLIN4_HUMAN:sp|P02743|SAMP_HUMAN:sp|B7ZC32|KIF28_HUMAN:sp|O60884|DNJA2_HUMAN:sp|Q93088|BHMT1_HUMAN:sp|Q99798|ACON_HUMAN:sp|Q460N5|PAR14_HUMAN:sp|O95238|SPDEF_HUMAN:sp|Q96TA1|NIBA2_HUMAN:sp|Q09666|AHNK_HUMAN:sp|Q8WZ75|ROBO4_HUMAN:sp|Q8NFD5|ARI1B_HUMAN:sp|Q5SQ80|A20A2_HUMAN:sp|Q5TIA1|MEI1_HUMAN:sp|Q7Z6J0|SH3R1_HUMAN:sp|Q6ISB3|GRHL2_HUMAN:sp|A4UGR9|XIRP2_HUMAN:sp|Q8NAP8|ZBT8B_HUMAN:sp|O95630|STABP_HUMAN:sp|Q9UPM8|AP4E1_HUMAN:sp|A6NGR9|MROH6_HUMAN:sp|Q709C8|VP13C_HUMAN:sp|P37058|DHB3_HUMAN:sp|Q9NW08|RPC2_HUMAN:sp|Q9H2M3|BHMT2_HUMAN:sp|Q08554|DSC1_HUMAN:sp|O60281|ZN292_HUMAN:TCF7L2_DEL_A-p.K485Sfs*23_::chr10:113165058-113166058_frame=-3:sp|Q8WWK9|CKAP2_HUMAN:sp|P15924|DESP_HUMAN:sp|O75916|RGS9_HUMAN:sp|Q9UKF6|CPSF3_HUMAN:sp|Q5VZL5|ZMYM4_HUMAN:sp|O43681|GET3_HUMAN:sp|P21462|FPR1_HUMAN:sp|Q9BYN7|ZN341_HUMAN:sp|Q96RY7|IF140_HUMAN:sp|Q9Y597|KCTD3_HUMAN:sp|P23415|GLRA1_HUMAN:sp|Q8TD16|BICD2_HUMAN:sp|Q96QI5|HS3S6_HUMAN:sp|Q6AI39|BICRL_HUMAN:sp|Q12834|CDC20_HUMAN:sp|Q96T58|MINT_HUMAN:sp|Q6NVV3|NIPA3_HUMAN:sp|P50570|DYN2_HUMAN:sp|A8MY62|BLML_HUMAN:sp|Q9Y6M1|IF2B2_HUMAN:sp|Q9UKK3|PARP4_HUMAN:sp|P49842|STK19_HUMAN:sp|Q9Y692|GMEB1_HUMAN:sp|A0FGR9|ESYT3_HUMAN:sp|Q6PIY5|ARMD1_HUMAN:sp|O95198|KLHL2_HUMAN:sp|Q96KP6|TNIP3_HUMAN:sp|P33991|MCM4_HUMAN:sp|O75764|TCEA3_HUMAN:sp|Q9UQ05|KCNH4_HUMAN:sp|O60832|DKC1_HUMAN:sp|Q5VUR7|A20A3_HUMAN:sp|Q9UPR6|ZFR2_HUMAN:sp|Q8WYQ9|ZCH14_HUMAN:sp|Q13936|CAC1C_HUMAN:sp|O14936|CSKP_HUMAN:sp|Q9H1X3|DJC25_HUMAN:sp|Q99766|ATP5S_HUMAN:sp|P30876|RPB2_HUMAN:sp|Q96PE3|INP4A_HUMAN:sp|P52757|CHIO_HUMAN:sp|A0AUZ9|KAL1L_HUMAN:sp|Q13127|REST_HUMAN:sp|Q68DN1|CB016_HUMAN:sp|P25092|GUC2C_HUMAN:sp|Q14184|DOC2B_HUMAN:sp|Q9HBY0|NOX3_HUMAN:sp|Q9HCI5|MAGE1_HUMAN:sp|P01920|DQB1_HUMAN:sp|Q8N8M0|NAT16_HUMAN:sp|Q9UQ16|DYN3_HUMAN:sp|Q9UBZ9|REV1_HUMAN:sp|Q6DN12|MCTP2_HUMAN:sp|Q53H76|PLA1A_HUMAN:sp|Q6ZMJ4|IL34_HUMAN:sp|Q0D2K0|NIPA4_HUMAN:sp|O60266|ADCY3_HUMAN:sp|O75594|PGRP1_HUMAN:sp|Q9H270|VPS11_HUMAN:sp|Q86XT4|TRI50_HUMAN:sp|P24278|ZBT25_HUMAN:sp|O43314|VIP2_HUMAN:sp|Q86UL3|GPAT4_HUMAN:sp|Q7Z5J4|RAI1_HUMAN:sp|Q86UK0|ABCAC_HUMAN:sp|Q96KR7|PHAR3_HUMAN:sp|P05186|PPBT_HUMAN:sp|Q9H0B3|IQCN_HUMAN:sp|Q8NGE5|O10A7_HUMAN:sp|P29274|AA2AR_HUMAN:sp|P0DW85|H2BN1_HUMAN:sp|A8MU46|SMTL1_HUMAN:sp|Q96AX1|VP33A_HUMAN:sp|Q6PFW1|VIP1_HUMAN:sp|Q6NXR4|TTI2_HUMAN:sp|P20618|PSB1_HUMAN:sp|P38919|IF4A3_HUMAN:sp|Q9C0I9|LRC27_HUMAN:sp|Q8NCM8|DYHC2_HUMAN:sp|P05121|PAI1_HUMAN:sp|Q96NI6|LRFN5_HUMAN,DeepNovo
K(+42.01)VVKPPVHKPLVKK,53.18,1638.0708,14,57.1,14,2.5,410.52600,4,31.3859,8.0859,0.10,11906,HFX193_IPP292_GEL_CRC_324_Odd.raw,7.29E5,6.13E6,1,1,1,1,"Acetylation (N-term)",,0 0 4 0 0 0 1 21 3 3 3 3 4 5,K(+42.01)VVKPPVHKPLVKK,sp|O95819|M4K4_HUMAN:sp|O75694|NU155_HUMAN:sp|B2RXF5|ZBT42_HUMAN:sp|Q2M385|MPEG1_HUMAN:sp|Q9UJU6|DBNL_HUMAN:sp|O00115|DNS2A_HUMAN:sp|Q9H920|RN121_HUMAN:sp|P02743|SAMP_HUMAN:RNF43_DEL_C-p.G659Vfs*41_::chr17:58357300-58358300_frame=1:sp|O43747|AP1G1_HUMAN:sp|P12318|FCG2A_HUMAN:sp|Q1ED39|KNOP1_HUMAN:sp|O75843|AP1G2_HUMAN:sp|Q9HCS4|TF7L1_HUMAN:sp|P35221|CTNA1_HUMAN:sp|A8MVW0|F1712_HUMAN:sp|Q99700|ATX2_HUMAN:sp|Q9H4I2|ZHX3_HUMAN:sp|Q8N1G2|CMTR1_HUMAN:sp|Q9BPW9|DHRS9_HUMAN:sp|Q08AF8|GOG8F_HUMAN:sp|O75460|ERN1_HUMAN:sp|Q641Q2|WAC2A_HUMAN:sp|O43405|COCH_HUMAN:sp|O15021|MAST4_HUMAN:sp|Q8NFH8|REPS2_HUMAN:sp|Q14940|SL9A5_HUMAN:sp|Q9Y4F1|FARP1_HUMAN:sp|Q9HBG7|LY9_HUMAN:sp|Q92890|UFD1_HUMAN:sp|Q6ZS17|RIPR1_HUMAN:sp|P0CJ92|GOG8H_HUMAN:sp|Q9H9E3|COG4_HUMAN:sp|O14944|EREG_HUMAN:sp|Q86V97|KBTB6_HUMAN:sp|Q8N6G6|ATL1_HUMAN:sp|Q76L83|ASXL2_HUMAN:sp|Q15349|KS6A2_HUMAN:sp|Q14573|ITPR3_HUMAN:sp|P48764|SL9A3_HUMAN:sp|Q7L590|MCM10_HUMAN:sp|A6NCC3|GOG8O_HUMAN:sp|P26232|CTNA2_HUMAN:sp|Q9Y2K3|MYH15_HUMAN:sp|P49848|TAF6_HUMAN:sp|P31994|FCG2B_HUMAN:sp|Q9NQI0|DDX4_HUMAN:sp|I6L899|GOG8R_HUMAN:sp|Q8WW38|FOG2_HUMAN:sp|Q8WTW4|NPRL2_HUMAN:sp|A8K2U0|A2ML1_HUMAN:sp|Q9NQW6|ANLN_HUMAN:sp|A6NN73|GOG8C_HUMAN:sp|Q96DT5|DYH11_HUMAN:sp|Q9Y566|SHAN1_HUMAN:sp|O95081|AGFG2_HUMAN:sp|O94913|PCF11_HUMAN:tr|A0A8I5KW96|A0A8I5KW96_HUMAN:sp|Q6UUV7|CRTC3_HUMAN:sp|Q99618|CDCA3_HUMAN:sp|Q5FWF4|ZRAB3_HUMAN:sp|P27144|KAD4_HUMAN:sp|Q9NU19|TB22B_HUMAN:sp|H3BPF8|GOG8S_HUMAN:sp|Q86VV8|RTTN_HUMAN:sp|H3BQL2|GOG8T_HUMAN:sp|Q9Y4E1|WAC2C_HUMAN:sp|Q8TDJ6|DMXL2_HUMAN:sp|Q8WXH0|SYNE2_HUMAN:sp|Q9NP70|AMBN_HUMAN:sp|D6RF30|GOG8K_HUMAN:sp|H3BV12|GOG8Q_HUMAN:sp|Q9HCM7|FBSL_HUMAN:sp|Q9BYB0|SHAN3_HUMAN:sp|Q8NDY3|ARHL1_HUMAN:sp|Q8WZ42|TITIN_HUMAN:sp|A6NMD2|GOG8J_HUMAN:sp|Q13319|CD5R2_HUMAN:sp|Q0D2H9|GOG8D_HUMAN:sp|Q8WUM4|PDC6I_HUMAN:sp|Q96QF0|RAB3I_HUMAN:sp|F8WBI6|GOG8N_HUMAN:sp|O95793|STAU1_HUMAN:sp|Q9BTC0|DIDO1_HUMAN:sp|Q17RY0|CPEB4_HUMAN:sp|Q7Z3K3|POGZ_HUMAN:sp|Q8WVZ9|KBTB7_HUMAN:sp|Q8IYA7|MKX_HUMAN:sp|Q9HC10|OTOF_HUMAN:sp|Q9HBD1|RC3H2_HUMAN:sp|P36551|HEM6_HUMAN:sp|Q8N612|FHI1B_HUMAN:sp|Q96M86|DNHD1_HUMAN:sp|Q5H913|AR13A_HUMAN:sp|Q3L8U1|CHD9_HUMAN:sp|Q9UKV3|ACINU_HUMAN:sp|Q8NE35|CPEB3_HUMAN:sp|Q14204|DYHC1_HUMAN:sp|Q96CB8|INT12_HUMAN:sp|Q9BQ13|KCD14_HUMAN:sp|O43909|EXTL3_HUMAN:sp|Q8N3K9|CMYA5_HUMAN:sp|A6NC78|GOG8I_HUMAN:sp|Q9P031|TAP26_HUMAN:sp|Q6UXI7|VITRN_HUMAN:sp|P29590|PML_HUMAN:sp|O00462|MANBA_HUMAN:sp|Q9P2N5|RBM27_HUMAN:sp|Q6Y288|B3GLT_HUMAN:sp|O75553|DAB1_HUMAN:sp|Q86WT1|TT30A_HUMAN:sp|P31995|FCG2C_HUMAN:sp|Q9Y6X9|MORC2_HUMAN:sp|Q93038|TNR25_HUMAN:sp|Q14676|MDC1_HUMAN:sp|Q9Y6V0|PCLO_HUMAN:sp|P02751|FINC_HUMAN:sp|P41214|EIF2D_HUMAN:sp|P09341|GROA_HUMAN:sp|Q03001|DYST_HUMAN,DeepNovo
K(+42.01)VVPRVKPKLV,44.75,1303.8704,11,63.6,11,0.1,435.63077,3,40.9215,11.1215,0.13,15724,HFX193_IPP292_GEL_CRC_324_Even.raw,9.8E7,5.45E8,4,4,4,4,"Acetylation (N-term)",,5 0 1 0 0 32 36 9 9 28 5,K(+42.01)VVPRVKPKLV,sp|P01040|CYTA_HUMAN:sp|Q8N568|DCLK2_HUMAN:sp|O95391|SLU7_HUMAN:sp|Q9P215|POGK_HUMAN:sp|Q96J92|WNK4_HUMAN:sp|O43426|SYNJ1_HUMAN:sp|Q5H9R4|ARMX4_HUMAN:sp|Q8IXK0|PHC2_HUMAN:sp|Q5THR3|EFCB6_HUMAN:sp|Q12772|SRBP2_HUMAN:sp|P02743|SAMP_HUMAN:sp|Q96IZ2|ADTRP_HUMAN:sp|Q14974|IMB1_HUMAN:sp|P42229|STA5A_HUMAN:sp|P47914|RL29_HUMAN:sp|P17948|VGFR1_HUMAN:sp|P23468|PTPRD_HUMAN:sp|Q70E73|RAPH1_HUMAN:sp|Q9Y234|LIPT_HUMAN:sp|Q8WZ42|TITIN_HUMAN:sp|Q5SYE7|NHSL1_HUMAN:sp|Q13018|PLA2R_HUMAN:sp|O95714|HERC2_HUMAN:sp|P10586|PTPRF_HUMAN:sp|O43678|NDUA2_HUMAN:sp|A6NFU8|PGPIL_HUMAN:sp|Q6AHZ1|Z518A_HUMAN:sp|Q9BVS5|TR61B_HUMAN:sp|Q14185|DOCK1_HUMAN:sp|P29144|TPP2_HUMAN:sp|Q9NYY8|FAKD2_HUMAN:sp|P51797|CLCN6_HUMAN:sp|A6NGB9|WIPF3_HUMAN:sp|P13995|MTDC_HUMAN:sp|Q9NYC9|DYH9_HUMAN:sp|Q15198|PGFRL_HUMAN:sp|Q8IVF5|TIAM2_HUMAN:sp|Q8N1I8|CAAS1_HUMAN:sp|Q5T1R4|ZEP3_HUMAN:sp|Q99583|MNT_HUMAN:sp|Q5T4T6|SYC2L_HUMAN:sp|O60469|DSCAM_HUMAN:sp|Q96K21|ANCHR_HUMAN:sp|P08F94|PKHD1_HUMAN:sp|Q86W24|NAL14_HUMAN:sp|P78364|PHC1_HUMAN:sp|Q96QT6|PHF12_HUMAN:sp|P08047|SP1_HUMAN:sp|Q8NDA2|HMCN2_HUMAN:sp|Q15652|JHD2C_HUMAN:sp|P51692|STA5B_HUMAN:sp|Q9BU19|ZN692_HUMAN:sp|O00268|TAF4_HUMAN:sp|Q8WU67|ABHD3_HUMAN:sp|Q96RI1|NR1H4_HUMAN:sp|Q8N3K9|CMYA5_HUMAN:sp|Q7Z3U7|MON2_HUMAN:sp|Q5HYC2|K2026_HUMAN:sp|O14792|HS3S1_HUMAN:sp|Q13439|GOGA4_HUMAN:sp|Q9Y2L6|FRM4B_HUMAN:sp|Q8N9U0|TAC2N_HUMAN:sp|Q9P2Q2|FRM4A_HUMAN:sp|Q8NG27|PJA1_HUMAN:sp|Q2VPB7|AP5B1_HUMAN:sp|Q9UBR5|CKLF_HUMAN:sp|Q9UBN7|HDAC6_HUMAN:sp|Q92560|BAP1_HUMAN:sp|A6NHX0|CAST2_HUMAN:sp|Q9ULV3|CIZ1_HUMAN:sp|Q5J5C9|DB121_HUMAN:sp|O00469|PLOD2_HUMAN:sp|Q8NDX5|PHC3_HUMAN:sp|O15054|KDM6B_HUMAN:sp|P31629|ZEP2_HUMAN:sp|Q92736|RYR2_HUMAN:sp|P61769|B2MG_HUMAN:sp|Q8NFJ5|RAI3_HUMAN:sp|P62910|RL32_HUMAN,DeepNovo
K(+42.01)VVPVLVKKLAVLK,46.56,1575.0851,14,57.1,14,0.1,394.77859,4,25.1471,4.2471,0.24,9370,HFX193_IPP292_GEL_CRC_324_Odd.raw,3.63E5,4.21E6,1,1,1,1,"Acetylation (N-term)",,5 0 0 0 0 1 1 3 10 10 11 11 19 5,K(+42.01)VVPVLVKKLAVLK,sp|P22413|ENPP1_HUMAN:sp|Q9ULS5|TMCC3_HUMAN:sp|Q8WV93|AFG1L_HUMAN:sp|Q8ND23|CARL3_HUMAN:sp|Q93034|CUL5_HUMAN:sp|Q7Z4M0|RE114_HUMAN:sp|Q9H1C4|UN93B_HUMAN:sp|Q6ZW31|SYDE1_HUMAN:sp|Q86UE8|TLK2_HUMAN:sp|Q6AI08|HEAT6_HUMAN:sp|Q6ZRG5|YQ015_HUMAN:sp|Q8ND07|BBOF1_HUMAN:sp|Q9UI26|IPO11_HUMAN:sp|O60566|BUB1B_HUMAN:sp|Q86W34|AMZ2_HUMAN:sp|Q96JQ2|CLMN_HUMAN:sp|Q68G75|LEMD1_HUMAN:sp|Q92750|TAF4B_HUMAN:sp|Q02297|NRG1_HUMAN:sp|Q9BVI4|NOC4L_HUMAN:sp|Q8N7X0|ADGB_HUMAN:sp|Q14254|FLOT2_HUMAN:sp|O75460|ERN1_HUMAN:sp|Q9BQG0|MBB1A_HUMAN:sp|Q8N684|CPSF7_HUMAN:sp|Q14541|HNF4G_HUMAN:sp|O60318|GANP_HUMAN:sp|P51587|BRCA2_HUMAN:sp|P20248|CCNA2_HUMAN:sp|Q9H871|RMD5A_HUMAN:sp|Q13093|PAFA_HUMAN:sp|Q8WUY3|PRUN2_HUMAN:sp|Q38SD2|LRRK1_HUMAN:sp|Q96K83|ZN521_HUMAN:sp|Q6P5Z2|PKN3_HUMAN:sp|P21359|NF1_HUMAN:sp|A4FU49|SH321_HUMAN:sp|A5YKK6|CNOT1_HUMAN:sp|P15924|DESP_HUMAN:sp|Q9Y6I8|PXMP4_HUMAN:sp|O60673|REV3L_HUMAN:sp|Q9H307|PININ_HUMAN:sp|Q6T310|RSLBA_HUMAN:sp|Q8IY17|PLPL6_HUMAN:sp|Q9BQR3|PRS27_HUMAN:sp|Q8WTW4|NPRL2_HUMAN:sp|Q9Y618|NCOR2_HUMAN:sp|O75165|DJC13_HUMAN:sp|Q8IYE0|CC146_HUMAN:sp|Q9Y4A0|JERKL_HUMAN:sp|Q5VWQ8|DAB2P_HUMAN:sp|P23497|SP100_HUMAN:sp|Q5T7W7|TSTD2_HUMAN:sp|Q9BVI0|PHF20_HUMAN:sp|Q96D53|COQ8B_HUMAN:sp|Q9Y6X6|MYO16_HUMAN:sp|Q9Y4C4|MFHA1_HUMAN:sp|Q5H8C1|FREM1_HUMAN:sp|P11532|DMD_HUMAN:sp|Q8IUG5|MY18B_HUMAN:sp|Q76KP1|B4GN4_HUMAN:sp|Q8N960|CE120_HUMAN:sp|Q14008|CKAP5_HUMAN:sp|Q86XA9|HTR5A_HUMAN:sp|Q99689|FEZ1_HUMAN:sp|Q8TF40|FNIP1_HUMAN:sp|Q8N609|TR1L1_HUMAN:sp|O75891|AL1L1_HUMAN:sp|Q9BPX3|CND3_HUMAN:sp|Q9NQN1|OR2S1_HUMAN:sp|Q8NEZ4|KMT2C_HUMAN:sp|Q9P2M7|CING_HUMAN:sp|Q8NE09|RGS22_HUMAN:sp|Q9Y673|ALG5_HUMAN:sp|P31152|MK04_HUMAN:sp|Q9UM13|APC10_HUMAN:sp|Q08379|GOGA2_HUMAN:sp|Q8N9S9|SNX31_HUMAN:sp|Q9UJX4|APC5_HUMAN:sp|Q01167|FOXK2_HUMAN:sp|Q15560|TCEA2_HUMAN:sp|P41181|AQP2_HUMAN:sp|Q8N488|RYBP_HUMAN:sp|Q9BVA6|FICD_HUMAN:sp|Q5TD94|RSH4A_HUMAN:sp|Q15075|EEA1_HUMAN:sp|O75643|U520_HUMAN:sp|Q8IWW6|RHG12_HUMAN:sp|Q5K651|SAMD9_HUMAN:sp|Q8WWQ0|PHIP_HUMAN:sp|Q8NGT1|OR2K2_HUMAN:sp|A0A0J9YXX1|HV5X1_HUMAN:sp|O75962|TRIO_HUMAN:sp|Q3SYC2|MOGT2_HUMAN:sp|Q14524|SCN5A_HUMAN:sp|Q8WXH2|JPH3_HUMAN:sp|O95185|UNC5C_HUMAN:sp|P10515|ODP2_HUMAN:sp|O43156|TTI1_HUMAN:sp|Q9Y3E7|CHMP3_HUMAN:sp|P35711|SOX5_HUMAN:TBC1D23_DEL_A-p.K649Nfs*18_::chr3:100320392-100321392_frame=2:sp|Q7Z2K6|ERMP1_HUMAN:sp|A0A0C4DH38|HV551_HUMAN:sp|Q13641|TPBG_HUMAN:sp|Q9UIG0|BAZ1B_HUMAN:sp|O60883|G37L1_HUMAN:sp|Q9UBQ5|EIF3K_HUMAN:sp|Q9UGC7|RF1ML_HUMAN:sp|Q8TAE8|G45IP_HUMAN:sp|O75095|MEGF6_HUMAN:sp|Q8NBQ5|DHB11_HUMAN:sp|Q08AM6|VAC14_HUMAN:sp|Q9H222|ABCG5_HUMAN:sp|O96013|PAK4_HUMAN:sp|Q9BQ90|KLDC3_HUMAN:sp|Q8NGT2|O13J1_HUMAN:sp|Q8NCM8|DYHC2_HUMAN:sp|P07949|RET_HUMAN:sp|Q6PGQ7|BORA_HUMAN,DeepNovo
K(+42.01)VWKEWVGDTYR,59.73,1607.8096,12,41.7,12,2.8,402.96082,4,26.4689,3.2689,0.46,9881,HFX193_IPP292_GEL_CRC_324_Even.raw,4.5E5,4.01E6,2,2,1,1,"Acetylation (N-term)",,0 0 0 1 1 2 0 0 2 2 2 3,K(+42.01)VWKEWVGDTYR,sp|Q9P2V4|LRIT1_HUMAN:sp|P02751|FINC_HUMAN:sp|P43489|TNR4_HUMAN:sp|Q9UQF2|JIP1_HUMAN:sp|Q9NS82|AAA1_HUMAN,DeepNovo
K(+42.01)WVHSVVLEKV,40.04,1364.7816,11,81.8,11,-2.7,455.93323,3,34.9935,12.9935,0.31,13364,HFX193_IPP292_GEL_CRC_324_Odd.raw,3.9E5,2.46E6,1,1,1,1,"Acetylation (N-term)",,3 3 0 0 32 15 13 6 6 8 5,K(+42.01)WVHSVVLEKV,DOCK3_DEL_C-p.P1852Qfs*45_::chr3:51379673-51380673_frame=-2:sp|O95479|G6PE_HUMAN:sp|P49418|AMPH_HUMAN:sp|Q96C34|RUND1_HUMAN:sp|Q6ZMW3|EMAL6_HUMAN:sp|P46939|UTRN_HUMAN:sp|Q8ND23|CARL3_HUMAN:sp|O75031|HSF2B_HUMAN:sp|Q0VDD7|BRME1_HUMAN:sp|P51959|CCNG1_HUMAN:sp|P0DPD8|EFCE2_HUMAN:sp|A6H8Y1|BDP1_HUMAN:sp|Q8IYE1|CCD13_HUMAN:sp|Q13315|ATM_HUMAN:sp|Q1ED39|KNOP1_HUMAN:sp|Q96R06|SPAG5_HUMAN:sp|Q8IZF6|AGRG4_HUMAN:sp|Q9Y572|RIPK3_HUMAN:sp|O95429|BAG4_HUMAN:sp|Q8IV32|CCD71_HUMAN:sp|O94955|RHBT3_HUMAN:sp|Q12766|HMGX3_HUMAN:sp|O14607|UTY_HUMAN:sp|Q8NFR9|I17RE_HUMAN:sp|P25685|DNJB1_HUMAN:sp|Q9UBF8|PI4KB_HUMAN:sp|Q5TZA2|CROCC_HUMAN:sp|Q9NZR2|LRP1B_HUMAN:sp|P02671|FIBA_HUMAN:sp|Q6KB66|K2C80_HUMAN:sp|Q9P2E8|MARH4_HUMAN:sp|Q99743|NPAS2_HUMAN:sp|P0DPI3|CENL2_HUMAN:sp|Q9NNX1|TUFT1_HUMAN:sp|P41229|KDM5C_HUMAN:sp|Q8N594|MPND_HUMAN:sp|Q96SE0|ABHD1_HUMAN:sp|Q13085|ACACA_HUMAN:sp|Q9BRS8|LARP6_HUMAN:sp|Q13017|RHG05_HUMAN:sp|P23560|BDNF_HUMAN:sp|O00534|VMA5A_HUMAN:sp|Q8WZA2|RPGF4_HUMAN:sp|P09769|FGR_HUMAN:sp|Q5JSL3|DOC11_HUMAN:sp|Q96DT5|DYH11_HUMAN:sp|O94923|GLCE_HUMAN:sp|P06241|FYN_HUMAN:sp|O15054|KDM6B_HUMAN:sp|Q86YJ5|MARH9_HUMAN:sp|Q8IUG5|MY18B_HUMAN:sp|Q9UHC6|CNTP2_HUMAN:sp|Q7RTP6|MICA3_HUMAN:sp|Q13368|MPP3_HUMAN:sp|Q9P2D8|UNC79_HUMAN:sp|O15031|PLXB2_HUMAN:sp|Q8WYP3|RIN2_HUMAN:sp|Q12836|ZP4_HUMAN:sp|P17028|ZNF24_HUMAN:sp|Q8WZ64|ARAP2_HUMAN:sp|Q8TDJ6|DMXL2_HUMAN:sp|P52824|DGKQ_HUMAN:sp|Q99653|CHP1_HUMAN:sp|P62266|RS23_HUMAN:sp|P48065|S6A12_HUMAN:sp|Q9H777|RNZ1_HUMAN:sp|A0A0U1RRI6|CENL3_HUMAN:sp|E7EW31|PROB1_HUMAN:sp|Q56A73|SPIN4_HUMAN:sp|Q6P2S7|TTC41_HUMAN:sp|Q8WZ42|TITIN_HUMAN:sp|Q9BY66|KDM5D_HUMAN:sp|Q6V1P9|PCD23_HUMAN:sp|P78527|PRKDC_HUMAN:sp|P0DPD7|EFMT4_HUMAN:sp|Q0VF96|CGNL1_HUMAN:sp|Q8TBE3|FNDC9_HUMAN:sp|Q86UK5|LBN_HUMAN:sp|Q96C45|ULK4_HUMAN:sp|O00410|IPO5_HUMAN:sp|Q15431|SYCP1_HUMAN:sp|O60343|TBCD4_HUMAN:sp|O95071|UBR5_HUMAN:sp|Q9UIF9|BAZ2A_HUMAN:sp|P07947|YES_HUMAN:sp|Q9BRX2|PELO_HUMAN:sp|Q5VTM2|AGAP9_HUMAN:sp|Q00G26|PLIN5_HUMAN:sp|O14746|TERT_HUMAN:sp|Q8TF72|SHRM3_HUMAN:sp|Q6WCQ1|MPRIP_HUMAN:sp|Q8IYU4|UBQLN_HUMAN:sp|Q6TFL3|CC171_HUMAN:sp|Q9BQK8|LPIN3_HUMAN:sp|O60337|MARH6_HUMAN:sp|Q9H3M9|ATX3L_HUMAN:sp|Q5MIZ7|P4R3B_HUMAN:sp|O95342|ABCBB_HUMAN:sp|A0A0C4DH28|TRGV4_HUMAN:sp|Q9HD26|GOPC_HUMAN:sp|Q16363|LAMA4_HUMAN:sp|O00763|ACACB_HUMAN:sp|Q8N3F0|MTURN_HUMAN:sp|Q5W0Q7|USPL1_HUMAN:sp|Q12802|AKP13_HUMAN:sp|Q9BZ71|PITM3_HUMAN:sp|P78423|X3CL1_HUMAN:sp|Q9P2B2|FPRP_HUMAN:sp|Q969H4|CNKR1_HUMAN:sp|Q9Y6S9|RPKL1_HUMAN:sp|Q9BWS9|CHID1_HUMAN:sp|Q5H9T9|FSCB_HUMAN:sp|O15550|KDM6A_HUMAN:sp|Q14766|LTBP1_HUMAN:sp|A0A0U1RR11|CENL1_HUMAN:ZNF518A_DEL_A-p.T929Lfs*2_::chr10:96158599-96159599_frame=-1:sp|Q5H9U9|DDX6L_HUMAN:sp|Q9Y5P3|RAI2_HUMAN:sp|Q9H6R3|ACSS3_HUMAN:sp|Q494R4|CC153_HUMAN,DeepNovo
K(+42.01)YAGKHGAAGL,35.74,1113.5930,11,27.3,11,0.5,557.80408,2,28.1896,10.4896,0.37,10589,HFX193_IPP292_GEL_CRC_324_Even.raw,1.67E6,1.67E7,2,2,2,2,"Acetylation (N-term)",,0 0 0 0 14 3 0 0 0 0 5,K(+42.01)YAGKHGAAGL,,DeepNovo
K(+42.01)YGKTKLF,36.39,1025.5909,8,100.0,8,1.9,513.80371,2,41.6959,22.5959,0.47,16079,HFX193_IPP292_GEL_CRC_324_Even.raw,6.53E5,4.12E6,1,1,1,1,"Acetylation (N-term)",,5 19 2 2 2 3 5 5,K(+42.01)YGKTKLF,sp|Q9BVQ7|SPA5L_HUMAN:sp|P63136|POK25_HUMAN:sp|Q8IWB1|IPRI_HUMAN:sp|O15266|SHOX_HUMAN:sp|Q8NG04|S2610_HUMAN:sp|Q8TCN5|ZN507_HUMAN:sp|Q13508|NAR3_HUMAN:sp|Q6PIF6|MYO7B_HUMAN:sp|P23786|CPT2_HUMAN:sp|Q9H4L7|SMRCD_HUMAN:sp|A2RUB6|CCD66_HUMAN:sp|Q56UN5|M3K19_HUMAN:sp|Q8N3C0|ASCC3_HUMAN:sp|Q6IE36|OVOS2_HUMAN:sp|O00167|EYA2_HUMAN:sp|A0AV02|S12A8_HUMAN:sp|Q70CQ1|UBP49_HUMAN:sp|O60841|IF2P_HUMAN:sp|P63133|POK8_HUMAN:sp|A8MWY0|ELAP2_HUMAN:sp|Q14207|NPAT_HUMAN:sp|Q9UQG0|POK11_HUMAN:sp|Q13093|PAFA_HUMAN:sp|Q9H903|MTD2L_HUMAN:sp|Q8IZ69|TRM2A_HUMAN:sp|Q7Z5R6|AB1IP_HUMAN:sp|Q8NI27|THOC2_HUMAN:sp|Q8N0V4|LGI2_HUMAN:sp|Q4L235|ACSF4_HUMAN:sp|P63132|PO113_HUMAN:sp|P10636|TAU_HUMAN:sp|Q9Y5H2|PCDGB_HUMAN:sp|Q6ZVD8|PHLP2_HUMAN:sp|Q6ZR52|ZN493_HUMAN:sp|Q9Y5W8|SNX13_HUMAN:sp|P23471|PTPRZ_HUMAN:sp|Q9Y2K3|MYH15_HUMAN:sp|Q9QC07|POK18_HUMAN:sp|Q8WW38|FOG2_HUMAN:sp|O60902|SHOX2_HUMAN:sp|Q13568|IRF5_HUMAN:sp|A7MBM2|DISP2_HUMAN:sp|Q5VZ89|DEN4C_HUMAN:sp|O43502|RA51C_HUMAN:sp|Q6P4F7|RHGBA_HUMAN:sp|P23759|PAX7_HUMAN:sp|Q9UPQ9|TNR6B_HUMAN:sp|O43934|MFS11_HUMAN:sp|Q9H6A0|DEN2D_HUMAN:sp|P40879|S26A3_HUMAN:sp|Q9Y6X6|MYO16_HUMAN:sp|P0CB38|PAB4L_HUMAN:sp|Q9H7T9|AUNIP_HUMAN:sp|O14981|BTAF1_HUMAN:sp|Q6P9F0|CCD62_HUMAN:sp|O95391|SLU7_HUMAN:sp|Q14565|DMC1_HUMAN:sp|Q9Y5B8|NDK7_HUMAN:sp|Q5JSH3|WDR44_HUMAN:sp|O94832|MYO1D_HUMAN:sp|Q7Z6M4|MTEF4_HUMAN:sp|P58743|S26A5_HUMAN:sp|Q9H8P0|PORED_HUMAN:sp|Q86UP3|ZFHX4_HUMAN:sp|Q9Y4I1|MYO5A_HUMAN:sp|Q9NZL9|MAT2B_HUMAN:sp|Q9NYK1|TLR7_HUMAN:sp|Q9UBC5|MYO1A_HUMAN:sp|P0DMV8|HS71A_HUMAN:sp|Q13402|MYO7A_HUMAN:sp|Q9UJ41|RABX5_HUMAN:sp|Q9C0C6|CIPC_HUMAN:sp|P40763|STAT3_HUMAN:sp|Q6X4T0|CL054_HUMAN:sp|Q8IY21|DDX60_HUMAN:sp|Q9BXR3|POK6_HUMAN:sp|Q5T5P2|SKT_HUMAN:sp|Q9NU22|MDN1_HUMAN:sp|Q9NQX4|MYO5C_HUMAN:sp|P00751|CFAB_HUMAN:sp|Q9NRY4|RHG35_HUMAN:sp|P56524|HDAC4_HUMAN:sp|Q7L211|ABHDD_HUMAN:sp|P49591|SYSC_HUMAN:sp|Q99941|ATF6B_HUMAN:sp|Q9UKV8|AGO2_HUMAN:sp|P63135|POK7_HUMAN:sp|Q06609|RAD51_HUMAN:sp|Q99502|EYA1_HUMAN:sp|P34931|HS71L_HUMAN:sp|Q70CQ3|UBP30_HUMAN:sp|Q4J6C6|PPCEL_HUMAN:sp|Q96P44|COLA1_HUMAN:sp|Q8N3K9|CMYA5_HUMAN:sp|Q8NAB2|KBTB3_HUMAN:sp|Q96JB2|COG3_HUMAN:sp|O43542|XRCC3_HUMAN:WDR55_DEL_A-p.K341Rfs*8_::chr5:140669017-140670017_frame=1:sp|Q96D42|HAVR1_HUMAN:sp|Q8N1T3|MYO1H_HUMAN:sp|P21953|ODBB_HUMAN:sp|Q15596|NCOA2_HUMAN:sp|Q9BXJ1|C1QT1_HUMAN:sp|Q5T4S7|UBR4_HUMAN:sp|P0DMV9|HS71B_HUMAN:sp|Q96RN1|S26A8_HUMAN,DeepNovo
K(+42.01)YKKPLRV,14.81,1072.6757,8,62.5,8,0.3,358.56595,3,33.2905,6.8905,0.72,12661,HFX193_IPP292_GEL_CRC_324_Odd.raw,1.53E6,1.23E7,1,1,1,1,"Acetylation (N-term)",,0 0 0 2 13 3 3 5,K(+42.01)YKKPLRV,sp|Q70Z35|PREX2_HUMAN:sp|O00519|FAAH1_HUMAN:sp|P21817|RYR1_HUMAN:sp|Q658T7|F90A2_HUMAN:sp|Q9H788|SH24A_HUMAN:sp|Q9Y4D8|HECD4_HUMAN:sp|P0C7V6|SP202_HUMAN:sp|Q9Y484|WIPI4_HUMAN:sp|A8MWA6|F90AM_HUMAN:sp|P0C7X0|F90AO_HUMAN:sp|P10586|PTPRF_HUMAN:sp|Q6PJG2|MDEAS_HUMAN:sp|Q6V1X1|DPP8_HUMAN:sp|Q15744|CEBPE_HUMAN:sp|Q69YN2|C19L1_HUMAN:sp|Q9NZM5|NOP53_HUMAN:tr|A0A8V8TNH8|A0A8V8TNH8_HUMAN:sp|Q13480|GAB1_HUMAN:sp|A6NDY2|F90AA_HUMAN:sp|Q9Y4B5|MTCL1_HUMAN:sp|Q9NP66|HM20A_HUMAN:sp|O95428|PPN_HUMAN:sp|A0PJX4|SHSA3_HUMAN:sp|Q8NE62|CHDH_HUMAN:sp|P55899|FCGRN_HUMAN:sp|Q15058|KIF14_HUMAN:sp|P08243|ASNS_HUMAN:sp|Q6P6C2|ALKB5_HUMAN:sp|Q8IXW0|LMTD2_HUMAN:sp|Q6IEE7|T132E_HUMAN:sp|Q9NZN5|ARHGC_HUMAN:sp|P35218|CAH5A_HUMAN:sp|A0FGR8|ESYT2_HUMAN:sp|P57059|SIK1_HUMAN:sp|Q96I23|PREY_HUMAN:sp|Q9Y2X0|MED16_HUMAN:sp|Q5THJ4|VP13D_HUMAN:sp|Q9UBL0|ARP21_HUMAN:sp|Q2WGN9|GAB4_HUMAN:sp|Q15427|SF3B4_HUMAN:sp|Q9H2T7|RBP17_HUMAN:sp|Q96EV2|RBM33_HUMAN:sp|P11171|EPB41_HUMAN:sp|Q9UNS2|CSN3_HUMAN:sp|Q8WWW8|GAB3_HUMAN:sp|Q8IVQ6|ZDH21_HUMAN:sp|O60610|DIAP1_HUMAN:sp|Q9Y485|DMXL1_HUMAN:sp|P0DV76|F90AJ_HUMAN:sp|Q5JVL4|EFHC1_HUMAN:sp|A6NJQ4|F90A8_HUMAN:sp|A6NNJ1|F90A9_HUMAN:sp|O00294|TULP1_HUMAN:sp|Q9BUI4|RPC3_HUMAN:sp|Q8TDJ6|DMXL2_HUMAN:sp|Q92599|SEPT8_HUMAN:sp|Q8IYB4|PEX5R_HUMAN:sp|Q9UQC2|GAB2_HUMAN:sp|B2RTY4|MYO9A_HUMAN:sp|Q9HCE1|MOV10_HUMAN:sp|Q9Y6K1|DNM3A_HUMAN:sp|Q92604|LGAT1_HUMAN:sp|A8MXJ8|F90A5_HUMAN:sp|O15143|ARC1B_HUMAN:sp|Q9UBG0|MRC2_HUMAN:sp|Q9P206|K1522_HUMAN:tr|A0A8V8TPE2|A0A8V8TPE2_HUMAN:sp|Q86Y25|Z354C_HUMAN:sp|Q6ZTR5|CFA47_HUMAN:sp|P0DV73|F90AG_HUMAN:sp|Q14767|LTBP2_HUMAN:sp|Q99613|EIF3C_HUMAN:sp|A0A0B4J2F2|SIK1B_HUMAN:sp|Q9P2L0|WDR35_HUMAN:RNF43_DEL_C-p.G659Vfs*41_::chr17:58357300-58358300_frame=-3:sp|Q86YD7|F90A1_HUMAN:sp|A6NIJ5|F90AK_HUMAN:sp|Q4ZHG4|FNDC1_HUMAN:sp|B5ME19|EIFCL_HUMAN:sp|Q92889|XPF_HUMAN:sp|Q92747|ARC1A_HUMAN:sp|O95602|RPA1_HUMAN:sp|P35367|HRH1_HUMAN:sp|Q9BU64|CENPO_HUMAN:sp|Q86VY9|T200A_HUMAN:sp|P0C7W8|F90AD_HUMAN:sp|P0DV75|F90AI_HUMAN:sp|Q8TF42|UBS3B_HUMAN:sp|O95886|DLGP3_HUMAN:sp|A8MXZ1|F90AN_HUMAN:sp|P0DV74|F90AH_HUMAN:sp|P0C7V4|F90AF_HUMAN:sp|A6NKC0|F90A7_HUMAN:sp|Q9BYK8|HELZ2_HUMAN:sp|Q9HCP0|KC1G1_HUMAN:sp|Q86XX4|FRAS1_HUMAN,DeepNovo
K(+42.01)YKLLHYR,31.66,1161.6659,8,75.0,8,-0.4,388.22906,3,35.8083,16.5083,0.37,13695,HFX193_IPP292_GEL_CRC_324_Even.raw,1.75E6,1.05E7,1,1,1,1,"Acetylation (N-term)",,0 0 65 69 37 8 2 2,K(+42.01)YKLLHYR,sp|Q9NS85|CAH10_HUMAN:sp|Q8IZD9|DOCK3_HUMAN:sp|Q15413|RYR3_HUMAN:sp|Q8NEJ0|DUS18_HUMAN:sp|Q96F81|DISP1_HUMAN:sp|P05060|SCG1_HUMAN:sp|Q6ZNX1|SHLD3_HUMAN:sp|Q13535|ATR_HUMAN:sp|P11498|PYC_HUMAN:sp|Q99665|I12R2_HUMAN:sp|Q9P267|MBD5_HUMAN:sp|Q6IQ19|CCSAP_HUMAN:sp|Q9Y6J0|CABIN_HUMAN:sp|Q15386|UBE3C_HUMAN:sp|Q14667|BLTP2_HUMAN:sp|P51813|BMX_HUMAN:sp|Q8IZ83|A16A1_HUMAN:sp|P26572|MGAT1_HUMAN:sp|Q86XK3|SFR1_HUMAN:sp|A8K8P3|SFI1_HUMAN:sp|Q86WZ6|ZN227_HUMAN:sp|Q9NY91|SC5A4_HUMAN:sp|Q9BVI0|PHF20_HUMAN:sp|Q5VWN6|TASO2_HUMAN:sp|Q92674|CENPI_HUMAN:sp|Q9C0H5|RHG39_HUMAN:sp|Q9HCK8|CHD8_HUMAN:sp|Q9UL18|AGO1_HUMAN:sp|P15822|ZEP1_HUMAN:sp|Q3KNV8|PCGF3_HUMAN:sp|O94887|FARP2_HUMAN:sp|P17025|ZN182_HUMAN,DeepNovo
K(+42.01)YRPLVKPK,26.17,1169.7284,9,77.8,9,3.2,390.91800,3,31.1641,12.5641,0.42,11827,HFX193_IPP292_GEL_CRC_324_Even.raw,3.55E5,2.86E6,1,1,1,1,"Acetylation (N-term)",,0 0 7 2 2 3 4 10 5,K(+42.01)YRPLVKPK,sp|P21817|RYR1_HUMAN:sp|O75694|NU155_HUMAN:sp|Q00610|CLH1_HUMAN:sp|P16157|ANK1_HUMAN:sp|Q6P2D8|XRRA1_HUMAN:sp|Q6PI77|GASP3_HUMAN:sp|Q8IXK0|PHC2_HUMAN:sp|Q12772|SRBP2_HUMAN:sp|Q96EU7|C1GLC_HUMAN:sp|P98066|TSG6_HUMAN:sp|Q5T8P6|RBM26_HUMAN:sp|Q8TF64|GIPC3_HUMAN:sp|Q9H3S7|PTN23_HUMAN:sp|O14576|DC1I1_HUMAN:sp|Q8IY82|DRC7_HUMAN:sp|Q14152|EIF3A_HUMAN:sp|P58417|NXPH1_HUMAN:sp|Q9BY41|HDAC8_HUMAN:sp|Q93073|SBP2L_HUMAN:sp|O60548|FOXD2_HUMAN:sp|P52333|JAK3_HUMAN:sp|Q8NFH8|REPS2_HUMAN:sp|Q92890|UFD1_HUMAN:sp|Q6ZS17|RIPR1_HUMAN:sp|P78364|PHC1_HUMAN:sp|Q5HYK9|ZN667_HUMAN:sp|Q9H4A3|WNK1_HUMAN:sp|Q53EP0|FND3B_HUMAN:sp|Q76L83|ASXL2_HUMAN:sp|O43147|SGSM2_HUMAN:sp|Q92558|WASF1_HUMAN:sp|Q9P2Q2|FRM4A_HUMAN:sp|Q9HC56|PCDH9_HUMAN:sp|Q9H9K5|MER34_HUMAN:sp|P0C7H9|U17L7_HUMAN:sp|A0A0J9YX94|PMA6F_HUMAN:sp|Q8TD31|CCHCR_HUMAN:sp|Q6ZMZ3|SYNE3_HUMAN:sp|P62910|RL32_HUMAN:sp|Q99661|KIF2C_HUMAN:sp|P35548|MSX2_HUMAN:sp|Q14190|SIM2_HUMAN:sp|Q70EK9|UBP51_HUMAN:sp|Q9Y6R6|Z780B_HUMAN:sp|P0C7P4|UCRIL_HUMAN:sp|O95156|NXPH2_HUMAN:sp|Q76I76|SSH2_HUMAN:sp|Q58WW2|DCAF6_HUMAN:sp|Q8NF50|DOCK8_HUMAN:sp|P47914|RL29_HUMAN:sp|P14735|IDE_HUMAN:sp|Q9NQC3|RTN4_HUMAN:sp|Q14643|ITPR1_HUMAN:sp|O95793|STAU1_HUMAN:sp|Q9BQ61|TRIR_HUMAN:sp|O14686|KMT2D_HUMAN:sp|Q5VYY2|LIPM_HUMAN:sp|Q9H5F2|CFA68_HUMAN:sp|O00391|QSOX1_HUMAN:sp|Q8N3X1|FNBP4_HUMAN:sp|O75592|MYCB2_HUMAN:sp|Q9UKT9|IKZF3_HUMAN:sp|Q16676|FOXD1_HUMAN:sp|P98182|ZN200_HUMAN:sp|Q96M86|DNHD1_HUMAN:sp|P53675|CLH2_HUMAN:sp|Q9UHD8|SEPT9_HUMAN:sp|O60469|DSCAM_HUMAN:sp|Q9HC57|WFDC1_HUMAN:sp|O75366|AVIL_HUMAN:sp|Q86TH1|ATL2_HUMAN:sp|Q86SG2|ANR23_HUMAN:sp|O95602|RPA1_HUMAN:sp|Q9NT22|EMIL3_HUMAN:sp|Q9BX66|SRBS1_HUMAN:sp|Q13422|IKZF1_HUMAN:sp|Q86Y13|DZIP3_HUMAN:sp|Q92540|SMG7_HUMAN:sp|Q9UIG0|BAZ1B_HUMAN:sp|Q92547|TOPB1_HUMAN:sp|Q9UKI8|TLK1_HUMAN:sp|Q92539|LPIN2_HUMAN:sp|Q13439|GOGA4_HUMAN:sp|Q13601|KRR1_HUMAN:sp|Q9Y2L6|FRM4B_HUMAN:sp|Q14330|GPR18_HUMAN:sp|Q9C0G0|ZN407_HUMAN:sp|P47985|UCRI_HUMAN:sp|O75140|DEPD5_HUMAN:sp|O75459|PAGE1_HUMAN:sp|Q8IZH2|XRN1_HUMAN:sp|Q92613|JADE3_HUMAN:sp|O60934|NBN_HUMAN:sp|Q8NDX5|PHC3_HUMAN:sp|Q8N8K9|K1958_HUMAN:sp|Q96MG8|PCMD1_HUMAN:sp|Q03001|DYST_HUMAN:sp|Q5JPI3|CC038_HUMAN,DeepNovo
L(+42.01)ASGAN(+0.98)LTRHKL,61.46,1322.7306,12,58.3,12,3.9,331.69122,4,35.2003,1.8003,0.12,13950,HFX193_IPP292_GEL_CRC_324_Odd.raw,6.38E5,1.75E6,1,1,1,1,"Acetylation (N-term);Deamidation (NQ)",,4 0 0 0 0 1 65 3 2 2 5 5,L(+42.01)ASGAN(+0.98)LTRHKL,sp|Q06730|ZN33A_HUMAN:sp|Q9HCL3|ZFP14_HUMAN:sp|O75373|ZN737_HUMAN:sp|P0CB33|ZN735_HUMAN:sp|Q9Y376|CAB39_HUMAN:sp|A6NDX5|ZN840_HUMAN:sp|A6NFI3|ZN316_HUMAN:sp|P21506|ZNF10_HUMAN:sp|P17027|ZNF23_HUMAN:sp|Q05481|ZNF91_HUMAN:sp|Q9UEG4|ZN629_HUMAN:sp|Q03924|ZN117_HUMAN:sp|Q14566|MCM6_HUMAN:sp|Q2M3W8|ZN181_HUMAN:sp|Q8NA42|ZN383_HUMAN:sp|P28698|MZF1_HUMAN:sp|Q96CX3|ZN501_HUMAN:sp|Q6ZNA1|ZN836_HUMAN:sp|Q6ZN55|ZN574_HUMAN:sp|Q6ZMV8|ZN730_HUMAN:sp|Q8NEM1|ZN680_HUMAN:sp|Q9H9S4|CB39L_HUMAN:sp|Q6ZN08|ZNF66_HUMAN:sp|Q9NRW4|DUS22_HUMAN:sp|Q8N895|ZN366_HUMAN:sp|Q14585|ZN345_HUMAN:sp|Q8NDQ6|ZN540_HUMAN:sp|Q14929|ZN169_HUMAN:sp|Q14592|ZN460_HUMAN:sp|Q8N7M2|ZN283_HUMAN:sp|Q03112|MECOM_HUMAN:sp|Q96JC4|ZN479_HUMAN:sp|A8MXY4|ZNF99_HUMAN:sp|A6NN14|ZN729_HUMAN:sp|Q9NQZ8|ZNF71_HUMAN:sp|Q5CZA5|ZN805_HUMAN:sp|Q5HYK9|ZN667_HUMAN:sp|Q9UN19|DAPP1_HUMAN:sp|Q8NF91|SYNE1_HUMAN:sp|Q6ZR52|ZN493_HUMAN:sp|Q9UII5|ZN107_HUMAN:sp|Q6P1K1|HRG1_HUMAN:sp|Q5SXM1|ZN678_HUMAN:sp|A6NNF4|ZN726_HUMAN:sp|Q8N8E2|ZN513_HUMAN:sp|Q9BSK1|ZN577_HUMAN:sp|Q8N141|ZFP82_HUMAN:sp|Q9UHC6|CNTP2_HUMAN:sp|A0PJY2|FEZF1_HUMAN:sp|Q8NAA4|A16L2_HUMAN:sp|Q969W8|ZN566_HUMAN:sp|O14978|ZN263_HUMAN:sp|Q08ER8|ZN543_HUMAN:sp|P17039|ZNF30_HUMAN:sp|Q8TBJ5|FEZF2_HUMAN:sp|Q9Y6R6|Z780B_HUMAN:sp|B1ANY3|F220P_HUMAN:sp|Q96N38|ZN714_HUMAN:sp|P17019|ZN708_HUMAN:sp|Q86XU0|ZN677_HUMAN:sp|Q14593|ZN273_HUMAN:sp|Q8WTR7|ZN473_HUMAN:sp|Q8TAQ5|ZN420_HUMAN:sp|Q8NE65|ZN738_HUMAN:sp|A6NP11|ZN716_HUMAN:sp|Q8WZ42|TITIN_HUMAN:sp|Q9BVH7|SIA7E_HUMAN:sp|Q3KNS6|ZN829_HUMAN:sp|Q68DX3|FRPD2_HUMAN:sp|Q8TF32|ZN431_HUMAN:sp|Q8N9K5|ZN565_HUMAN:sp|O75437|ZN254_HUMAN:sp|Q8N7Q3|ZN676_HUMAN:sp|Q8TF39|ZN483_HUMAN:sp|Q15940|ZNF67_HUMAN:sp|Q9NX65|ZSC32_HUMAN:sp|Q9Y2G7|ZFP30_HUMAN:sp|Q6P280|ZN529_HUMAN:sp|Q03923|ZNF85_HUMAN:sp|Q9Y2Q1|ZN257_HUMAN:sp|Q6DD87|ZN787_HUMAN:sp|Q6PDB4|ZN880_HUMAN:sp|A8MTY0|ZN724_HUMAN:sp|Q86YE8|ZN573_HUMAN:sp|O43296|ZN264_HUMAN:sp|Q09FC8|ZN415_HUMAN:sp|P52744|ZN138_HUMAN:sp|Q06732|ZN33B_HUMAN:sp|P52738|ZN140_HUMAN:sp|Q9BSG1|ZNF2_HUMAN:sp|Q9NR11|ZN302_HUMAN:sp|O75820|ZN189_HUMAN:sp|Q86SQ0|PHLB2_HUMAN:sp|Q68DY1|ZN626_HUMAN:sp|Q96N22|ZN681_HUMAN:sp|Q8TB69|ZN519_HUMAN:sp|Q3MIS6|ZN528_HUMAN:sp|Q9HAZ2|PRD16_HUMAN:sp|A5PLL1|AN34B_HUMAN:sp|Q6ZN57|ZFP2_HUMAN:sp|A8MQ14|ZN850_HUMAN:sp|P17023|ZNF19_HUMAN:sp|Q6IQ21|ZN770_HUMAN:sp|Q8N720|ZN655_HUMAN:sp|Q9C0G0|ZN407_HUMAN:sp|Q86V71|ZN429_HUMAN:sp|Q96SK3|ZN607_HUMAN:sp|Q6PG37|ZN790_HUMAN:sp|P35789|ZNF93_HUMAN:sp|A0A1W2PQL4|ZN722_HUMAN:sp|O95780|ZN682_HUMAN:sp|Q96BV0|ZN775_HUMAN,DeepNovo
L(+42.01)EGGSYQ(+0.98)SHY,46.35,1182.4829,10,70.0,10,2.4,592.25018,2,33.2820,4.5820,0.07,12649,HFX193_IPP292_GEL_CRC_324_Even.raw,5.59E6,4.03E7,1,1,1,1,"Acetylation (N-term);Deamidation (NQ)",,5 5 0 0 0 10 10 45 21 5,L(+42.01)EGGSYQ(+0.98)SHY,sp|Q96T68|SETB2_HUMAN:sp|Q9BZ95|NSD3_HUMAN:sp|Q8N695|SC5A8_HUMAN:sp|P32019|I5P2_HUMAN:sp|Q96K58|ZN668_HUMAN:sp|P30414|NKTR_HUMAN:sp|Q8NA31|TERB1_HUMAN,DeepNovo
L(+42.01)KHLKSYR,22.16,1085.6345,8,75.0,8,0.7,362.88571,3,37.8258,51.0258,0.09,14524,HFX193_IPP292_GEL_CRC_324_Even.raw,2.34E5,1.84E6,1,1,1,1,"Acetylation (N-term)",,3 0 0 35 14 14 4 4,L(+42.01)KHLKSYR,sp|P50748|KNTC1_HUMAN,DB Search
L(+42.01)KLRTF,31.02,818.5014,6,66.7,6,1.0,410.25839,2,39.6299,-9.8701,0.60,15231,HFX193_IPP292_GEL_CRC_324_Even.raw,4.35E5,3.58E6,1,1,1,1,"Acetylation (N-term)",,2 2 1 1 2 3,L(+42.01)KLRTF,sp|A0A1B0GV85|RELD1_HUMAN:sp|P61088|UBE2N_HUMAN:sp|Q8N8R7|AL14E_HUMAN:sp|P48444|COPD_HUMAN:sp|Q9UL68|MYT1L_HUMAN:sp|Q5VTQ0|TT39B_HUMAN:sp|A6PVS8|LRIQ3_HUMAN:sp|P62753|RS6_HUMAN:sp|Q86XK2|FBX11_HUMAN:sp|P21359|NF1_HUMAN:sp|Q8ND23|CARL3_HUMAN:sp|O60494|CUBN_HUMAN:sp|O94813|SLIT2_HUMAN:sp|Q8WXH0|SYNE2_HUMAN:sp|Q8NGC3|O10G2_HUMAN:sp|Q92817|EVPL_HUMAN:sp|Q8NF91|SYNE1_HUMAN:sp|Q15561|TEAD4_HUMAN:sp|Q9ULK6|RN150_HUMAN:sp|Q9H8G1|ZN430_HUMAN:sp|Q8ND07|BBOF1_HUMAN:sp|Q15019|SEPT2_HUMAN:sp|Q9Y5G0|PCDGH_HUMAN:sp|Q8TEB7|RN128_HUMAN:sp|Q96KD3|GAR1B_HUMAN:sp|Q9NSE4|SYIM_HUMAN:sp|Q9GZZ9|UBA5_HUMAN:sp|Q7L1W4|LRC8D_HUMAN:sp|Q99594|TEAD3_HUMAN:sp|Q13402|MYO7A_HUMAN:sp|O75093|SLIT1_HUMAN:sp|Q9Y5F8|PCDGJ_HUMAN:sp|P78527|PRKDC_HUMAN:sp|P18206|VINC_HUMAN:sp|Q15562|TEAD2_HUMAN:sp|Q5K4E3|POLS2_HUMAN:sp|Q15751|HERC1_HUMAN:sp|Q5JXB2|UE2NL_HUMAN:sp|Q66K79|CBPZ_HUMAN:sp|Q08828|ADCY1_HUMAN:sp|Q3ZLR7|SP201_HUMAN:sp|Q9H6S1|AZI2_HUMAN:sp|P32942|ICAM3_HUMAN:sp|P41218|MNDA_HUMAN:sp|P28347|TEAD1_HUMAN:sp|Q8TD46|MO2R1_HUMAN:sp|Q8IWX7|UN45B_HUMAN,DeepNovo
L(+42.01)KSHLLKV,18.57,978.6226,8,62.5,8,0.3,327.21490,3,42.6332,5.8332,0.32,16414,HFX193_IPP292_GEL_CRC_324_Even.raw,1.44E5,7.63E5,1,1,1,1,"Acetylation (N-term)",,0 0 0 5 3 3 14 5,L(+42.01)KSHLLKV,sp|O15431|COPT1_HUMAN:sp|Q9NRP7|STK36_HUMAN:sp|P42858|HD_HUMAN:sp|Q6ZTZ1|MSD1_HUMAN:sp|O95427|PIGN_HUMAN:sp|Q15063|POSTN_HUMAN:sp|P13232|IL7_HUMAN:sp|C9JLR9|ZFTA_HUMAN:sp|Q6ZMW2|ZN782_HUMAN:sp|P12757|SKIL_HUMAN:sp|Q9H251|CAD23_HUMAN:sp|Q149N8|SHPRH_HUMAN:sp|O94991|SLIK5_HUMAN:sp|Q8TBF2|PXL2B_HUMAN:sp|Q9H347|UBQL3_HUMAN:sp|Q13618|CUL3_HUMAN:sp|Q8IY82|DRC7_HUMAN:sp|Q8IY67|RAVR1_HUMAN:sp|Q5T1V6|DDX59_HUMAN:sp|O60346|PHLP1_HUMAN:sp|Q6NXP2|GAR1A_HUMAN:sp|Q8N7X1|RMXL3_HUMAN:sp|O95163|ELP1_HUMAN:sp|Q7L576|CYFP1_HUMAN:sp|Q8TEM1|PO210_HUMAN:sp|P54803|GALC_HUMAN:sp|Q86VD1|MORC1_HUMAN:sp|A6NE52|WDR97_HUMAN:sp|Q9C0E4|GRIP2_HUMAN:sp|Q63HN8|RN213_HUMAN:sp|Q9H205|O2AG1_HUMAN:sp|Q9H4M9|EHD1_HUMAN:sp|Q9NZN3|EHD3_HUMAN:sp|Q8WVZ7|RN133_HUMAN:sp|O15205|UBD_HUMAN:sp|Q13608|PEX6_HUMAN:sp|O43741|AAKB2_HUMAN:sp|O14638|ENPP3_HUMAN:sp|Q9BRR8|GPTC1_HUMAN:sp|Q96F07|CYFP2_HUMAN:sp|Q0VF49|K2012_HUMAN:sp|Q9Y6D9|MD1L1_HUMAN:sp|Q9H3U1|UN45A_HUMAN:sp|Q9BQ51|PD1L2_HUMAN:sp|Q9Y478|AAKB1_HUMAN:sp|Q16206|ENOX2_HUMAN:sp|Q9NXP7|GIN1_HUMAN:sp|A6NI73|LIRA5_HUMAN,DeepNovo
L(+42.01)KSLLRIL,16.52,996.6696,8,75.0,8,0.1,499.34207,2,72.2626,-41.9374,0.60,28235,HFX193_IPP292_GEL_CRC_324_Even.raw,4.68E5,2.39E6,1,1,1,1,"Acetylation (N-term)",,0 0 13 13 11 7 6 5,L(+42.01)KSLLRIL,sp|Q6ZS81|WDFY4_HUMAN,DB Search
L(+42.01)KSVTHLL,28.55,951.5753,8,50.0,8,-0.6,476.79465,2,65.1864,-5.6136,0.56,25450,HFX193_IPP292_GEL_CRC_324_Even.raw,1.58E5,1.32E6,1,1,1,1,"Acetylation (N-term)",,0 0 6 0 0 2 2 3,L(+42.01)KSVTHLL,,DeepNovo
L(+42.01)LLRKEAPAPPKAEAKAKALKAKK,115.10,2611.6265,24,37.5,24,2.0,653.91516,4,25.1154,7.0154,0.28,9344,HFX193_IPP292_GEL_CRC_324_Even.raw,4.15E6,2.01E7,2,2,2,2,"Acetylation (N-term)",,0 0 0 0 2 4 5 2 2 2 0 0 0 0 2 2 1 1 0 0 1 0 0 5,L(+42.01)LLRKEAPAPPKAEAKAKALKAKK,sp|Q9Y6D5|BIG2_HUMAN:sp|Q6UVJ0|SAS6_HUMAN:sp|Q0P6D6|CCD15_HUMAN:sp|P45974|UBP5_HUMAN:sp|Q8TDV0|GP151_HUMAN:sp|Q6ZRS2|SRCAP_HUMAN:sp|Q06323|PSME1_HUMAN:sp|P20929|NEBU_HUMAN:sp|Q6ZW31|SYDE1_HUMAN:DDX27_DEL_A-p.K660Rfs*4_::chr20:49241467-49242467_frame=2:sp|Q10586|DBP_HUMAN:sp|P51959|CCNG1_HUMAN:sp|Q9UKZ4|TEN1_HUMAN:sp|Q13428|TCOF_HUMAN:sp|P46013|KI67_HUMAN:sp|Q9H254|SPTN4_HUMAN:sp|Q8N441|FGRL1_HUMAN:sp|P59665|DEF1_HUMAN:sp|Q6N043|Z280D_HUMAN:sp|Q9BWX5|GATA5_HUMAN:sp|Q9UNA1|RHG26_HUMAN:sp|Q5SQI0|ATAT_HUMAN:sp|Q6ZNB6|NFXL1_HUMAN:sp|Q9NRL2|BAZ1A_HUMAN:sp|Q9H4I2|ZHX3_HUMAN:sp|Q5SQ80|A20A2_HUMAN:sp|O14965|AURKA_HUMAN:sp|Q92935|EXTL1_HUMAN:MARCKS_DEL_A-p.K155Rfs*12_::chr6:113859534-113860534_frame=2:sp|Q16570|ACKR1_HUMAN:sp|Q5TZA2|CROCC_HUMAN:sp|Q68CK6|ACS2B_HUMAN:sp|Q9ULI4|KI26A_HUMAN:sp|Q9NRK6|ABCBA_HUMAN:sp|O00299|CLIC1_HUMAN:sp|P52961|NAR1_HUMAN:sp|Q8TCG1|CIP2A_HUMAN:sp|Q9H7Z3|NRDE2_HUMAN:sp|Q9NZ20|PA2G3_HUMAN:sp|P0DJJ0|SRG2C_HUMAN:sp|Q9P2C4|TM181_HUMAN:sp|Q9NY61|AATF_HUMAN:sp|O00743|PPP6_HUMAN:sp|P51692|STA5B_HUMAN:sp|Q15651|HMGN3_HUMAN:sp|Q8WVC0|LEO1_HUMAN:sp|A6NMB9|FIGL2_HUMAN:sp|O75165|DJC13_HUMAN:sp|Q9H8X9|ZDH11_HUMAN:sp|A7E2V4|ZSWM8_HUMAN:sp|Q8IYE0|CC146_HUMAN:sp|Q14690|RRP5_HUMAN:sp|Q8N7F7|UBL4B_HUMAN:sp|Q7L5Y1|ENOF1_HUMAN:sp|Q8N5Q1|GAR5B_HUMAN:sp|Q9HA47|UCK1_HUMAN:sp|P50570|DYN2_HUMAN:sp|P0DKV0|S31C1_HUMAN:sp|O15054|KDM6B_HUMAN:sp|P51693|APLP1_HUMAN:sp|P61011|SRP54_HUMAN:sp|Q6ZN28|MACC1_HUMAN:sp|Q86XA9|HTR5A_HUMAN:sp|P78559|MAP1A_HUMAN:sp|Q9BQQ3|GORS1_HUMAN:sp|Q9Y4A8|NF2L3_HUMAN:sp|Q8WUP2|FBLI1_HUMAN:sp|Q9BR39|JPH2_HUMAN:sp|O14525|ASTN1_HUMAN:sp|Q8NDY6|BHE23_HUMAN:sp|Q5VU43|MYOME_HUMAN:sp|Q13443|ADAM9_HUMAN:sp|Q8N9H8|MUT7_HUMAN:sp|Q0D2H9|GOG8D_HUMAN:sp|Q0VF96|CGNL1_HUMAN:sp|P02549|SPTA1_HUMAN:sp|Q9UPR6|ZFR2_HUMAN:sp|Q9NRC6|SPTN5_HUMAN:sp|Q9NUS5|AP5S1_HUMAN:sp|P30876|RPB2_HUMAN:sp|Q13200|PSMD2_HUMAN:sp|Q5T4D3|TMTC4_HUMAN:sp|Q8IZA3|H18_HUMAN:sp|Q3KQU3|MA7D1_HUMAN:sp|P25092|GUC2C_HUMAN:sp|Q8IY63|AMOL1_HUMAN:sp|Q15075|EEA1_HUMAN:ADD3_INS_--A_p.E702Gfs*4::chr10:110133091-110134092_frame=3:sp|Q14872|MTF1_HUMAN:sp|O43670|ZN207_HUMAN:sp|Q6A162|K1C40_HUMAN:PHF2_DEL_A-p.K492Rfs*6_::chr9:93659830-93660830_frame=3:sp|Q6NW34|NEPRO_HUMAN:sp|Q9NZV5|SELN_HUMAN:sp|P52907|CAZA1_HUMAN:sp|P49450|CENPA_HUMAN:sp|Q8IY33|MILK2_HUMAN:sp|O95466|FMNL1_HUMAN:sp|Q9NRC1|ST7_HUMAN:sp|Q5BJE1|CC178_HUMAN:sp|Q6ZUS5|CC121_HUMAN:sp|O75364|PITX3_HUMAN:sp|Q9UIG0|BAZ1B_HUMAN:sp|Q92692|NECT2_HUMAN:WDR55_DEL_A-p.K341Rfs*8_::chr5:140669017-140670017_frame=-2:sp|Q9Y623|MYH4_HUMAN:sp|Q5VTJ3|KLD7A_HUMAN:sp|Q8WXT5|FX4L4_HUMAN:sp|A6NJ08|MB3L5_HUMAN:sp|Q9NQH7|XPP3_HUMAN:sp|P31277|HXD11_HUMAN:sp|Q9NQ69|LHX9_HUMAN:sp|Q99962|SH3G2_HUMAN:sp|Q9Y6R1|S4A4_HUMAN:sp|Q9NR48|ASH1L_HUMAN:sp|C9JE40|PATL2_HUMAN:sp|O15117|FYB1_HUMAN:sp|Q9H0E3|SP130_HUMAN:sp|P05121|PAI1_HUMAN:sp|P13611|CSPG2_HUMAN,DeepNovo
L(+42.01)PHVVGLGRK,45.51,1116.6768,10,50.0,10,0.7,373.23312,3,44.4467,0.0467,0.19,17121,HFX193_IPP292_GEL_CRC_324_Even.raw,9.98E6,4.85E7,1,1,1,1,"Acetylation (N-term)",,2 2 0 0 0 9 43 1 1 2,L(+42.01)PHVVGLGRK,sp|O43897|TLL1_HUMAN:sp|P0C7U0|ELFN1_HUMAN:sp|P98175|RBM10_HUMAN:sp|Q9Y3D5|RT18C_HUMAN:sp|O95163|ELP1_HUMAN:sp|Q5T3I0|GPTC4_HUMAN:sp|Q86Z20|CC125_HUMAN:sp|Q8NBX0|SCPDL_HUMAN:sp|Q2M2I8|AAK1_HUMAN:sp|Q9UDY8|MALT1_HUMAN:sp|Q7Z5P4|DHB13_HUMAN:sp|P59536|T2R41_HUMAN:sp|P00439|PH4H_HUMAN:sp|Q96I76|GPTC3_HUMAN:sp|Q8WZ42|TITIN_HUMAN:sp|P41743|KPCI_HUMAN:sp|Q8IUS5|EPHX4_HUMAN:sp|Q5VZQ5|TEX36_HUMAN:sp|Q9BRP0|OVOL2_HUMAN:sp|O95696|BRD1_HUMAN:NDUFC2_DEL_AA-p.F69Cfs*9_::chr11:78072601-78073602_frame=2:sp|Q92764|KRT35_HUMAN:sp|Q12802|AKP13_HUMAN:sp|Q86SM5|MRGRG_HUMAN:sp|A8MPX8|PP2D1_HUMAN:sp|Q99439|CNN2_HUMAN:sp|Q9UHV5|RPGFL_HUMAN:sp|Q15417|CNN3_HUMAN:sp|Q9P203|BTBD7_HUMAN:sp|Q15904|VAS1_HUMAN:sp|Q8WUM0|NU133_HUMAN:sp|Q2LD37|BLTP1_HUMAN:sp|P08217|CEL2A_HUMAN:sp|P12111|CO6A3_HUMAN:sp|Q9UHF7|TRPS1_HUMAN:sp|P52756|RBM5_HUMAN:sp|Q86Y79|PTH_HUMAN:sp|O75038|PLCH2_HUMAN:sp|O94788|AL1A2_HUMAN:sp|Q6DT37|MRCKG_HUMAN:sp|O00512|BCL9_HUMAN:sp|O75911|DHRS3_HUMAN:sp|Q9UGK3|STAP2_HUMAN:sp|Q9UM47|NOTC3_HUMAN,DeepNovo
L(+42.01)Q(+0.98)GN(+0.98)TM(+15.99)LLRVL,17.72,1316.7009,11,45.5,11,0.7,439.90793,3,41.5935,-65.8065,0.81,16022,HFX193_IPP292_GEL_CRC_324_Even.raw,4.36E4,5.75E5,1,1,1,1,"Acetylation (N-term);Deamidation (NQ);Deamidation (NQ);Oxidation (M)",,0 0 0 0 0 0 77 25 3 3 5,L(+42.01)Q(+0.98)GN(+0.98)TM(+15.99)LLRVL,sp|Q14D04|MELT_HUMAN,DB Search
L(+42.01)SAGVKGKLLAGRRLK,75.18,1708.0835,16,37.5,16,1.2,570.36914,3,30.7151,10.7151,0.04,11636,HFX193_IPP292_GEL_CRC_324_Odd.raw,1.96E6,1.31E7,2,2,2,2,"Acetylation (N-term)",,0 0 0 0 21 11 1 1 16 25 11 0 0 0 1 3,L(+42.01)SAGVKGKLLAGRRLK,sp|Q16822|PCKGM_HUMAN:sp|Q9P275|UBP36_HUMAN:sp|Q7L2E3|DHX30_HUMAN:sp|P11498|PYC_HUMAN:sp|Q6PIF6|MYO7B_HUMAN:sp|P17027|ZNF23_HUMAN:sp|Q75QN2|INT8_HUMAN:sp|Q9UHX3|AGRE2_HUMAN:sp|Q7RTT9|S29A4_HUMAN:sp|P11055|MYH3_HUMAN:sp|Q96RQ9|OXLA_HUMAN:sp|Q6N043|Z280D_HUMAN:sp|Q8NAN2|MIGA1_HUMAN:sp|A6NJB7|PRR19_HUMAN:sp|Q6ZNB6|NFXL1_HUMAN:sp|Q96G61|NUD11_HUMAN:sp|Q5TZA2|CROCC_HUMAN:sp|Q8WWQ8|STAB2_HUMAN:sp|Q8NFP7|NUD10_HUMAN:sp|O95502|NPTXR_HUMAN:sp|Q14126|DSG2_HUMAN:sp|Q9NYQ3|HAOX2_HUMAN:sp|Q8TC71|MIEAP_HUMAN:sp|Q8WUY3|PRUN2_HUMAN:sp|Q38SD2|LRRK1_HUMAN:sp|Q9Y561|LRP12_HUMAN:sp|Q16864|VATF_HUMAN:sp|O95834|EMAL2_HUMAN:sp|Q9NY15|STAB1_HUMAN:sp|Q8NDH2|CC168_HUMAN:sp|Q7Z4F1|LRP10_HUMAN:sp|P13569|CFTR_HUMAN:sp|Q5VZ72|IZUM3_HUMAN:sp|P15924|DESP_HUMAN:sp|P0CF97|F200B_HUMAN:sp|O00267|SPT5H_HUMAN:sp|Q4G0J3|LARP7_HUMAN:sp|Q9UK61|TASOR_HUMAN:sp|Q719I0|AHSA2_HUMAN:sp|P04629|NTRK1_HUMAN:sp|O95302|FKBP9_HUMAN:sp|Q9UBS9|SUCO_HUMAN:sp|Q9BSJ8|ESYT1_HUMAN:sp|Q5T749|KPRP_HUMAN:sp|P21695|GPDA_HUMAN:sp|Q969T7|5NT3B_HUMAN:sp|Q8N3H0|TAFA2_HUMAN:sp|Q8NEV4|MYO3A_HUMAN:sp|Q8NEE8|TTC16_HUMAN:sp|Q9BSW2|EFC4B_HUMAN:sp|Q66K14|TBC9B_HUMAN:sp|P32942|ICAM3_HUMAN:sp|P08218|CEL2B_HUMAN:sp|Q9NTJ3|SMC4_HUMAN:sp|Q86U86|PB1_HUMAN:sp|Q8N323|NXPE1_HUMAN:sp|P62910|RL32_HUMAN:sp|Q86XA9|HTR5A_HUMAN:sp|Q9NZM3|ITSN2_HUMAN:sp|Q15291|RBBP5_HUMAN:sp|O95433|AHSA1_HUMAN:sp|P31415|CASQ1_HUMAN:sp|P0CG21|NHLC4_HUMAN:sp|O95248|MTMR5_HUMAN:sp|O94856|NFASC_HUMAN:sp|Q9Y4E6|WDR7_HUMAN:sp|Q9NYP7|ELOV5_HUMAN:sp|Q7Z333|SETX_HUMAN:sp|P06756|ITAV_HUMAN:sp|Q13163|MP2K5_HUMAN:sp|Q86SQ6|AGRA1_HUMAN:sp|O95260|ATE1_HUMAN:sp|Q8N5G2|MACOI_HUMAN:sp|Q8WZ42|TITIN_HUMAN:sp|Q8N8U9|BMPER_HUMAN:sp|A6NDP7|MADL2_HUMAN:sp|Q13952|NFYC_HUMAN:sp|Q9H1K0|RBNS5_HUMAN:sp|Q5K4L6|S27A3_HUMAN:sp|Q9HD20|AT131_HUMAN:sp|P01031|CO5_HUMAN:sp|Q7L4S7|ARMX6_HUMAN:sp|Q99633|PRP18_HUMAN:sp|Q8IWI9|MGAP_HUMAN:sp|Q86VQ6|TRXR3_HUMAN:BAX_DEL_G-p.E41Rfs*19_::chr19:48955214-48956214_frame=-3:sp|O95229|ZWINT_HUMAN:sp|Q9C0C7|AMRA1_HUMAN:sp|P07311|ACYP1_HUMAN:sp|Q9Y3P9|RBGP1_HUMAN:sp|Q6ZQQ2|S31D1_HUMAN:sp|O75962|TRIO_HUMAN:sp|Q9NYQ8|FAT2_HUMAN:sp|Q9H6R7|WDCP_HUMAN:sp|O95436|NPT2B_HUMAN:sp|Q9NYR8|RDH8_HUMAN:sp|Q9NVR0|KLH11_HUMAN:sp|Q12899|TRI26_HUMAN:sp|Q9NZU5|LMCD1_HUMAN:sp|Q9UQ16|DYN3_HUMAN:sp|Q8IYT3|CC170_HUMAN:sp|P46060|RAGP1_HUMAN:sp|P78424|PO6F2_HUMAN:sp|P02458|CO2A1_HUMAN:sp|P46531|NOTC1_HUMAN:sp|P07814|SYEP_HUMAN:sp|Q9NZJ4|SACS_HUMAN:sp|P35711|SOX5_HUMAN:sp|Q05048|CSTF1_HUMAN:sp|Q9Y238|DLEC1_HUMAN:sp|P08648|ITA5_HUMAN:sp|P06396|GELS_HUMAN:sp|Q9H161|ALX4_HUMAN:sp|Q96PC5|MIA2_HUMAN:sp|O14757|CHK1_HUMAN:sp|O15117|FYB1_HUMAN:sp|Q8TDW7|FAT3_HUMAN:sp|Q9UPR0|PLCL2_HUMAN:sp|Q8NCM8|DYHC2_HUMAN:sp|Q8TE60|ATS18_HUMAN,DeepNovo
L(+42.01)SDGGLL,17.58,715.3752,7,42.9,7,1.0,716.38318,1,73.9067,-25.2933,0.88,28947,HFX193_IPP292_GEL_CRC_324_Even.raw,1.22E6,4.75E6,1,1,1,1,"Acetylation (N-term)",,0 0 27 1 1 80 5,L(+42.01)SDGGLL,sp|Q13085|ACACA_HUMAN,DB Search
L(+42.01)SDLGAI,23.51,729.3909,7,42.9,7,-0.7,730.39764,1,69.9240,-35.1760,0.69,27313,HFX193_IPP292_GEL_CRC_324_Even.raw,9.5E5,4.45E6,1,1,1,1,"Acetylation (N-term)",,0 0 46 27 0 0 5,L(+42.01)SDLGAI,sp|Q96JG6|VPS50_HUMAN,DB Search
L(+42.01)SEGAKLVVK,47.09,1084.6492,10,60.0,10,1.4,543.33264,2,33.7561,-9.4439,0.53,12857,HFX193_IPP292_GEL_CRC_324_Even.raw,4.48E6,2.56E7,2,2,2,2,"Acetylation (N-term)",,0 0 14 0 0 10 10 11 19 5,L(+42.01)SEGAKLVVK,sp|Q8NB46|ANR52_HUMAN:sp|Q14683|SMC1A_HUMAN:DYNC1I2_INS_--A_p.R57Kfs*5::chr2:171692328-171693329_frame=-1:sp|P47989|XDH_HUMAN:sp|Q5T5D7|ZN684_HUMAN:sp|P49207|RL34_HUMAN:sp|Q86WK6|AMGO1_HUMAN:sp|Q92520|FAM3C_HUMAN:sp|Q9ULG1|INO80_HUMAN:sp|O60884|DNJA2_HUMAN:sp|O00330|ODPX_HUMAN:sp|P35268|RL22_HUMAN:sp|P00352|AL1A1_HUMAN:sp|Q8WVR3|TPC14_HUMAN:sp|Q8WVX9|FACR1_HUMAN:sp|Q8NAT1|PMGT2_HUMAN:sp|O43272|PROD_HUMAN:sp|Q92750|TAF4B_HUMAN:sp|O94916|NFAT5_HUMAN:sp|P62424|RL7A_HUMAN:sp|Q7Z2Y8|GVIN1_HUMAN:sp|Q9HCE7|SMUF1_HUMAN:sp|P0DTU3|TRAR2_HUMAN:sp|Q8N584|TT39C_HUMAN:sp|Q6V0I7|FAT4_HUMAN:sp|Q7Z5R6|AB1IP_HUMAN:sp|Q9H9H4|VP37B_HUMAN:sp|P31321|KAP1_HUMAN:sp|Q9Y3A0|COQ4_HUMAN:sp|O75164|KDM4A_HUMAN:sp|Q8NDA2|HMCN2_HUMAN:sp|P23471|PTPRZ_HUMAN:sp|Q9UBX0|HESX1_HUMAN:sp|O00329|PK3CD_HUMAN:sp|P52306|GDS1_HUMAN:sp|Q96QZ7|MAGI1_HUMAN:sp|O60303|KATIP_HUMAN:sp|Q9BVG3|TRI62_HUMAN:sp|P00558|PGK1_HUMAN:sp|P16989|YBOX3_HUMAN:sp|A8MPP1|D11L8_HUMAN:sp|Q05BV3|EMAL5_HUMAN:sp|Q92560|BAP1_HUMAN:sp|P08962|CD63_HUMAN:sp|P60608|EFC2_HUMAN:sp|O43865|SAHH2_HUMAN:sp|A0A075B700|TJA31_HUMAN:sp|Q8IUA7|ABCA9_HUMAN:sp|P49842|STK19_HUMAN:sp|Q9Y6C5|PTC2_HUMAN:sp|Q92771|DDX12_HUMAN:sp|P10809|CH60_HUMAN:sp|O14522|PTPRT_HUMAN:sp|P05091|ALDH2_HUMAN:sp|Q4FZB7|KMT5B_HUMAN:sp|Q9BPX3|CND3_HUMAN:sp|P10644|KAP0_HUMAN:sp|Q8N6L0|KASH5_HUMAN:sp|Q9NX02|NALP2_HUMAN:sp|Q8TDJ6|DMXL2_HUMAN:sp|Q14103|HNRPD_HUMAN:sp|Q6ZVD7|STOX1_HUMAN:sp|O15050|TRNK1_HUMAN:sp|Q6IAN0|DRS7B_HUMAN:sp|P18577|RHCE_HUMAN:sp|Q99698|LYST_HUMAN:sp|O00401|WASL_HUMAN:sp|Q7Z3J2|VP35L_HUMAN:sp|P20936|RASA1_HUMAN:sp|Q9NQR4|NIT2_HUMAN:sp|Q86VN1|VPS36_HUMAN:sp|Q8WZ42|TITIN_HUMAN:sp|Q13402|MYO7A_HUMAN:sp|Q09428|ABCC8_HUMAN:sp|Q4U2R8|S22A6_HUMAN:sp|P02549|SPTA1_HUMAN:sp|Q9Y5J1|UTP18_HUMAN:sp|O95714|HERC2_HUMAN:sp|P10074|TZAP_HUMAN:sp|P00488|F13A_HUMAN:sp|Q8WVM7|STAG1_HUMAN:sp|Q5T4D3|TMTC4_HUMAN:sp|Q9BYM8|HOIL1_HUMAN:sp|P51991|ROA3_HUMAN:sp|Q96FC9|DDX11_HUMAN:sp|P30837|AL1B1_HUMAN:sp|Q13127|REST_HUMAN:sp|Q96MF2|STAC3_HUMAN:sp|O94788|AL1A2_HUMAN:sp|Q96DN2|VWCE_HUMAN:sp|O60287|NPA1P_HUMAN:sp|P98160|PGBM_HUMAN:sp|Q6P1L6|ZN343_HUMAN:sp|O00444|PLK4_HUMAN:sp|P82279|CRUM1_HUMAN:sp|Q6ZNJ1|NBEL2_HUMAN:sp|Q9H6X2|ANTR1_HUMAN:sp|Q13724|MOGS_HUMAN:sp|Q14204|DYHC1_HUMAN:sp|P46060|RAGP1_HUMAN:sp|Q9Y4R7|TTLL3_HUMAN:sp|Q9HCU4|CELR2_HUMAN:sp|Q86VX2|COMD7_HUMAN:sp|Q02161|RHD_HUMAN:sp|Q53GL7|PAR10_HUMAN:sp|P0DP72|VSXL2_HUMAN:sp|Q8WXG9|AGRV1_HUMAN:sp|P16284|PECA1_HUMAN:sp|Q8N0W3|FCSK_HUMAN:sp|P07205|PGK2_HUMAN:sp|Q13635|PTC1_HUMAN:sp|P17980|PRS6A_HUMAN:RPL22_DEL_T-p.K15Rfs*5_::chr1:6197225-6198225_frame=-2:sp|Q9C0G0|ZN407_HUMAN:sp|P82251|BAT1_HUMAN:sp|Q5CZC0|FSIP2_HUMAN:sp|Q9UM54|MYO6_HUMAN:sp|Q9C0I9|LRC27_HUMAN:sp|Q96HN2|SAHH3_HUMAN:sp|Q9UJQ7|SCP2D_HUMAN,DeepNovo
L(+42.01)SLGGF,19.53,634.3326,6,33.3,6,-2.9,635.33801,1,69.1808,-53.7192,0.62,27085,HFX193_IPP292_GEL_CRC_324_Even.raw,1.51E5,1.51E6,1,1,1,1,"Acetylation (N-term)",,0 0 34 0 0 5,L(+42.01)SLGGF,sp|Q9NR48|ASH1L_HUMAN:sp|Q86X76|NIT1_HUMAN:sp|O60512|B4GT3_HUMAN,DB Search
L(+42.01)SLHGGTAKY,36.77,1087.5662,10,10.0,10,0.9,544.79083,2,35.1407,3.2407,0.27,13431,HFX193_IPP292_GEL_CRC_324_Even.raw,1.07E6,9.66E6,3,3,3,3,"Acetylation (N-term)",,0 0 2 0 0 0 0 0 1 1,L(+42.01)SLHGGTAKY,,DeepNovo
L(+42.01)SLKKVEKV,28.49,1084.6855,9,77.8,9,2.2,543.35126,2,29.1610,9.4610,0.28,10994,HFX193_IPP292_GEL_CRC_324_Even.raw,2.39E6,2.01E7,2,2,2,2,"Acetylation (N-term)",,0 0 2 7 2 2 4 10 5,L(+42.01)SLKKVEKV,sp|P0CB33|ZN735_HUMAN:sp|P43307|SSRA_HUMAN:sp|P98194|AT2C1_HUMAN:sp|Q5VT06|CE350_HUMAN:sp|Q13496|MTM1_HUMAN:sp|Q9Y5Y6|ST14_HUMAN:sp|P50461|CSRP3_HUMAN:sp|Q58FF7|H90B3_HUMAN:sp|O94993|SOX30_HUMAN:RNF43_DEL_C-p.G659Vfs*41_::chr17:58357300-58358300_frame=1:sp|Q6ZRG5|YQ015_HUMAN:sp|Q8IWZ3|ANKH1_HUMAN:sp|Q56NI9|ESCO2_HUMAN:sp|O94804|STK10_HUMAN:sp|Q4VCS5|AMOT_HUMAN:sp|Q96MC6|MF14A_HUMAN:sp|O95696|BRD1_HUMAN:sp|P38398|BRCA1_HUMAN:sp|Q96ST8|CEP89_HUMAN:sp|P05814|CASB_HUMAN:sp|Q5T5X7|BEND3_HUMAN:sp|Q9C0G6|DYH6_HUMAN:sp|Q96L91|EP400_HUMAN:sp|Q9NYC9|DYH9_HUMAN:sp|Q8TAK5|GABP2_HUMAN:sp|Q9UPA5|BSN_HUMAN:sp|O95292|VAPB_HUMAN:sp|Q8IZL8|PELP1_HUMAN:sp|Q96QA5|GSDMA_HUMAN:sp|Q99697|PITX2_HUMAN:sp|Q15025|TNIP1_HUMAN:sp|Q96C86|DCPS_HUMAN:sp|O75146|HIP1R_HUMAN:sp|Q9HC77|CENPJ_HUMAN:sp|Q02446|SP4_HUMAN:sp|Q8TDW5|SYTL5_HUMAN:sp|Q9NZN5|ARHGC_HUMAN:sp|Q8NDH2|CC168_HUMAN:sp|O14682|ENC1_HUMAN:sp|Q9UMS5|PHTF1_HUMAN:sp|Q9NYA3|GOG6A_HUMAN:sp|Q719I0|AHSA2_HUMAN:sp|P46020|KPB1_HUMAN:sp|Q86UD5|SL9B2_HUMAN:sp|P11473|VDR_HUMAN:sp|Q14674|ESPL1_HUMAN:sp|Q9UKU9|ANGL2_HUMAN:sp|O14792|HS3S1_HUMAN:sp|Q9Y228|T3JAM_HUMAN:sp|P26572|MGAT1_HUMAN:sp|Q96RT7|GCP6_HUMAN:sp|Q86V48|LUZP1_HUMAN:sp|Q8IYE0|CC146_HUMAN:sp|Q9GZS0|DNAI2_HUMAN:sp|P54253|ATX1_HUMAN:sp|Q9NQW6|ANLN_HUMAN:sp|Q9BQ51|PD1L2_HUMAN:sp|O15393|TMPS2_HUMAN:sp|Q641Q3|METRL_HUMAN:sp|Q8N9B5|JMY_HUMAN:sp|P17676|CEBPB_HUMAN:sp|Q14008|CKAP5_HUMAN:sp|Q75V66|ANO5_HUMAN:sp|O60216|RAD21_HUMAN:sp|Q86UQ4|ABCAD_HUMAN:sp|Q00975|CAC1B_HUMAN:sp|Q9H816|DCR1B_HUMAN:sp|Q8IYX0|ZN679_HUMAN:sp|Q9H799|CPLN1_HUMAN:sp|Q9H8W3|F204A_HUMAN:sp|O00401|WASL_HUMAN:sp|Q9P2E3|ZNFX1_HUMAN:sp|Q03167|TGBR3_HUMAN:sp|Q9NQC3|RTN4_HUMAN:sp|P49336|CDK8_HUMAN:sp|Q96JM4|LRIQ1_HUMAN:sp|Q9HCE1|MOV10_HUMAN:sp|Q15555|MARE2_HUMAN:sp|Q9BY66|KDM5D_HUMAN:sp|Q9NRJ5|PAPOB_HUMAN:sp|Q8NE28|STKL1_HUMAN:sp|Q674X7|KAZRN_HUMAN:sp|Q8IYM0|F186B_HUMAN:sp|Q9H4B8|DPEP3_HUMAN:sp|P23945|FSHR_HUMAN:sp|Q6P996|PDXD1_HUMAN:sp|A8MWX3|WASH4_HUMAN:sp|Q8IXJ9|ASXL1_HUMAN:sp|Q9BRX2|PELO_HUMAN:sp|Q2UY09|COSA1_HUMAN:sp|Q14872|MTF1_HUMAN:sp|Q9ULK0|GRID1_HUMAN:sp|P20908|CO5A1_HUMAN:sp|Q9BPX7|CG025_HUMAN:sp|Q6NW34|NEPRO_HUMAN:sp|Q9BY42|RTF2_HUMAN:sp|P14625|ENPL_HUMAN:sp|P51805|PLXA3_HUMAN:sp|Q9UBZ9|REV1_HUMAN:sp|P09327|VILI_HUMAN:sp|O75940|SPF30_HUMAN:sp|O43314|VIP2_HUMAN:sp|O15078|CE290_HUMAN:sp|Q9NVP1|DDX18_HUMAN:sp|Q92540|SMG7_HUMAN:sp|P35998|PRS7_HUMAN:sp|P08908|5HT1A_HUMAN:sp|O75475|PSIP1_HUMAN:sp|Q05D60|DEUP1_HUMAN:sp|Q9ULD2|MTUS1_HUMAN:sp|Q6ZN79|Z705A_HUMAN:sp|O15169|AXIN1_HUMAN:sp|Q9ULV0|MYO5B_HUMAN:sp|Q5SR56|MF14B_HUMAN:sp|Q14676|MDC1_HUMAN:sp|P26374|RAE2_HUMAN:sp|A8MV24|CQ098_HUMAN:sp|Q03164|KMT2A_HUMAN:sp|Q01780|EXOSX_HUMAN:sp|A0A1W2PQL4|ZN722_HUMAN,DeepNovo
L(+42.01)SRLGLRR,22.68,1011.6301,8,25.0,8,0.0,338.21732,3,31.1641,14.3641,0.61,11796,HFX193_IPP292_GEL_CRC_324_Even.raw,5.04E6,3.58E7,3,3,3,3,"Acetylation (N-term)",,0 0 2 1 0 0 0 5,L(+42.01)SRLGLRR,sp|A1A519|F170A_HUMAN:sp|Q16822|PCKGM_HUMAN:sp|P98194|AT2C1_HUMAN:sp|Q15035|TRAM2_HUMAN:sp|Q9NRF8|PYRG2_HUMAN:sp|Q6P3W7|SCYL2_HUMAN:sp|P11498|PYC_HUMAN:sp|Q99640|PMYT1_HUMAN:sp|Q7Z410|TMPS9_HUMAN:sp|Q14566|MCM6_HUMAN:sp|Q9UQ13|SHOC2_HUMAN:sp|Q9Y2T5|GPR52_HUMAN:sp|Q9BXP8|PAPP2_HUMAN:sp|Q6ZNE9|RUFY4_HUMAN:sp|Q5T9C9|PI5L1_HUMAN:sp|Q9BT04|FUZZY_HUMAN:sp|Q7Z553|MDGA2_HUMAN:sp|Q6PI78|TMM65_HUMAN:sp|Q68BL7|OLM2A_HUMAN:sp|P22695|QCR2_HUMAN:sp|Q9Y4B5|MTCL1_HUMAN:sp|P22680|CP7A1_HUMAN:sp|Q9Y5W7|SNX14_HUMAN:sp|A6NGR9|MROH6_HUMAN:sp|Q96DP5|FMT_HUMAN:sp|Q5TZA2|CROCC_HUMAN:sp|Q8TEB1|DCA11_HUMAN:sp|Q96QH2|PRAM_HUMAN:sp|Q5VV67|PPRC1_HUMAN:sp|Q15102|PA1B3_HUMAN:sp|Q5TEA3|DAAF9_HUMAN:sp|Q5TCS8|KAD9_HUMAN:sp|P78524|DEN2B_HUMAN:sp|Q9UK39|NOCT_HUMAN:sp|Q86Y56|DAAF5_HUMAN:sp|O75155|CAND2_HUMAN:sp|Q9C0D4|Z518B_HUMAN:sp|Q9BYN8|RT26_HUMAN:sp|Q9P1Y6|PHRF1_HUMAN:sp|Q8NG85|OR2L3_HUMAN:sp|P59544|T2R50_HUMAN:sp|P23471|PTPRZ_HUMAN:sp|O14974|MYPT1_HUMAN:sp|Q8IWV7|UBR1_HUMAN:sp|Q99638|RAD9A_HUMAN:sp|P23415|GLRA1_HUMAN:sp|O75165|DJC13_HUMAN:sp|Q96JI7|SPTCS_HUMAN:sp|Q9P2P6|STAR9_HUMAN:sp|Q9H1M3|DB129_HUMAN:sp|O14595|CTDS2_HUMAN:sp|O43825|B3GT2_HUMAN:sp|Q07912|ACK1_HUMAN:sp|O95954|FTCD_HUMAN:sp|P13798|ACPH_HUMAN:sp|Q05932|FOLC_HUMAN:sp|Q96EY8|MMAB_HUMAN:sp|Q9P253|VPS18_HUMAN:sp|Q9UHC6|CNTP2_HUMAN:sp|Q9BQI9|NRIP2_HUMAN:sp|W6CW81|PYDC5_HUMAN:sp|Q99748|NRTN_HUMAN:sp|Q9Y6C5|PTC2_HUMAN:sp|P52849|NDST2_HUMAN:sp|Q52LC2|VAS1L_HUMAN:sp|Q9BSV6|SEN34_HUMAN:sp|P0C7M8|CLC2L_HUMAN:sp|Q9NX02|NALP2_HUMAN:sp|Q5H9R4|ARMX4_HUMAN:sp|Q9NSI6|BRWD1_HUMAN:sp|Q9NYI0|PSD3_HUMAN:sp|P23229|ITA6_HUMAN:sp|O15040|TCPR2_HUMAN:sp|A6NK58|LIPT2_HUMAN:sp|Q9Y5A7|NUB1_HUMAN:sp|O14874|BCKD_HUMAN:sp|Q9GZU7|CTDS1_HUMAN:sp|Q92974|ARHG2_HUMAN:sp|Q9NPR9|GP108_HUMAN:sp|Q9H347|UBQL3_HUMAN:sp|O60315|ZEB2_HUMAN:sp|O00198|HRK_HUMAN:sp|Q13042|CDC16_HUMAN:sp|P59901|LIRA4_HUMAN:sp|Q8TF76|HASP_HUMAN:sp|O95071|UBR5_HUMAN:sp|P19484|TFEB_HUMAN:sp|Q9ULK0|GRID1_HUMAN:sp|Q9UMN6|KMT2B_HUMAN:sp|Q9Y6X8|ZHX2_HUMAN:sp|Q9Y5P6|GMPPB_HUMAN:sp|P26006|ITA3_HUMAN:sp|C9JTQ0|ANR63_HUMAN:sp|Q6P093|ADCL2_HUMAN:sp|Q9Y5S2|MRCKB_HUMAN:sp|O94874|UFL1_HUMAN:sp|P11172|UMPS_HUMAN:sp|P59542|T2R19_HUMAN:sp|Q9Y4G6|TLN2_HUMAN:sp|Q6UX15|LAYN_HUMAN:sp|Q9Y6F9|WNT6_HUMAN:sp|Q16563|SYPL1_HUMAN:sp|Q13415|ORC1_HUMAN:sp|Q13608|PEX6_HUMAN:sp|Q8IYT4|KATL2_HUMAN:sp|Q8N4F0|BPIB2_HUMAN:sp|Q9ULA0|DNPEP_HUMAN:sp|Q9BY10|TSCOT_HUMAN:sp|Q9NYU1|UGGG2_HUMAN:sp|Q2LD37|BLTP1_HUMAN:sp|Q92968|PEX13_HUMAN:sp|Q9H819|DJC18_HUMAN:sp|Q16821|PPR3A_HUMAN:sp|P41231|P2RY2_HUMAN:sp|Q8WZB0|CI130_HUMAN:sp|Q9Y2G9|SBNO2_HUMAN:sp|P09936|UCHL1_HUMAN:sp|Q96EL3|RM53_HUMAN:sp|P0C7T7|FMAS1_HUMAN:sp|Q00653|NFKB2_HUMAN,DeepNovo
L(+42.01)SRSLRKF,24.78,1047.6189,8,50.0,8,0.1,350.21362,3,24.4979,12.8979,0.02,9061,HFX193_IPP292_GEL_CRC_324_Even.raw,9.16E5,5.99E6,1,1,1,1,"Acetylation (N-term)",,1 1 0 0 7 2 2 5,L(+42.01)SRSLRKF,sp|Q9H3S5|PIGM_HUMAN:sp|Q5T7N2|LITD1_HUMAN:sp|Q14494|NF2L1_HUMAN:sp|Q8WWZ7|ABCA5_HUMAN:sp|A2RUS2|DEND3_HUMAN:sp|Q9Y2G4|ANKR6_HUMAN:sp|Q14602|ID2B_HUMAN:sp|Q86X83|COMD2_HUMAN:sp|Q8TE73|DYH5_HUMAN:sp|O75762|TRPA1_HUMAN:sp|Q9NS56|TOPRS_HUMAN:sp|Q9NVX0|HAUS2_HUMAN:sp|P46013|KI67_HUMAN:sp|O75159|SOCS5_HUMAN:sp|Q8WX93|PALLD_HUMAN:sp|Q5BKX8|CAVN4_HUMAN:sp|O95238|SPDEF_HUMAN:sp|Q9NR99|MXRA5_HUMAN:sp|Q5SYE7|NHSL1_HUMAN:sp|P42695|CNDD3_HUMAN:sp|P49736|MCM2_HUMAN:sp|Q9P225|DYH2_HUMAN:sp|Q8IVF6|AN18A_HUMAN:sp|Q9NRL2|BAZ1A_HUMAN:sp|Q9HC29|NOD2_HUMAN:sp|P13686|PPA5_HUMAN:sp|Q8IV38|ANKY2_HUMAN:sp|Q9Y4C1|KDM3A_HUMAN:sp|P56715|RP1_HUMAN:sp|Q8NBH2|KY_HUMAN:sp|Q6PL18|ATAD2_HUMAN:sp|P13056|NR2C1_HUMAN:sp|Q92187|SIA8D_HUMAN:sp|P0CB48|UBFL6_HUMAN:sp|Q5T7B8|KIF24_HUMAN:sp|Q14541|HNF4G_HUMAN:sp|Q495T6|MMEL1_HUMAN:sp|Q6ZU15|SEP14_HUMAN:sp|Q9BVJ6|UT14A_HUMAN:sp|Q96NR8|RDH12_HUMAN:sp|Q5GH76|XKR4_HUMAN:sp|O43520|AT8B1_HUMAN:sp|Q8N5I4|DHRSX_HUMAN:sp|Q8TC20|CAGE1_HUMAN:sp|Q9NZN9|AIPL1_HUMAN:sp|Q96HJ9|FMC1_HUMAN:sp|Q92777|SYN2_HUMAN:sp|Q9P2C4|TM181_HUMAN:sp|P13569|CFTR_HUMAN:sp|Q9Y2I1|NISCH_HUMAN:sp|Q8WW33|GTSF1_HUMAN:sp|O15061|SYNEM_HUMAN:sp|Q92576|PHF3_HUMAN:sp|Q96HF1|SFRP2_HUMAN:sp|Q68D06|SLN13_HUMAN:sp|Q6L9W6|B4GN3_HUMAN:sp|Q76G19|PDZD4_HUMAN:sp|Q9BSJ1|TRI51_HUMAN:sp|Q9BQI4|CCDC3_HUMAN:sp|Q01813|PFKAP_HUMAN:sp|Q4L180|FIL1L_HUMAN:sp|Q7Z7L1|SLN11_HUMAN:sp|Q86XQ3|CTSR3_HUMAN:sp|A0A3B3IT33|TR51G_HUMAN:sp|Q9BSJ8|ESYT1_HUMAN:sp|Q04695|K1C17_HUMAN:sp|Q16538|GP162_HUMAN:sp|Q13304|GPR17_HUMAN:sp|Q03181|PPARD_HUMAN:sp|O76015|KRT38_HUMAN:sp|P17600|SYN1_HUMAN:sp|Q13416|ORC2_HUMAN:sp|P46098|5HT3A_HUMAN:sp|Q3SXM5|HSDL1_HUMAN:sp|Q7L5A3|ATOSB_HUMAN:sp|Q9HB55|CP343_HUMAN,DeepNovo
L(+42.01)SYKLREKL,30.33,1190.7023,9,66.7,9,0.3,397.90814,3,39.8870,0.3870,0.22,15364,HFX193_IPP292_GEL_CRC_324_Even.raw,3.8E5,2.69E6,1,1,1,1,"Acetylation (N-term)",,0 0 15 8 4 0 2 6 5,L(+42.01)SYKLREKL,,DeepNovo
L(+42.01)TPVSL,11.56,670.3901,6,16.7,6,-1.4,336.20187,2,39.4139,-61.6861,0.01,15164,HFX193_IPP292_GEL_CRC_324_Odd.raw,,,1,1,0,0,"Acetylation (N-term)",,0 0 2 0 0 1,L(+42.01)TPVSL,sp|Q9UKD1|GMEB2_HUMAN:sp|O43561|LAT_HUMAN:sp|P46100|ATRX_HUMAN:sp|Q99650|OSMR_HUMAN,DB Search
L(+42.01)TRLTHVGR,44.63,1093.6356,9,77.8,9,2.2,365.55328,3,26.9069,15.2069,0.32,10049,HFX193_IPP292_GEL_CRC_324_Even.raw,1.33E6,9.18E6,1,1,1,1,"Acetylation (N-term)",,0 0 12 27 39 30 7 7 5,L(+42.01)TRLTHVGR,sp|Q96JL9|ZN333_HUMAN:sp|Q9BSJ8|ESYT1_HUMAN:sp|Q99470|SDF2_HUMAN:sp|Q9P2P6|STAR9_HUMAN:sp|Q8IYW2|CFA46_HUMAN:sp|Q9NT68|TEN2_HUMAN:sp|O43184|ADA12_HUMAN:sp|P24928|RPB1_HUMAN:sp|Q9UJT9|FBXL7_HUMAN:sp|Q8TBP0|TBC16_HUMAN:sp|Q9P273|TEN3_HUMAN:sp|O14607|UTY_HUMAN:sp|Q9NZL3|ZN224_HUMAN:sp|Q9HCN8|SDF2L_HUMAN:sp|Q9Y6J8|STYL1_HUMAN:sp|Q9UI46|DNAI1_HUMAN:sp|Q76KP1|B4GN4_HUMAN:sp|Q9Y2E5|MA2B2_HUMAN:PDS5B_DEL_A-p.N1390Mfs*4_::chr13:32770250-32771250_frame=3:sp|P43250|GRK6_HUMAN:sp|Q9UNW8|GP132_HUMAN:sp|Q9UL15|BAG5_HUMAN,DeepNovo
L(+42.01)TSLKVHAVK,43.51,1136.6918,10,60.0,10,1.6,569.35406,2,39.2406,16.2406,0.52,15179,HFX193_IPP292_GEL_CRC_324_Odd.raw,9.32E6,1.02E7,3,3,1,1,"Acetylation (N-term)",,0 0 6 6 3 0 0 5 9 5,L(+42.01)TSLKVHAVK,sp|Q15303|ERBB4_HUMAN:sp|P23467|PTPRB_HUMAN:sp|Q96M91|CFA53_HUMAN:sp|P46939|UTRN_HUMAN:sp|Q9HB03|ELOV3_HUMAN:sp|Q01850|CDR2_HUMAN:sp|Q8IWF9|CCD83_HUMAN:sp|Q7Z3V4|UBE3B_HUMAN:sp|Q13535|ATR_HUMAN:sp|Q92993|KAT5_HUMAN:sp|Q9UKZ4|TEN1_HUMAN:sp|Q14957|NMDE3_HUMAN:sp|Q1X8D7|LRC36_HUMAN:sp|Q96JB5|CK5P3_HUMAN:sp|Q53GD3|CTL4_HUMAN:sp|Q149N8|SHPRH_HUMAN:sp|Q9NZU0|FLRT3_HUMAN:sp|Q6UX68|XKR5_HUMAN:sp|Q5JW98|CAHM4_HUMAN:sp|P04114|APOB_HUMAN:sp|Q5VTB9|RN220_HUMAN:AKAP7_DEL_A-p.K79Rfs*21_::chr6:131159636-131160636_frame=-3:SERPINB10_DEL_A-p.R76Gfs*7_::chr18:63917005-63918005_frame=2:sp|Q8TDR2|STK35_HUMAN:sp|Q9H583|HEAT1_HUMAN:sp|Q8TBB1|LNX1_HUMAN:sp|Q9HAI6|TASL_HUMAN:sp|Q96KV6|BT2A3_HUMAN:sp|Q14BN4|SLMAP_HUMAN:sp|Q15631|TSN_HUMAN:sp|P30622|CLIP1_HUMAN:sp|O60306|AQR_HUMAN:sp|P51587|BRCA2_HUMAN:sp|Q8NHQ1|CEP70_HUMAN:sp|A0MZ66|SHOT1_HUMAN:sp|Q6ZNQ3|LRC69_HUMAN:sp|Q9Y2B5|VP9D1_HUMAN:sp|Q13829|BACD2_HUMAN:sp|Q5JYT7|K1755_HUMAN:sp|P16615|AT2A2_HUMAN:sp|Q8NEZ2|VP37A_HUMAN:sp|Q3B726|RPA43_HUMAN:sp|A6NEK1|ARRD5_HUMAN:sp|Q12816|TROP_HUMAN:CCDC178_DEL_TT-p.K291Nfs*11_::chr18:33332679-33333680_frame=2:sp|Q96P69|GPR78_HUMAN:sp|Q9H2T7|RBP17_HUMAN:sp|Q9H2M9|RBGPR_HUMAN:sp|Q8NHS4|CLHC1_HUMAN:sp|Q9H3T2|SEM6C_HUMAN:sp|P49459|UBE2A_HUMAN:sp|A4D2P6|GRD2I_HUMAN:sp|Q9Y2G1|MYRF_HUMAN:sp|Q6ZV29|PLPL7_HUMAN:sp|P07741|APT_HUMAN:sp|Q7Z2K8|GRIN1_HUMAN:sp|Q06828|FMOD_HUMAN:sp|Q9Y2I8|WDR37_HUMAN:sp|Q8NHV4|NEDD1_HUMAN:sp|Q9ULD9|ZN608_HUMAN:sp|Q9NPQ8|RIC8A_HUMAN:sp|Q96NL0|RUN3B_HUMAN:sp|Q6QNY1|BL1S2_HUMAN:sp|Q9NRP7|STK36_HUMAN:sp|Q4KMG9|TM52B_HUMAN:sp|O95427|PIGN_HUMAN:sp|P11047|LAMC1_HUMAN:sp|Q9NSI6|BRWD1_HUMAN:sp|P00540|MOS_HUMAN:sp|Q86W25|NAL13_HUMAN:sp|Q8IWJ2|GCC2_HUMAN:sp|Q96EX3|DC2I2_HUMAN:sp|O15303|GRM6_HUMAN:sp|A1L3X0|ELOV7_HUMAN:sp|Q96SK2|TM209_HUMAN:sp|P35680|HNF1B_HUMAN:sp|O60315|ZEB2_HUMAN:sp|Q9UJT2|TSKS_HUMAN:sp|Q9Y689|ARL5A_HUMAN:sp|Q9HD20|AT131_HUMAN:sp|O14772|FPGT_HUMAN:sp|P86452|ZBED6_HUMAN:sp|P63146|UBE2B_HUMAN:sp|Q86YW9|MD12L_HUMAN:sp|P15822|ZEP1_HUMAN:sp|Q9P2D1|CHD7_HUMAN:sp|O00231|PSD11_HUMAN:sp|Q8WWQ0|PHIP_HUMAN:sp|B1AJZ9|FHAD1_HUMAN:sp|P18433|PTPRA_HUMAN:sp|O75493|CAH11_HUMAN:sp|Q9H0E9|BRD8_HUMAN:sp|P82279|CRUM1_HUMAN:sp|Q9NPD8|UBE2T_HUMAN:sp|Q96MT1|RN145_HUMAN:sp|Q8TD17|ZN398_HUMAN:sp|Q6RI45|BRWD3_HUMAN:sp|Q76FK4|NOL8_HUMAN:sp|P46199|IF2M_HUMAN:sp|P0DH78|RN224_HUMAN:sp|P30530|UFO_HUMAN:sp|Q7Z3T8|ZFY16_HUMAN:sp|O00443|P3C2A_HUMAN:sp|Q86TW2|ADCK1_HUMAN:sp|Q92698|RAD54_HUMAN:sp|Q9Y243|AKT3_HUMAN:sp|Q96L12|CALR3_HUMAN:sp|Q7Z3U7|MON2_HUMAN:sp|Q96N16|JKIP1_HUMAN:sp|Q5T1Q4|S35F1_HUMAN:sp|Q5CZC0|FSIP2_HUMAN:sp|Q9NR48|ASH1L_HUMAN:sp|Q13888|TF2H2_HUMAN:sp|O96013|PAK4_HUMAN:sp|P22792|CPN2_HUMAN:sp|Q76N32|CEP68_HUMAN:sp|Q13464|ROCK1_HUMAN:sp|Q5QP82|DCA10_HUMAN:sp|Q92949|FOXJ1_HUMAN:sp|Q03001|DYST_HUMAN,DeepNovo
L(+42.01)YTKHTRLF,25.32,1219.6714,9,66.7,9,2.3,407.56534,3,34.2648,-6.7352,0.56,13144,HFX193_IPP292_GEL_CRC_324_Even.raw,1.14E5,1.03E6,1,1,1,1,"Acetylation (N-term)",,0 0 0 7 40 9 2 2 5,L(+42.01)YTKHTRLF,sp|P0CJ79|ZN888_HUMAN:sp|Q8TF68|ZN384_HUMAN:sp|Q14999|CUL7_HUMAN:sp|Q9UKV8|AGO2_HUMAN:sp|Q8N4W9|ZN808_HUMAN:sp|O15360|FANCA_HUMAN:sp|Q5T0B9|ZN362_HUMAN:sp|Q9BSA9|TM175_HUMAN:sp|Q9HCK5|AGO4_HUMAN:sp|Q9UBU9|NXF1_HUMAN:sp|Q8NEG5|ZSWM2_HUMAN:sp|A2RRD8|ZN320_HUMAN:sp|Q8N587|ZN561_HUMAN:sp|Q14916|NPT1_HUMAN:sp|Q9H9G7|AGO3_HUMAN:sp|Q13023|AKAP6_HUMAN:sp|Q7Z5L4|SPT19_HUMAN:SLC35F5_DEL_A-p.C248Afs*22_::chr2:113742200-113743200_frame=2:sp|Q96IR2|ZN845_HUMAN:sp|Q6ZNG1|ZN600_HUMAN:sp|P52746|ZN142_HUMAN:sp|Q13045|FLII_HUMAN:sp|Q92952|KCNN1_HUMAN:sp|P24593|IBP5_HUMAN:sp|Q96H15|TIMD4_HUMAN:sp|Q5SW79|CE170_HUMAN:sp|Q9UL18|AGO1_HUMAN:sp|Q96DY7|MTBP_HUMAN:sp|A6NHJ4|ZN860_HUMAN:sp|Q7Z3Z3|PIWL3_HUMAN:sp|Q8NEY1|NAV1_HUMAN:sp|Q7Z3V5|ZN571_HUMAN:sp|Q9UKK3|PARP4_HUMAN:sp|Q8N823|ZN611_HUMAN:sp|Q9NYF8|BCLF1_HUMAN,DeepNovo
M(+42.01)(+15.99)AALLK,12.23,703.3939,6,66.7,6,0.3,352.70428,2,43.8534,N/A,0.41,16938,HFX193_IPP292_GEL_CRC_324_Odd.raw,7.99E5,4.52E6,1,1,1,1,"Acetylation (N-term);Oxidation (M)",,0 0 3 11 21 5,M(+42.01)(+15.99)AALLK,sp|Q8WXX0|DYH7_HUMAN,DB Search
M(+42.01)(+15.99)AGYDVKAPAM(+15.99)F,64.14,1373.5995,12,75.0,12,-3.2,687.80487,2,67.2286,N/A,0.39,26276,HFX193_IPP292_GEL_CRC_324_Even.raw,1.08E5,1.01E6,1,1,1,1,"Acetylation (N-term);Oxidation (M);Oxidation (M)",,0 0 0 13 13 20 23 23 2 2 11 5,M(+42.01)(+15.99)AGYDVKAPAM(+15.99)F,sp|Q9BTZ2|DHRS4_HUMAN:sp|Q6AZY7|SCAR3_HUMAN:sp|O94827|PKHG5_HUMAN:sp|Q5JSZ5|PRC2B_HUMAN:sp|Q8WWV6|FCAMR_HUMAN:sp|P11172|UMPS_HUMAN:sp|Q8IVF2|AHNK2_HUMAN:sp|Q5H9F3|BCORL_HUMAN:sp|Q5T0N1|CFA70_HUMAN:sp|Q03518|TAP1_HUMAN:sp|Q14390|GGTL2_HUMAN:sp|P43354|NR4A2_HUMAN:sp|Q5T750|XP32_HUMAN:sp|P57771|RGS8_HUMAN:sp|Q9H7P9|PKHG2_HUMAN:sp|Q53T94|TAF1B_HUMAN:sp|Q92576|PHF3_HUMAN:sp|Q13029|PRDM2_HUMAN:sp|O60336|MABP1_HUMAN:sp|Q15029|U5S1_HUMAN:sp|O94903|PLPHP_HUMAN:sp|P19440|GGT1_HUMAN:sp|A6NGU5|GGT3_HUMAN:sp|Q09666|AHNK_HUMAN:sp|Q9BX51|GGTL1_HUMAN:sp|O75461|E2F6_HUMAN:sp|Q96BY9|SARAF_HUMAN:sp|Q6PKH6|DR4L2_HUMAN:sp|Q8IVU1|IGDC3_HUMAN:sp|Q96L91|EP400_HUMAN:sp|P61247|RS3A_HUMAN:sp|Q969Z0|FAKD4_HUMAN:sp|B5MD39|GGTL3_HUMAN:sp|P36268|GGT2_HUMAN:sp|Q9UPP2|IQEC3_HUMAN:sp|Q9NQ66|PLCB1_HUMAN:sp|Q5UIP0|RIF1_HUMAN,DeepNovo
M(+42.01)(+15.99)ALDPGGYLDKVRFL,86.47,1751.8916,15,46.7,15,-0.4,584.97089,3,56.4687,N/A,0.16,21979,HFX193_IPP292_GEL_CRC_324_Odd.raw,,,1,1,0,0,"Acetylation (N-term);Oxidation (M)",,0 0 3 1 0 0 0 20 98 49 24 15 4 1 1,M(+42.01)(+15.99)ALDPGGYLDKVRFL,sp|Q8WWZ7|ABCA5_HUMAN:sp|Q92499|DDX1_HUMAN:sp|P21817|RYR1_HUMAN:sp|O00748|EST2_HUMAN:sp|P41219|PERI_HUMAN:sp|Q9UK28|TM59L_HUMAN:sp|Q6P2P2|ANM9_HUMAN:sp|Q9Y4D8|HECD4_HUMAN:sp|P25705|ATPA_HUMAN:sp|Q14CN4|K2C72_HUMAN:sp|O00189|AP4M1_HUMAN:sp|Q96L73|NSD1_HUMAN:sp|O95947|TBX6_HUMAN:sp|Q8IWZ3|ANKH1_HUMAN:sp|Q14957|NMDE3_HUMAN:sp|Q1ED39|KNOP1_HUMAN:sp|P00966|ASSY_HUMAN:sp|P02533|K1C14_HUMAN:sp|Q9BXP8|PAPP2_HUMAN:sp|Q9H3S7|PTN23_HUMAN:sp|Q5VU65|P210L_HUMAN:sp|P28331|NDUS1_HUMAN:sp|Q5XKE5|K2C79_HUMAN:sp|Q7Z794|K2C1B_HUMAN:sp|Q6N022|TEN4_HUMAN:sp|P78363|ABCA4_HUMAN:sp|P08727|K1C19_HUMAN:sp|Q68BL7|OLM2A_HUMAN:sp|P09914|IFIT1_HUMAN:sp|P35908|K22E_HUMAN:sp|Q8N6D5|ANR29_HUMAN:sp|O00445|SYT5_HUMAN:sp|Q495T6|MMEL1_HUMAN:sp|Q96ST3|SIN3A_HUMAN:sp|P16519|NEC2_HUMAN:sp|Q3SY84|K2C71_HUMAN:sp|Q587J7|TDR12_HUMAN:sp|Q8N1N4|K2C78_HUMAN:sp|Q5J8M3|EMC4_HUMAN:sp|Q9NW08|RPC2_HUMAN:sp|P01024|CO3_HUMAN:sp|Q2M2I5|K1C24_HUMAN:sp|P19012|K1C15_HUMAN:sp|Q6ZTR6|ZNFDT_HUMAN:sp|Q7Z408|CSMD2_HUMAN:sp|Q7L2H7|EIF3M_HUMAN:sp|Q5SWL8|PRA19_HUMAN:sp|Q6T4R5|NHS_HUMAN:sp|P05787|K2C8_HUMAN:sp|P04264|K2C1_HUMAN:sp|Q00534|CDK6_HUMAN:sp|Q14533|KRT81_HUMAN:sp|Q8TE23|TS1R2_HUMAN:sp|Q9NSB2|KRT84_HUMAN:sp|P13647|K2C5_HUMAN:sp|Q5T764|IFT1B_HUMAN:sp|Q01546|K22O_HUMAN:sp|Q8IUA7|ABCA9_HUMAN:sp|P78386|KRT85_HUMAN:sp|P25067|CO8A2_HUMAN:sp|P13645|K1C10_HUMAN:sp|Q86UP6|CUZD1_HUMAN:sp|Q9H611|PIF1_HUMAN:sp|Q03692|COAA1_HUMAN:sp|P35527|K1C9_HUMAN:sp|Q8NFI3|ENASE_HUMAN:sp|P20700|LMNB1_HUMAN:sp|P48668|K2C6C_HUMAN:sp|Q7LGA3|HS2ST_HUMAN:sp|Q9H8W5|TRI45_HUMAN:sp|Q14746|COG2_HUMAN:sp|O60551|NMT2_HUMAN:sp|O43790|KRT86_HUMAN:sp|P04259|K2C6B_HUMAN:sp|Q8NEV1|CSK23_HUMAN:sp|O14686|KMT2D_HUMAN:sp|P78385|KRT83_HUMAN:sp|Q008S8|ECT2L_HUMAN:sp|P30876|RPB2_HUMAN:sp|Q96FB5|MT25B_HUMAN:sp|P08670|VIME_HUMAN:sp|Q6J4K2|NCLX_HUMAN:sp|Q8IY21|DDX60_HUMAN:sp|Q9P2U8|VGLU2_HUMAN:sp|Q86YW9|MD12L_HUMAN:sp|P61086|UBE2K_HUMAN:sp|Q7RTS7|K2C74_HUMAN:sp|Q9UHB9|SRP68_HUMAN:sp|O95678|K2C75_HUMAN:sp|P43268|ETV4_HUMAN:sp|O15068|MCF2L_HUMAN:sp|Q9NPG4|PCD12_HUMAN:sp|Q8NDX9|LY65B_HUMAN:sp|Q86Z14|KLOTB_HUMAN:sp|Q9NSB4|KRT82_HUMAN:sp|P40225|TPO_HUMAN:sp|Q5T6V5|QNG1_HUMAN:sp|Q9H939|PPIP2_HUMAN:sp|P26010|ITB7_HUMAN:sp|P08779|K1C16_HUMAN:sp|O75182|SIN3B_HUMAN:sp|P14136|GFAP_HUMAN:sp|Q86YR7|MF2L2_HUMAN:sp|P12035|K2C3_HUMAN:sp|Q04695|K1C17_HUMAN:sp|P17661|DESM_HUMAN:sp|Q99456|K1C12_HUMAN:sp|P12036|NFH_HUMAN:sp|Q9ULV0|MYO5B_HUMAN:sp|Q9UIX4|KCNG1_HUMAN:sp|Q86Y46|K2C73_HUMAN:sp|A2VEC9|SSPO_HUMAN:sp|Q9Y2G9|SBNO2_HUMAN:sp|Q5JVX7|CA141_HUMAN:sp|Q9Y2G8|DJC16_HUMAN:tr|A0A075B7B8|A0A075B7B8_HUMAN:sp|O75908|SOAT2_HUMAN:sp|Q92736|RYR2_HUMAN:sp|P06213|INSR_HUMAN:sp|Q6PK04|CC137_HUMAN,DeepNovo
M(+42.01)(+15.99)ATLSLN(+0.98)RHSVVPEALP,78.03,1892.9666,17,70.6,17,2.2,947.49261,2,72.0434,N/A,0.38,28153,HFX193_IPP292_GEL_CRC_324_Even.raw,2.42E5,1.71E6,1,1,1,1,"Acetylation (N-term);Oxidation (M);Deamidation (NQ)",,0 0 0 42 22 22 27 21 8 8 22 32 5 3 2 0 0,M(+42.01)(+15.99)ATLSLN(+0.98)RHSVVPEALP,sp|Q9BVQ7|SPA5L_HUMAN:sp|Q9NWW6|NRK1_HUMAN:sp|O14603|PRY_HUMAN:sp|Q6ZTA4|TRI67_HUMAN:sp|Q00975|CAC1B_HUMAN:sp|Q96G91|P2Y11_HUMAN:sp|O94818|NOL4_HUMAN:sp|Q9NPH5|NOX4_HUMAN:sp|Q9UIE0|ZN230_HUMAN:sp|Q99501|GA2L1_HUMAN:sp|Q15973|ZN124_HUMAN:sp|Q6UY01|LRC31_HUMAN:sp|Q9NZL3|ZN224_HUMAN:sp|F5H094|SO1BT_HUMAN:sp|Q96I27|ZN625_HUMAN:sp|Q8WV44|TRI41_HUMAN:sp|O75159|SOCS5_HUMAN:sp|Q6ZRQ5|MMS22_HUMAN:sp|P43234|CATO_HUMAN:sp|Q7L945|ZN627_HUMAN:sp|Q9UK13|ZN221_HUMAN:sp|P51828|ADCY7_HUMAN:sp|Q6PKG0|LARP1_HUMAN:sp|Q9H553|ALG2_HUMAN:sp|O00254|PAR3_HUMAN:sp|Q01167|FOXK2_HUMAN:sp|Q8N7K0|ZN433_HUMAN:sp|Q008S8|ECT2L_HUMAN:sp|Q8IZM8|ZN654_HUMAN:sp|P04637|P53_HUMAN:sp|Q96C00|ZBTB9_HUMAN:sp|P85037|FOXK1_HUMAN:sp|Q9UK12|ZN222_HUMAN:sp|P15822|ZEP1_HUMAN:sp|Q9Y6L6|SO1B1_HUMAN:sp|Q96DN5|TBC31_HUMAN:sp|Q6AZZ1|TRI68_HUMAN:sp|Q6V0I7|FAT4_HUMAN:sp|Q9BSG1|ZNF2_HUMAN:sp|Q8N1B3|CCNQ_HUMAN:sp|C9JN71|ZN878_HUMAN:sp|Q96JD6|AKCL2_HUMAN:sp|Q08AG5|ZN844_HUMAN:sp|Q13409|DC1I2_HUMAN:sp|Q86SR1|GLT10_HUMAN:sp|Q6ZQY2|LR74B_HUMAN:sp|P17017|ZNF14_HUMAN:sp|P52737|ZN136_HUMAN:sp|Q8WVV9|HNRLL_HUMAN:sp|Q96JG9|ZN469_HUMAN:sp|Q8NFQ6|BPIFC_HUMAN:sp|Q8N972|ZN709_HUMAN:sp|Q9P015|RM15_HUMAN:sp|Q5CZC0|FSIP2_HUMAN:sp|Q9UK10|ZN225_HUMAN:sp|G3V0H7|SO1B7_HUMAN:sp|Q8IUI4|S29P2_HUMAN:sp|Q9Y6V0|PCLO_HUMAN:sp|Q7Z4H7|HAUS6_HUMAN:sp|Q5H8C1|FREM1_HUMAN:sp|Q9NPG1|FZD3_HUMAN:sp|Q2VY69|ZN284_HUMAN:sp|Q8NEP9|ZN555_HUMAN:sp|Q9UK11|ZN223_HUMAN:sp|A2RUB1|MEIOC_HUMAN:sp|Q9ULM2|ZN490_HUMAN:sp|Q9NR97|TLR8_HUMAN,DeepNovo
M(+42.01)(+15.99)EGVEEKK,43.04,1006.4641,8,100.0,8,1.0,504.23984,2,27.0099,N/A,0.37,10085,HFX193_IPP292_GEL_CRC_324_Even.raw,1.08E7,6.19E7,2,2,2,2,"Acetylation (N-term);Oxidation (M)",,5 27 6 6 7 7 14 5,M(+42.01)(+15.99)EGVEEKK,sp|P18124|RL7_HUMAN,DB Search
M(+42.01)(+15.99)FAEVPFGL,34.62,1067.4998,9,77.8,9,1.5,534.75793,2,69.9156,N/A,0.35,27345,HFX193_IPP292_GEL_CRC_324_Even.raw,,,1,1,0,0,"Acetylation (N-term);Oxidation (M)",,5 9 8 8 0 0 8 42 5,M(+42.01)(+15.99)FAEVPFGL,,DeepNovo
M(+42.01)(+15.99)GGN(+0.98)TVPPTRVVPR,56.26,1538.7875,14,28.6,14,0.6,513.93677,3,41.2322,N/A,0.23,15903,HFX193_IPP292_GEL_CRC_324_Even.raw,1.92E6,1.3E7,2,2,1,1,"Acetylation (N-term);Oxidation (M);Deamidation (NQ)",,5 0 0 9 4 3 0 0 0 0 0 1 1 1,M(+42.01)(+15.99)GGN(+0.98)TVPPTRVVPR,sp|Q9NQX4|MYO5C_HUMAN:sp|A6NMZ7|CO6A6_HUMAN:sp|Q9UKA9|PTBP2_HUMAN:sp|Q9HAV5|TNR27_HUMAN:sp|P55107|GDF10_HUMAN:sp|Q9H344|O51I2_HUMAN:sp|Q9HBG7|LY9_HUMAN,DeepNovo
M(+42.01)(+15.99)GKKKAKLF,40.32,1107.6475,9,22.2,9,2.1,554.83215,2,30.7151,N/A,0.46,11643,HFX193_IPP292_GEL_CRC_324_Odd.raw,1.03E6,9.42E6,2,2,2,2,"Acetylation (N-term);Oxidation (M)",,0 0 2 1 1 0 0 1 4,M(+42.01)(+15.99)GKKKAKLF,sp|Q13772|NCOA4_HUMAN:sp|Q96M91|CFA53_HUMAN:sp|Q8TAL5|CI043_HUMAN:sp|Q9HC35|EMAL4_HUMAN:sp|Q0P6D6|CCD15_HUMAN:sp|Q76M96|CCD80_HUMAN:sp|Q13428|TCOF_HUMAN:sp|Q8TBF4|ZCRB1_HUMAN:sp|A4D0S4|LAMB4_HUMAN:sp|Q6N069|NAA16_HUMAN:sp|Q9BWT7|CAR10_HUMAN:sp|Q3SYG4|PTHB1_HUMAN:sp|Q5F1R6|DJC21_HUMAN:sp|Q9C093|SPEF2_HUMAN:sp|P35221|CTNA1_HUMAN:sp|Q9Y2E6|DTX4_HUMAN:sp|Q504Y0|S39AC_HUMAN:sp|O94855|SC24D_HUMAN:sp|Q92750|TAF4B_HUMAN:sp|Q6W2J9|BCOR_HUMAN:sp|Q15835|GRK1_HUMAN:sp|Q96L91|EP400_HUMAN:sp|P24588|AKAP5_HUMAN:sp|Q9BQG0|MBB1A_HUMAN:sp|A1E959|ODAM_HUMAN:sp|A4FU69|EFCB5_HUMAN:sp|Q96Q35|FACC1_HUMAN:sp|P62424|RL7A_HUMAN:sp|Q96T88|UHRF1_HUMAN:sp|Q9Y4G8|RPGF2_HUMAN:sp|P51587|BRCA2_HUMAN:sp|Q6P1M9|ARMX5_HUMAN:sp|Q8TCG1|CIP2A_HUMAN:sp|Q9NW08|RPC2_HUMAN:sp|P26196|DDX6_HUMAN:sp|Q9HC77|CENPJ_HUMAN:sp|Q9UIW2|PLXA1_HUMAN:sp|Q9BRD0|BUD13_HUMAN:sp|Q14527|HLTF_HUMAN:sp|A5YKK6|CNOT1_HUMAN:sp|O95760|IL33_HUMAN:sp|Q92911|SC5A5_HUMAN:sp|Q7Z2Y5|NRK_HUMAN:sp|Q14781|CBX2_HUMAN:sp|Q14980|NUMA1_HUMAN:sp|O60673|REV3L_HUMAN:sp|Q8IYX8|CE57L_HUMAN:sp|Q8N2K1|UB2J2_HUMAN:sp|A0A024R1R8|TMA7B_HUMAN:NDUFC2_DEL_AA-p.F69Cfs*9_::chr11:78072601-78073602_frame=2:sp|Q14674|ESPL1_HUMAN:sp|Q9Y619|ORNT1_HUMAN:sp|Q8N6L1|KTAP2_HUMAN:sp|Q9BX84|TRPM6_HUMAN:sp|Q92796|DLG3_HUMAN:sp|Q5T9S5|CCD18_HUMAN:sp|Q9ULV3|CIZ1_HUMAN:sp|O15054|KDM6B_HUMAN:sp|A8MUP6|GS1L2_HUMAN:sp|P08579|RU2B_HUMAN:sp|P0DN80|OR5H8_HUMAN:sp|Q8IUX8|EGFL6_HUMAN:sp|Q6ZUA9|MROH5_HUMAN:sp|O15031|PLXB2_HUMAN:sp|O00294|TULP1_HUMAN:sp|Q9BUE6|ISCA1_HUMAN:sp|Q3B8N5|PROX2_HUMAN:sp|Q8WZ64|ARAP2_HUMAN:sp|Q8NEZ4|KMT2C_HUMAN:sp|Q86WZ0|HEAT4_HUMAN:sp|Q96JH8|RADIL_HUMAN:sp|Q9Y462|ZN711_HUMAN:sp|D6RF30|GOG8K_HUMAN:sp|Q01970|PLCB3_HUMAN:sp|Q96JE9|MAP6_HUMAN:sp|Q9NQC3|RTN4_HUMAN:sp|P30048|PRDX3_HUMAN:sp|Q969Q5|RAB24_HUMAN:sp|O60832|DKC1_HUMAN:sp|Q8N9H8|MUT7_HUMAN:sp|P38935|SMBP2_HUMAN:sp|Q8IVE0|CROL2_HUMAN:sp|Q9UJA9|ENPP5_HUMAN:sp|O14764|GBRD_HUMAN:sp|O75643|U520_HUMAN:sp|Q5K651|SAMD9_HUMAN:sp|Q6PDB4|ZN880_HUMAN:sp|Q70CQ2|UBP34_HUMAN:sp|P82914|RT15_HUMAN:sp|Q8TE82|S3TC1_HUMAN:sp|Q9NQ66|PLCB1_HUMAN:sp|Q9C0D5|TANC1_HUMAN:sp|Q6ZMV9|KIF6_HUMAN:sp|Q9UL01|DSE_HUMAN:sp|Q9UHC1|MLH3_HUMAN:sp|P98196|AT11A_HUMAN:sp|Q6WRX3|ZY11A_HUMAN:sp|Q96PU4|UHRF2_HUMAN:sp|P42345|MTOR_HUMAN:sp|Q6XZB0|LIPI_HUMAN:sp|O95707|RPP29_HUMAN:sp|P32247|BRS3_HUMAN:sp|P35711|SOX5_HUMAN:sp|Q99549|MPP8_HUMAN:sp|Q16363|LAMA4_HUMAN:sp|O00268|TAF4_HUMAN:sp|A6NC78|GOG8I_HUMAN:sp|Q9H0B3|IQCN_HUMAN:sp|Q05D60|DEUP1_HUMAN:sp|Q5HYC2|K2026_HUMAN:sp|Q9NQW8|CNGB3_HUMAN:sp|Q96AX1|VP33A_HUMAN:sp|Q9ULE4|F184B_HUMAN:sp|Q8N5M1|ATPF2_HUMAN:sp|Q9UJQ4|SALL4_HUMAN:sp|Q9BXI2|ORNT2_HUMAN:sp|Q9HBE4|IL21_HUMAN:sp|Q03164|KMT2A_HUMAN:sp|Q01780|EXOSX_HUMAN:sp|A8MZ26|EFCB9_HUMAN,DeepNovo
M(+42.01)(+15.99)GYKLLDKKVEKV,45.88,1607.8956,13,53.8,13,-2.5,536.97113,3,30.0556,N/A,0.17,11361,HFX193_IPP292_GEL_CRC_324_Even.raw,1.22E5,2.54E6,1,1,1,1,"Acetylation (N-term);Oxidation (M)",,0 0 0 0 24 24 11 6 3 2 2 1 1,M(+42.01)(+15.99)GYKLLDKKVEKV,sp|P58107|EPIPL_HUMAN:sp|A0AVI2|FR1L5_HUMAN:sp|O95661|DIRA3_HUMAN:sp|Q6UXZ4|UNC5D_HUMAN:sp|Q7Z570|Z804A_HUMAN:sp|P50461|CSRP3_HUMAN:sp|Q58FF7|H90B3_HUMAN:sp|Q7Z7H5|TMED4_HUMAN:sp|O60518|RNBP6_HUMAN:sp|A4D0S4|LAMB4_HUMAN:sp|Q6EMB2|TTLL5_HUMAN:sp|O95696|BRD1_HUMAN:sp|A0A075B6V5|TVA36_HUMAN:sp|P54652|HSP72_HUMAN:sp|Q9UID6|ZN639_HUMAN:sp|P05814|CASB_HUMAN:sp|Q6P0Q8|MAST2_HUMAN:sp|B4DZS4|T11X1_HUMAN:sp|Q5T6F2|UBAP2_HUMAN:sp|Q641Q2|WAC2A_HUMAN:sp|Q709C8|VP13C_HUMAN:sp|Q9NYC9|DYH9_HUMAN:sp|P61129|ZC3H6_HUMAN:sp|O95292|VAPB_HUMAN:sp|Q96QA5|GSDMA_HUMAN:sp|Q15025|TNIP1_HUMAN:sp|Q5J8M3|EMC4_HUMAN:sp|Q99570|PI3R4_HUMAN:sp|Q96C86|DCPS_HUMAN:sp|O75146|HIP1R_HUMAN:sp|P21359|NF1_HUMAN:sp|Q12769|NU160_HUMAN:sp|P08311|CATG_HUMAN:sp|P46108|CRK_HUMAN:sp|P15924|DESP_HUMAN:sp|Q86YC2|PALB2_HUMAN:sp|O60673|REV3L_HUMAN:sp|Q96LB3|IFT74_HUMAN:sp|O60687|SRPX2_HUMAN:sp|Q9Y597|KCTD3_HUMAN:sp|A7E2V4|ZSWM8_HUMAN:sp|P51531|SMCA2_HUMAN:sp|Q8IYE0|CC146_HUMAN:sp|Q9GZS0|DNAI2_HUMAN:sp|Q0P6H9|TMM62_HUMAN:sp|Q58FF6|H90B4_HUMAN:sp|A2CJ06|DYTN_HUMAN:sp|O15393|TMPS2_HUMAN:sp|Q9NP80|PLPL8_HUMAN:sp|P30040|ERP29_HUMAN:sp|Q8TD31|CCHCR_HUMAN:sp|Q8N9B5|JMY_HUMAN:sp|P17676|CEBPB_HUMAN:sp|P30414|NKTR_HUMAN:sp|Q8WXA3|RUFY2_HUMAN:sp|O60216|RAD21_HUMAN:sp|P78559|MAP1A_HUMAN:sp|Q9ULD9|ZN608_HUMAN:sp|Q12851|M4K2_HUMAN:sp|Q14028|CNGB1_HUMAN:sp|Q9H8W3|F204A_HUMAN:sp|O00401|WASL_HUMAN:sp|Q5T5S1|CC183_HUMAN:sp|Q96JM4|LRIQ1_HUMAN:sp|Q96L34|MARK4_HUMAN:sp|Q5BKX8|CAVN4_HUMAN:sp|Q9H0K1|SIK2_HUMAN:sp|Q68D86|C102B_HUMAN:sp|Q9BY66|KDM5D_HUMAN:sp|P78371|TCPB_HUMAN:sp|P02549|SPTA1_HUMAN:sp|Q13936|CAC1C_HUMAN:sp|Q9H4B8|DPEP3_HUMAN:MIS18BP1_DEL_TT-p.K157Ifs*8_::chr14:45246316-45247317_frame=3:sp|Q9H7L9|SDS3_HUMAN:sp|A8MWX3|WASH4_HUMAN:sp|O95155|UBE4B_HUMAN:sp|Q8IXJ9|ASXL1_HUMAN:sp|Q9BRX2|PELO_HUMAN:sp|O00231|PSD11_HUMAN:sp|Q2UY09|COSA1_HUMAN:sp|Q14872|MTF1_HUMAN:sp|Q6ZQQ2|S31D1_HUMAN:sp|P20908|CO5A1_HUMAN:sp|O95436|NPT2B_HUMAN:sp|Q6NW34|NEPRO_HUMAN:sp|Q9BY42|RTF2_HUMAN:sp|P43268|ETV4_HUMAN:sp|P23515|OMGP_HUMAN:sp|P14625|ENPL_HUMAN:sp|Q14114|LRP8_HUMAN:sp|Q9UBZ9|REV1_HUMAN:sp|Q30201|HFE_HUMAN:sp|O94915|FRYL_HUMAN:sp|P09327|VILI_HUMAN:sp|Q5BJE1|CC178_HUMAN:sp|Q16363|LAMA4_HUMAN:sp|O15078|CE290_HUMAN:sp|Q92540|SMG7_HUMAN:sp|P08908|5HT1A_HUMAN:sp|Q96M02|CJ090_HUMAN:sp|Q13939|CALI_HUMAN:sp|O75475|PSIP1_HUMAN:sp|Q9C098|DCLK3_HUMAN:sp|Q14554|PDIA5_HUMAN:sp|Q9ULD2|MTUS1_HUMAN:sp|Q9UPU9|SMAG1_HUMAN:sp|Q96PC5|MIA2_HUMAN:sp|Q7L099|RUFY3_HUMAN:sp|O15169|AXIN1_HUMAN:sp|Q71F23|CENPU_HUMAN:sp|Q9UBK8|MTRR_HUMAN:sp|Q9NZE8|RM35_HUMAN:sp|Q9UFN0|NPS3A_HUMAN:sp|P0DMM9|ST1A3_HUMAN:sp|Q5T5U3|RHG21_HUMAN:sp|P26374|RAE2_HUMAN:sp|O15228|GNPAT_HUMAN:sp|Q01780|EXOSX_HUMAN:sp|O60242|AGRB3_HUMAN,DeepNovo
M(+42.01)(+15.99)KGKVFKKL,18.06,1135.6787,9,44.4,9,-2.7,379.56583,3,38.4462,N/A,0.25,14546,HFX193_IPP292_GEL_CRC_324_Even.raw,1.86E7,3.37E7,1,1,1,1,"Acetylation (N-term);Oxidation (M)",,0 0 0 1 1 3 3 7 5,M(+42.01)(+15.99)KGKVFKKL,sp|Q08ER8|ZN543_HUMAN:sp|O60486|PLXC1_HUMAN:sp|Q8TF50|ZN526_HUMAN:sp|O60488|ACSL4_HUMAN:sp|P41252|SYIC_HUMAN:sp|O14986|PI51B_HUMAN:sp|Q8NF67|A2012_HUMAN:sp|Q8TD57|DYH3_HUMAN:sp|Q9UNN4|TF2AY_HUMAN:sp|Q7Z6M4|MTEF4_HUMAN:sp|Q49SQ1|GPR33_HUMAN:sp|Q8WVC6|DCAKD_HUMAN:sp|Q9UKZ4|TEN1_HUMAN:sp|Q9H1U9|S2551_HUMAN:sp|Q13740|CD166_HUMAN:sp|Q9Y4A5|TRRAP_HUMAN:sp|O43683|BUB1_HUMAN:sp|Q9Y3S2|ZN330_HUMAN:sp|P13010|XRCC5_HUMAN:sp|Q92753|RORB_HUMAN:CKAP2_DEL_A-p.K605Rfs*14_::chr13:52474399-52475399_frame=2:sp|Q96JB3|HIC2_HUMAN:sp|Q8WYQ9|ZCH14_HUMAN:sp|P0CJ78|ZN865_HUMAN:sp|Q5QGT7|RTP2_HUMAN:sp|Q6AHZ1|Z518A_HUMAN:sp|Q96EN8|MOCOS_HUMAN:sp|Q14542|S29A2_HUMAN:sp|Q9UPU5|UBP24_HUMAN:sp|Q13972|RGRF1_HUMAN:sp|P09455|RET1_HUMAN:sp|Q8N7X0|ADGB_HUMAN:sp|O95600|KLF8_HUMAN:sp|O95155|UBE4B_HUMAN:sp|Q9UNA4|POLI_HUMAN:sp|Q9NYC9|DYH9_HUMAN:sp|A2A3N6|PIPSL_HUMAN:sp|O95229|ZWINT_HUMAN:sp|P50120|RET2_HUMAN:sp|P52179|MYOM1_HUMAN:sp|Q86XI2|CNDG2_HUMAN:sp|Q8NDB2|BANK1_HUMAN:sp|Q9BYG8|GSDMC_HUMAN:sp|P36575|ARRC_HUMAN:sp|Q8NB16|MLKL_HUMAN:sp|O43187|IRAK2_HUMAN:sp|P52744|ZN138_HUMAN:sp|O15068|MCF2L_HUMAN:sp|Q9BQI6|SLF1_HUMAN:sp|P59025|RTP1_HUMAN:sp|P48357|LEPR_HUMAN:sp|Q3SY17|S2552_HUMAN:sp|O95076|ALX3_HUMAN:sp|O75976|CBPD_HUMAN:sp|P59827|BPIB4_HUMAN:sp|P55060|XPO2_HUMAN:sp|P09327|VILI_HUMAN:sp|Q08462|ADCY2_HUMAN:sp|Q08188|TGM3_HUMAN:sp|Q96PH1|NOX5_HUMAN:sp|P83436|COG7_HUMAN:sp|Q99755|PI51A_HUMAN:sp|Q6ZXV5|TMTC3_HUMAN:sp|Q5SXM1|ZN678_HUMAN:sp|Q9BR11|ZSWM1_HUMAN:sp|Q14653|IRF3_HUMAN:sp|Q5VYX0|RNLS_HUMAN:sp|Q96KP1|EXOC2_HUMAN:sp|A2RRD8|ZN320_HUMAN:sp|Q86YT9|JAML_HUMAN:sp|Q9H2T7|RBP17_HUMAN:sp|Q6P2C8|MED27_HUMAN:sp|Q6IQ21|ZN770_HUMAN:sp|Q92539|LPIN2_HUMAN:sp|Q8NEM7|SP20H_HUMAN:sp|Q9H161|ALX4_HUMAN:sp|Q96JB2|COG3_HUMAN:sp|Q9UQE7|SMC3_HUMAN:sp|Q8N8W4|PLPL1_HUMAN:sp|Q9NX46|ADPRS_HUMAN:sp|Q8TF20|ZN721_HUMAN:sp|Q9ULV0|MYO5B_HUMAN:sp|Q8IZH2|XRN1_HUMAN:sp|P57071|PRD15_HUMAN:sp|Q13454|TUSC3_HUMAN:sp|Q58F21|BRDT_HUMAN:sp|Q9BQE4|SELS_HUMAN:sp|O15228|GNPAT_HUMAN:sp|Q03001|DYST_HUMAN:sp|O43865|SAHH2_HUMAN:sp|Q9UPN3|MACF1_HUMAN:sp|Q15699|ALX1_HUMAN:sp|Q9BZ29|DOCK9_HUMAN:sp|Q14517|FAT1_HUMAN,DeepNovo
M(+42.01)(+15.99)KKALKVTKAAKAGPSLVHR,100.09,2191.2986,20,70.0,20,0.3,548.83209,4,33.4882,N/A,0.24,12762,HFX193_IPP292_GEL_CRC_324_Even.raw,6.18E5,3.58E6,1,1,1,1,"Acetylation (N-term);Oxidation (M)",,0 0 0 0 20 17 19 8 8 4 4 0 0 29 5 5 5 8 8 5,M(+42.01)(+15.99)KKALKVTKAAKAGPSLVHR,sp|Q9C0B6|BRNP2_HUMAN:sp|Q9BZZ2|SN_HUMAN:sp|Q8IX15|HOMEZ_HUMAN:sp|O14924|RGS12_HUMAN:sp|P15502|ELN_HUMAN:sp|Q16270|IBP7_HUMAN:sp|Q6ZNA4|RN111_HUMAN:sp|Q3KPI0|CEA21_HUMAN:sp|Q9UL36|ZN236_HUMAN:sp|Q06323|PSME1_HUMAN:sp|P20929|NEBU_HUMAN:sp|B7ZC32|KIF28_HUMAN:DDX27_DEL_A-p.K660Rfs*4_::chr20:49241467-49242467_frame=2:sp|Q9GZU1|MCLN1_HUMAN:sp|Q13428|TCOF_HUMAN:sp|Q14957|NMDE3_HUMAN:sp|Q9H254|SPTN4_HUMAN:sp|P16401|H15_HUMAN:sp|B1AL46|NTM2E_HUMAN:sp|Q16394|EXT1_HUMAN:ESRP1_DEL_A-p.N512Tfs*2_::chr8:94673883-94674883_frame=-2:sp|Q6F5E8|CARL2_HUMAN:sp|Q96JN8|NEUL4_HUMAN:sp|Q9UNA1|RHG26_HUMAN:sp|Q9NZ71|RTEL1_HUMAN:sp|Q99700|ATX2_HUMAN:sp|Q9NRL2|BAZ1A_HUMAN:sp|Q86TX2|ACOT1_HUMAN:sp|Q9C0B7|TNG6_HUMAN:sp|Q96GQ7|DDX27_HUMAN:sp|O43760|SNG2_HUMAN:sp|P24588|AKAP5_HUMAN:sp|P27797|CALR_HUMAN:sp|Q92733|PRCC_HUMAN:sp|Q92506|DHB8_HUMAN:sp|P43304|GPDM_HUMAN:sp|Q9ULI4|KI26A_HUMAN:sp|Q93008|USP9X_HUMAN:sp|Q92900|RENT1_HUMAN:sp|P48444|COPD_HUMAN:sp|Q8NCI6|GLBL3_HUMAN:sp|Q13950|RUNX2_HUMAN:sp|Q76L83|ASXL2_HUMAN:sp|Q9UDY8|MALT1_HUMAN:sp|Q9H341|O51M1_HUMAN:sp|Q4G0J3|LARP7_HUMAN:RPL22_DEL_T-p.K15Rfs*5_::chr1:6197225-6198225_frame=-3:sp|P98082|DAB2_HUMAN:sp|Q8TER0|SNED1_HUMAN:TEAD2_DEL_GG-p.H299Cfs*18_::chr19:49346716-49347717_frame=-3:sp|O15212|PFD6_HUMAN:sp|Q9Y618|NCOR2_HUMAN:tr|A0A075B7D4|A0A075B7D4_HUMAN:sp|Q86V48|LUZP1_HUMAN:sp|Q9H3U1|UN45A_HUMAN:sp|P54253|ATX1_HUMAN:sp|Q9BSW2|EFC4B_HUMAN:sp|Q96T58|MINT_HUMAN:sp|Q9Y6X6|MYO16_HUMAN:sp|A8MW95|BECN2_HUMAN:sp|P14324|FPPS_HUMAN:sp|O14964|HGS_HUMAN:sp|P51606|RENBP_HUMAN:sp|Q6QEF8|CORO6_HUMAN:sp|Q01581|HMCS1_HUMAN:sp|Q14008|CKAP5_HUMAN:sp|P53985|MOT1_HUMAN:sp|P14651|HXB3_HUMAN:sp|P53671|LIMK2_HUMAN:sp|Q96FA3|PELI1_HUMAN:sp|Q9BY07|S4A5_HUMAN:sp|Q8IWT6|LRC8A_HUMAN:sp|Q9BWD3|RTL8A_HUMAN:sp|P23368|MAOM_HUMAN:sp|Q15828|CYTM_HUMAN:sp|Q8TEK3|DOT1L_HUMAN:sp|Q27J81|INF2_HUMAN:sp|O14525|ASTN1_HUMAN:sp|Q3YBR2|TBRG1_HUMAN:sp|Q7L4P6|BEND5_HUMAN:sp|P37837|TALDO_HUMAN:sp|Q96I99|SUCB2_HUMAN:sp|Q03989|ARI5A_HUMAN:sp|Q9H2K2|TNKS2_HUMAN:sp|P21796|VDAC1_HUMAN:sp|Q6SA08|TSSK4_HUMAN:sp|P13945|ADRB3_HUMAN:sp|O15016|TRI66_HUMAN:sp|P38935|SMBP2_HUMAN:sp|Q96PE3|INP4A_HUMAN:sp|P51686|CCR9_HUMAN:sp|A6NES4|MRO2A_HUMAN:sp|Q15075|EEA1_HUMAN:sp|Q16676|FOXD1_HUMAN:sp|P53667|LIMK1_HUMAN:sp|Q6PIJ6|FBX38_HUMAN:sp|Q8IV50|LYSM2_HUMAN:sp|P18887|XRCC1_HUMAN:sp|O43156|TTI1_HUMAN:sp|Q15772|SPEG_HUMAN:sp|Q8NH61|O51F2_HUMAN:sp|Q9NVP1|DDX18_HUMAN:sp|O14829|PPE1_HUMAN:sp|Q9C098|DCLK3_HUMAN:sp|O60942|MCE1_HUMAN:sp|Q99986|VRK1_HUMAN:sp|Q6UXI7|VITRN_HUMAN:sp|Q7Z3H0|PANKY_HUMAN:sp|Q9NQZ2|SAS10_HUMAN:sp|Q9BYD2|RM09_HUMAN:sp|P0CJ88|DU4L5_HUMAN:sp|O75330|HMMR_HUMAN:sp|O96013|PAK4_HUMAN:sp|Q9H6I2|SOX17_HUMAN:sp|P0CJ85|DU4L2_HUMAN:sp|P51826|AFF3_HUMAN:sp|O15228|GNPAT_HUMAN:sp|Q13464|ROCK1_HUMAN:sp|P43007|SATT_HUMAN:sp|Q86X55|CARM1_HUMAN,DeepNovo
M(+42.01)(+15.99)KLPGLAL,29.02,899.5150,8,75.0,8,3.7,900.52563,1,75.6093,N/A,0.35,29704,HFX193_IPP292_GEL_CRC_324_Even.raw,6.92E5,4.83E6,2,2,2,2,"Acetylation (N-term);Oxidation (M)",,0 0 13 3 3 9 27 5,M(+42.01)(+15.99)KLPGLAL,,DeepNovo
M(+42.01)(+15.99)LATRVPF,46.41,991.5161,8,50.0,8,-3.2,496.76370,2,53.9331,N/A,0.36,20924,HFX193_IPP292_GEL_CRC_324_Even.raw,2.42E6,1.58E7,2,2,1,1,"Acetylation (N-term);Oxidation (M)",,0 0 5 3 3 21 1 1,M(+42.01)(+15.99)LATRVPF,,DeepNovo
M(+42.01)(+15.99)LTM(+15.99)YGSHSLK,58.40,1340.6105,11,45.5,11,-4.3,671.30963,2,41.3497,N/A,0.28,15949,HFX193_IPP292_GEL_CRC_324_Odd.raw,,,1,1,0,0,"Acetylation (N-term);Oxidation (M);Oxidation (M)",,0 0 13 17 42 0 0 0 0 14 5,M(+42.01)(+15.99)LTM(+15.99)YGSHSLK,,DeepNovo
M(+42.01)(+15.99)M(+15.99)DKAGGLTT,50.88,1097.4733,10,60.0,10,-3.5,549.74200,2,40.7948,N/A,0.28,15721,HFX193_IPP292_GEL_CRC_324_Even.raw,,,1,1,0,0,"Acetylation (N-term);Oxidation (M);Oxidation (M)",,0 0 23 21 6 0 0 2 5 5,M(+42.01)(+15.99)M(+15.99)DKAGGLTT,,DeepNovo
M(+42.01)(+15.99)M(+15.99)M(+15.99)YTLETKL,36.57,1349.5917,10,70.0,10,-4.4,675.80017,2,72.0988,N/A,0.39,28205,HFX193_IPP292_GEL_CRC_324_Even.raw,4.16E4,4.32E5,1,1,1,1,"Acetylation (N-term);Oxidation (M);Oxidation (M);Oxidation (M)",,0 0 0 3 3 7 11 18 13 5,M(+42.01)(+15.99)M(+15.99)M(+15.99)YTLETKL,sp|Q92843|B2CL2_HUMAN:sp|Q5T0U0|CC122_HUMAN:sp|Q14683|SMC1A_HUMAN:sp|Q8IV03|LUR1L_HUMAN:sp|Q9BZF9|UACA_HUMAN:sp|Q9ULI1|NWD2_HUMAN:sp|Q9Y250|LZTS1_HUMAN:sp|Q86TB9|PATL1_HUMAN:sp|A6NDL7|MT21E_HUMAN:sp|O60241|AGRB2_HUMAN:sp|Q96EF9|ZHX1R_HUMAN:sp|Q6ZSG1|RN165_HUMAN:sp|P49917|DNLI4_HUMAN:sp|Q7L985|LIGO2_HUMAN:sp|Q9UFC0|LRWD1_HUMAN:sp|P02730|B3AT_HUMAN:sp|Q96K31|CH076_HUMAN:sp|Q96ST8|CEP89_HUMAN:sp|Q99996|AKAP9_HUMAN:sp|Q8IZF6|AGRG4_HUMAN:sp|Q13515|BFSP2_HUMAN:sp|A6NDK9|GOG6C_HUMAN:sp|O94985|CSTN1_HUMAN:sp|Q8TBF8|FA81A_HUMAN:sp|Q00597|FANCC_HUMAN:sp|Q9Y4F5|C170B_HUMAN:sp|A0A1B0GU29|SIM28_HUMAN:sp|Q9Y5F2|PCDBB_HUMAN:sp|P0CG33|GOG6D_HUMAN:sp|Q9H2X0|CHRD_HUMAN:sp|Q86Y37|CACL1_HUMAN:sp|O95970|LGI1_HUMAN:sp|Q765P7|MTSS2_HUMAN:sp|P49790|NU153_HUMAN:sp|Q9NZR2|LRP1B_HUMAN:sp|Q6KB66|K2C80_HUMAN:sp|Q86YF9|DZIP1_HUMAN:sp|Q9NXR1|NDE1_HUMAN:sp|Q495T6|MMEL1_HUMAN:sp|Q6UWL6|KIRR2_HUMAN:sp|Q9Y496|KIF3A_HUMAN:sp|A0A1B0GVK7|F240A_HUMAN:sp|P26358|DNMT1_HUMAN:sp|Q8NDM7|CFA43_HUMAN:sp|Q9UFE4|CCD39_HUMAN:sp|P45880|VDAC2_HUMAN:sp|Q9NRI5|DISC1_HUMAN:sp|Q9NYA3|GOG6A_HUMAN:sp|Q9HA90|EFCC1_HUMAN:sp|A1L390|PKHG3_HUMAN:sp|O94986|CE152_HUMAN:sp|P10826|RARB_HUMAN:sp|Q14533|KRT81_HUMAN:sp|O95486|SC24A_HUMAN:sp|A8K2U0|A2ML1_HUMAN:sp|O43593|HAIR_HUMAN:sp|P25940|CO5A3_HUMAN:sp|O60268|K0513_HUMAN:sp|P15260|INGR1_HUMAN:sp|Q6NT04|TIGD7_HUMAN:sp|O75354|ENTP6_HUMAN:sp|Q8IWB9|TEX2_HUMAN:sp|Q9UHF4|I20RA_HUMAN:sp|Q14517|FAT1_HUMAN:sp|Q96CN9|GCC1_HUMAN:sp|Q86Y38|XYLT1_HUMAN:sp|O15015|ZN646_HUMAN:sp|O60928|KCJ13_HUMAN:sp|O95156|NXPH2_HUMAN:sp|Q9H2S1|KCNN2_HUMAN:sp|O75884|RBBP9_HUMAN:sp|Q99698|LYST_HUMAN:sp|P14735|IDE_HUMAN:sp|Q6P2S7|TTC41_HUMAN:sp|Q8WZ42|TITIN_HUMAN:sp|Q16891|MIC60_HUMAN:sp|Q02241|KIF23_HUMAN:sp|Q14643|ITPR1_HUMAN:sp|O14777|NDC80_HUMAN:sp|Q5JPB2|ZN831_HUMAN:sp|Q66K66|TM198_HUMAN:sp|Q9NZ32|ARP10_HUMAN:sp|O43790|KRT86_HUMAN:sp|Q9ULJ1|ODF2L_HUMAN:sp|P78385|KRT83_HUMAN:sp|A8K8P3|SFI1_HUMAN:sp|Q6PKC3|TXD11_HUMAN:sp|Q9ULM0|PKHH1_HUMAN:sp|Q9BXM9|FSD1L_HUMAN:sp|O96007|MOC2B_HUMAN:sp|P60002|ELOF1_HUMAN:sp|P13533|MYH6_HUMAN:sp|A6NDN3|GOG6B_HUMAN:sp|O75923|DYSF_HUMAN:sp|Q9BXB7|SPT16_HUMAN:sp|Q5BJF6|ODFP2_HUMAN:sp|Q63ZY3|KANK2_HUMAN:sp|Q9BUR4|TCAB1_HUMAN:sp|P57679|EVC_HUMAN:sp|O95136|S1PR2_HUMAN:sp|Q6NW40|RGMB_HUMAN:sp|Q8NDA8|MROH1_HUMAN:ACVR2A_DEL_A-p.K437Rfs*5_::chr2:147925617-147926617_frame=-2:sp|Q9BQS8|FYCO1_HUMAN:sp|O15078|CE290_HUMAN:sp|Q9NT99|LRC4B_HUMAN:sp|O00522|KRIT1_HUMAN:sp|P12883|MYH7_HUMAN:sp|Q9Y2L6|FRM4B_HUMAN:sp|B5MCY1|TDR15_HUMAN:sp|Q9Y5F1|PCDBC_HUMAN:sp|Q9BXL8|CDCA4_HUMAN:sp|Q8NFW9|MYRIP_HUMAN:sp|P25054|APC_HUMAN:sp|Q8TBY9|CF251_HUMAN:sp|P03956|MMP1_HUMAN:sp|Q8NCM8|DYHC2_HUMAN:sp|Q03001|DYST_HUMAN:sp|P10276|RARA_HUMAN:sp|Q6PGQ7|BORA_HUMAN,DeepNovo
M(+42.01)(+15.99)PGGLKF,31.58,806.3997,7,28.6,7,1.3,807.40796,1,63.5600,N/A,0.40,24804,HFX193_IPP292_GEL_CRC_324_Even.raw,8.79E4,5.73E5,1,1,1,1,"Acetylation (N-term);Oxidation (M)",,0 0 0 2 10 1 1,M(+42.01)(+15.99)PGGLKF,,DeepNovo
M(+42.01)(+15.99)SEDC(+119.00)AHALHAGVTK,67.06,1745.7170,15,60.0,15,3.8,582.91516,3,55.6915,N/A,0.17,21650,HFX193_IPP292_GEL_CRC_324_Even.raw,,,1,1,0,0,"Acetylation (N-term);Oxidation (M);Cysteinylation",,0 0 2 0 0 25 20 9 9 6 0 0 6 9 5,M(+42.01)(+15.99)SEDC(+119.00)AHALHAGVTK,sp|O15303|GRM6_HUMAN:sp|Q8TE23|TS1R2_HUMAN:sp|Q14832|GRM3_HUMAN:sp|P00505|AATM_HUMAN:sp|Q14416|GRM2_HUMAN:sp|Q8IWA4|MFN1_HUMAN:sp|O95140|MFN2_HUMAN:sp|Q7Z3K6|MIER3_HUMAN:sp|Q9ULT0|TTC7A_HUMAN:sp|O60909|B4GT2_HUMAN:sp|Q9ULK4|MED23_HUMAN:sp|Q14831|GRM7_HUMAN,DeepNovo
M(+42.01)(+15.99)SGTDPVR,41.71,919.4069,8,50.0,8,2.1,460.71170,2,29.6212,N/A,0.35,11164,HFX193_IPP292_GEL_CRC_324_Even.raw,2.13E5,2.36E6,1,1,1,1,"Acetylation (N-term);Oxidation (M)",,0 0 1 1 5 5 2 2,M(+42.01)(+15.99)SGTDPVR,sp|O95155|UBE4B_HUMAN:sp|O95382|M3K6_HUMAN:sp|Q9NX95|SYBU_HUMAN:sp|Q8WVB3|HEXD_HUMAN:sp|Q8NDW4|ZN248_HUMAN:sp|Q86UX7|URP2_HUMAN:sp|O75969|AKAP3_HUMAN:sp|Q13813|SPTN1_HUMAN:sp|Q9Y4D8|HECD4_HUMAN,DeepNovo
M(+42.01)(+15.99)SLEKSARL,37.92,1091.5645,9,55.6,9,0.3,546.78967,2,40.8801,N/A,0.29,15758,HFX193_IPP292_GEL_CRC_324_Odd.raw,,,1,1,0,0,"Acetylation (N-term);Oxidation (M)",,0 0 50 33 15 2 1 1 4,M(+42.01)(+15.99)SLEKSARL,sp|Q6NSI8|SANBR_HUMAN:sp|Q92681|RSCA1_HUMAN:sp|Q96RD6|PANX2_HUMAN:sp|Q2VIQ3|KIF4B_HUMAN:sp|Q8IVL5|P3H2_HUMAN:sp|Q3B8N5|PROX2_HUMAN:sp|Q9P0K1|ADA22_HUMAN:sp|Q8TCN5|ZN507_HUMAN:sp|Q7Z7A1|CNTRL_HUMAN:sp|Q6ZRI8|RHG36_HUMAN:sp|P0C881|R10B1_HUMAN:sp|Q6ZUT9|DEN5B_HUMAN:sp|P17948|VGFR1_HUMAN:sp|Q9UKZ4|TEN1_HUMAN:sp|Q9P2M4|TBC14_HUMAN:sp|Q5SRN2|TSBP1_HUMAN:sp|O95696|BRD1_HUMAN:sp|P36542|ATPG_HUMAN:sp|P22033|MUTA_HUMAN:sp|Q6UX68|XKR5_HUMAN:sp|Q02779|M3K10_HUMAN:sp|Q86WZ6|ZN227_HUMAN:sp|Q7KZF4|SND1_HUMAN:sp|P55201|BRPF1_HUMAN:sp|Q70CQ1|UBP49_HUMAN:sp|Q6BAA4|FCRLB_HUMAN:sp|Q9Y4B5|MTCL1_HUMAN:sp|O95071|UBR5_HUMAN:sp|Q9H246|CA021_HUMAN:sp|Q5K651|SAMD9_HUMAN:sp|Q6WCQ1|MPRIP_HUMAN:sp|Q9NQ66|PLCB1_HUMAN:sp|Q9Y678|COPG1_HUMAN:sp|O75420|GGYF1_HUMAN:sp|Q92521|PIGB_HUMAN:sp|P98175|RBM10_HUMAN:sp|O15062|ZBTB5_HUMAN:sp|Q8J025|APCD1_HUMAN:sp|Q96IR7|HPDL_HUMAN:sp|P42345|MTOR_HUMAN:sp|B2RC85|R10B2_HUMAN:sp|Q9UJ14|GGT7_HUMAN:sp|Q9BYS8|LRRC2_HUMAN:sp|Q9UBF2|COPG2_HUMAN:sp|Q8TC76|F110B_HUMAN:sp|O43313|ATMIN_HUMAN:sp|Q9Y4J8|DTNA_HUMAN:sp|Q12955|ANK3_HUMAN:sp|P04629|NTRK1_HUMAN:sp|Q13813|SPTN1_HUMAN:sp|O00462|MANBA_HUMAN:sp|Q9Y4K1|CRBG1_HUMAN:sp|Q8NCX0|CC150_HUMAN:sp|Q9NYV4|CDK12_HUMAN:sp|Q9H0B8|CRLD2_HUMAN:sp|O60934|NBN_HUMAN:sp|O15534|PER1_HUMAN:sp|P57764|GSDMD_HUMAN:sp|O43374|RASL2_HUMAN:sp|Q8NE18|NSUN7_HUMAN:sp|Q96MC4|C295L_HUMAN:sp|C9J798|RAS4B_HUMAN:sp|P35610|SOAT1_HUMAN:sp|Q6ZMZ3|SYNE3_HUMAN:sp|Q5T686|AVPI1_HUMAN:sp|Q9H3W5|LRRN3_HUMAN,DeepNovo
M(+42.01)(+15.99)TALSLFVP,39.36,1035.5310,9,44.4,9,-1.0,518.77228,2,42.2699,N/A,0.31,16300,HFX193_IPP292_GEL_CRC_324_Even.raw,3.73E5,2.01E6,1,1,1,1,"Acetylation (N-term);Oxidation (M)",,0 0 0 9 1 1 3 3 5,M(+42.01)(+15.99)TALSLFVP,sp|Q9HAR2|AGRL3_HUMAN:sp|Q9NQ25|SLAF7_HUMAN:sp|Q9H7F4|T185B_HUMAN:sp|Q15858|SCN9A_HUMAN:sp|O14727|APAF_HUMAN:sp|Q5SRE7|PHYD1_HUMAN:sp|Q9Y5H3|PCDGA_HUMAN:sp|Q8IVG5|SAM9L_HUMAN:sp|Q9BUB4|ADAT1_HUMAN:sp|Q9Y5H1|PCDG2_HUMAN:sp|Q9Y5L2|HLPDA_HUMAN:sp|Q75QN2|INT8_HUMAN:sp|P78563|RED1_HUMAN:sp|Q9BRP9|YK016_HUMAN:sp|Q07869|PPARA_HUMAN:sp|Q9Y5G8|PCDG5_HUMAN:sp|Q6Q8B3|MO2R2_HUMAN:sp|O96007|MOC2B_HUMAN:sp|Q6NT16|S18B1_HUMAN:sp|P30825|CTR1_HUMAN:sp|Q9H4D5|NXF3_HUMAN:sp|Q6UXG3|CLM9_HUMAN:sp|Q9Y5G9|PCDG4_HUMAN:sp|Q9UKU6|TRHDE_HUMAN:sp|P98161|PKD1_HUMAN:sp|O75493|CAH11_HUMAN:sp|Q8N139|ABCA6_HUMAN:sp|Q9Y5G5|PCDG8_HUMAN:sp|P35498|SCN1A_HUMAN:sp|Q99250|SCN2A_HUMAN:sp|Q9HCX4|TRPC7_HUMAN:sp|Q6ZQQ6|WDR87_HUMAN:sp|O60330|PCDGC_HUMAN:sp|Q9Y5H2|PCDGB_HUMAN:sp|O43699|SIGL6_HUMAN:sp|Q9UN76|S6A14_HUMAN:sp|P08069|IGF1R_HUMAN:sp|Q9NY46|SCN3A_HUMAN:sp|Q7Z2K6|ERMP1_HUMAN:sp|Q8WXG9|AGRV1_HUMAN:sp|Q9Y4K3|TRAF6_HUMAN:sp|Q7Z7L7|ZER1_HUMAN:sp|O75197|LRP5_HUMAN:sp|Q9Y5G7|PCDG6_HUMAN:sp|P13598|ICAM2_HUMAN:sp|Q8IYB8|SUV3_HUMAN:sp|Q8IZF0|NALCN_HUMAN:sp|Q8NGM8|OR6M1_HUMAN:sp|P04839|CY24B_HUMAN:sp|Q8IZH2|XRN1_HUMAN:sp|A4D0V7|CPED1_HUMAN:sp|Q6ZQN7|SO4C1_HUMAN:sp|Q9Y5G6|PCDG7_HUMAN:sp|Q8TC90|CCER1_HUMAN:sp|Q5T4S7|UBR4_HUMAN:sp|Q9NS69|TOM22_HUMAN:sp|Q96D09|GASP2_HUMAN:sp|Q9Y679|AUP1_HUMAN:sp|O95279|KCNK5_HUMAN:sp|Q9NXL2|ARH38_HUMAN:sp|Q15256|PTPRR_HUMAN,DeepNovo
N(+42.01)(+0.98)AVVLHTPF,40.08,1039.5338,9,66.7,9,2.4,520.77545,2,40.7199,N/A,0.33,15693,HFX193_IPP292_GEL_CRC_324_Odd.raw,,,1,1,0,0,"Acetylation (N-term);Deamidation (NQ)",,5 21 6 0 0 0 3 5 5,N(+42.01)(+0.98)AVVLHTPF,,DeepNovo
N(+42.01)(+0.98)LFFVDTLWKN(+0.98)VN(+0.98)R,79.36,1809.8937,14,64.3,14,-0.1,604.30511,3,59.7769,N/A,0.30,23285,HFX193_IPP292_GEL_CRC_324_Even.raw,5.28E5,2.89E6,1,1,1,1,"Acetylation (N-term);Deamidation (NQ);Deamidation (NQ);Deamidation (NQ)",,0 0 0 14 14 0 0 13 26 25 9 2 2 5,N(+42.01)(+0.98)LFFVDTLWKN(+0.98)VN(+0.98)R,sp|Q03989|ARI5A_HUMAN:sp|O15050|TRNK1_HUMAN:sp|Q8IYS0|ASTRC_HUMAN:sp|Q13155|AIMP2_HUMAN:sp|Q92878|RAD50_HUMAN:sp|Q8WXD9|CSKI1_HUMAN:sp|Q9BZC7|ABCA2_HUMAN:sp|Q9BXB4|OSB11_HUMAN:sp|Q14690|RRP5_HUMAN:sp|Q9Y3Y4|PYGO1_HUMAN:sp|Q86XX4|FRAS1_HUMAN,DeepNovo
N(+42.01)(+0.98)PALGVPLVKPKLV,59.89,1486.9122,14,50.0,14,-0.7,496.64435,3,48.1132,N/A,0.24,18703,HFX193_IPP292_GEL_CRC_324_Odd.raw,1.3E5,1.67E6,1,1,1,1,"Acetylation (N-term);Deamidation (NQ)",,0 0 0 5 0 0 3 3 11 13 1 1 3 5,N(+42.01)(+0.98)PALGVPLVKPKLV,sp|Q9P215|POGK_HUMAN:sp|P21817|RYR1_HUMAN:sp|O75694|NU155_HUMAN:sp|Q96J92|WNK4_HUMAN:sp|P16157|ANK1_HUMAN:sp|Q6P2D8|XRRA1_HUMAN:sp|Q6PI77|GASP3_HUMAN:sp|Q8IXK0|PHC2_HUMAN:sp|Q5THR3|EFCB6_HUMAN:sp|Q12772|SRBP2_HUMAN:sp|Q96EU7|C1GLC_HUMAN:sp|P02743|SAMP_HUMAN:sp|P23468|PTPRD_HUMAN:sp|Q5T8P6|RBM26_HUMAN:sp|Q8TF64|GIPC3_HUMAN:sp|Q9Y234|LIPT_HUMAN:sp|Q5SYE7|NHSL1_HUMAN:sp|Q13018|PLA2R_HUMAN:sp|P10586|PTPRF_HUMAN:sp|A6NFU8|PGPIL_HUMAN:sp|Q9BVS5|TR61B_HUMAN:sp|Q14185|DOCK1_HUMAN:sp|Q9NYY8|FAKD2_HUMAN:sp|Q9BY41|HDAC8_HUMAN:sp|A6NGB9|WIPF3_HUMAN:sp|Q9NYC9|DYH9_HUMAN:sp|P52333|JAK3_HUMAN:sp|Q99583|MNT_HUMAN:sp|Q96K21|ANCHR_HUMAN:sp|P78364|PHC1_HUMAN:sp|Q5HYK9|ZN667_HUMAN:sp|Q8NDA2|HMCN2_HUMAN:sp|P51692|STA5B_HUMAN:sp|Q9BU19|ZN692_HUMAN:sp|Q8WU67|ABHD3_HUMAN:sp|Q96RI1|NR1H4_HUMAN:sp|O43147|SGSM2_HUMAN:sp|O14792|HS3S1_HUMAN:sp|Q9P2Q2|FRM4A_HUMAN:sp|Q9UBR5|CKLF_HUMAN:sp|Q9HC56|PCDH9_HUMAN:sp|Q9UBN7|HDAC6_HUMAN:sp|Q9H9K5|MER34_HUMAN:sp|P0C7H9|U17L7_HUMAN:sp|Q92560|BAP1_HUMAN:sp|A6NHX0|CAST2_HUMAN:sp|Q9ULV3|CIZ1_HUMAN:sp|O15054|KDM6B_HUMAN:sp|Q8NFJ5|RAI3_HUMAN:sp|P62910|RL32_HUMAN:sp|P01040|CYTA_HUMAN:sp|Q8N568|DCLK2_HUMAN:sp|O95391|SLU7_HUMAN:sp|Q14190|SIM2_HUMAN:sp|Q70EK9|UBP51_HUMAN:sp|Q9Y6R6|Z780B_HUMAN:sp|O43426|SYNJ1_HUMAN:sp|Q5H9R4|ARMX4_HUMAN:sp|Q96IZ2|ADTRP_HUMAN:sp|Q14974|IMB1_HUMAN:sp|Q8NF50|DOCK8_HUMAN:sp|P42229|STA5A_HUMAN:sp|P47914|RL29_HUMAN:sp|P17948|VGFR1_HUMAN:sp|Q9NQC3|RTN4_HUMAN:sp|Q70E73|RAPH1_HUMAN:sp|Q8WZ42|TITIN_HUMAN:sp|O95714|HERC2_HUMAN:sp|O95793|STAU1_HUMAN:sp|O43678|NDUA2_HUMAN:sp|O14686|KMT2D_HUMAN:sp|Q5VYY2|LIPM_HUMAN:sp|Q9H5F2|CFA68_HUMAN:sp|Q6AHZ1|Z518A_HUMAN:sp|Q8N3X1|FNBP4_HUMAN:sp|P29144|TPP2_HUMAN:sp|P51797|CLCN6_HUMAN:sp|O75592|MYCB2_HUMAN:sp|P13995|MTDC_HUMAN:sp|Q15198|PGFRL_HUMAN:sp|Q8IVF5|TIAM2_HUMAN:sp|Q8N1I8|CAAS1_HUMAN:sp|Q5T1R4|ZEP3_HUMAN:sp|Q5T4T6|SYC2L_HUMAN:sp|Q9UHD8|SEPT9_HUMAN:sp|O60469|DSCAM_HUMAN:sp|P08F94|PKHD1_HUMAN:sp|Q86W24|NAL14_HUMAN:sp|Q9HC57|WFDC1_HUMAN:sp|Q96QT6|PHF12_HUMAN:sp|P08047|SP1_HUMAN:sp|Q86SG2|ANR23_HUMAN:sp|O95602|RPA1_HUMAN:sp|Q15652|JHD2C_HUMAN:sp|O00268|TAF4_HUMAN:sp|Q92540|SMG7_HUMAN:sp|Q8N3K9|CMYA5_HUMAN:sp|Q92547|TOPB1_HUMAN:sp|Q7Z3U7|MON2_HUMAN:sp|Q5HYC2|K2026_HUMAN:sp|Q9UKI8|TLK1_HUMAN:sp|Q92539|LPIN2_HUMAN:sp|Q13439|GOGA4_HUMAN:sp|Q9Y2L6|FRM4B_HUMAN:sp|Q8N9U0|TAC2N_HUMAN:sp|Q14330|GPR18_HUMAN:sp|Q8NG27|PJA1_HUMAN:sp|Q2VPB7|AP5B1_HUMAN:sp|Q9C0G0|ZN407_HUMAN:sp|O75140|DEPD5_HUMAN:sp|O75459|PAGE1_HUMAN:sp|Q8IZH2|XRN1_HUMAN:sp|Q92613|JADE3_HUMAN:sp|Q5J5C9|DB121_HUMAN:sp|O00469|PLOD2_HUMAN:sp|Q8NDX5|PHC3_HUMAN:sp|P31629|ZEP2_HUMAN:sp|Q92736|RYR2_HUMAN:sp|P61769|B2MG_HUMAN:sp|Q5JPI3|CC038_HUMAN,DeepNovo
N(+42.01)(+0.98)RAVVTYFF,32.49,1158.5709,9,44.4,9,-1.4,580.29193,2,64.7676,N/A,0.36,25264,HFX193_IPP292_GEL_CRC_324_Even.raw,1.22E6,5.88E6,1,1,1,1,"Acetylation (N-term);Deamidation (NQ)",,0 0 0 1 0 5 13 17 5,N(+42.01)(+0.98)RAVVTYFF,,DeepNovo
N(+42.01)(+0.98)SAVRAGL,50.67,829.4294,8,75.0,8,2.0,415.72278,2,40.7682,N/A,0.40,15699,HFX193_IPP292_GEL_CRC_324_Even.raw,3.05E5,2.44E6,1,1,1,1,"Acetylation (N-term);Deamidation (NQ)",,0 0 36 36 2 2 5 5,N(+42.01)(+0.98)SAVRAGL,sp|Q8IWV8|UBR2_HUMAN:sp|Q4G0W2|DUS28_HUMAN:sp|O60784|TOM1_HUMAN:sp|P58107|EPIPL_HUMAN:sp|Q9UF56|FXL17_HUMAN:sp|Q53EP0|FND3B_HUMAN:sp|Q6SPF0|SAMD1_HUMAN:sp|Q8NHQ9|DDX55_HUMAN:sp|Q9Y2G0|EFR3B_HUMAN:sp|Q9Y4D8|HECD4_HUMAN:sp|O14894|T4S5_HUMAN:sp|Q5BKX5|ACTMP_HUMAN:sp|Q96RI0|PAR4_HUMAN:sp|Q13895|BYST_HUMAN:sp|Q9P219|DAPLE_HUMAN:sp|Q9H341|O51M1_HUMAN:sp|Q9H0J9|PAR12_HUMAN:sp|Q96EY9|ADAT3_HUMAN:sp|Q8WZ42|TITIN_HUMAN:sp|Q86UD5|SL9B2_HUMAN:sp|Q9NTG1|PKDRE_HUMAN:sp|P0CW18|PRS56_HUMAN:sp|Q9HC07|TM165_HUMAN:sp|Q5T7N8|F27D1_HUMAN:sp|P42338|PK3CB_HUMAN:sp|Q96JB1|DYH8_HUMAN:sp|Q8IZ73|RUSD2_HUMAN:sp|Q9BRJ9|MESP1_HUMAN:sp|Q8N9B4|ANR42_HUMAN:sp|Q9BYL1|SAM10_HUMAN:sp|Q5T4F7|SFRP5_HUMAN:sp|Q9NY33|DPP3_HUMAN:sp|Q5VST9|OBSCN_HUMAN:sp|Q14156|EFR3A_HUMAN:sp|Q08828|ADCY1_HUMAN:sp|O43323|DHH_HUMAN:sp|Q96PD5|PGRP2_HUMAN:sp|Q14588|ZN234_HUMAN:sp|O75069|TMCC2_HUMAN:sp|P34949|MPI_HUMAN:sp|Q9Y3B7|RM11_HUMAN:sp|Q15149|PLEC_HUMAN,DeepNovo
N(+42.01)(+0.98)SFKTAM(+15.99)RL,34.19,1125.5488,9,55.6,9,1.3,563.78241,2,36.8559,N/A,0.34,14029,HFX193_IPP292_GEL_CRC_324_Odd.raw,1.85E6,7.32E6,1,1,1,1,"Acetylation (N-term);Deamidation (NQ);Oxidation (M)",,0 0 3 3 5 0 0 14 5,N(+42.01)(+0.98)SFKTAM(+15.99)RL,,DeepNovo
N(+42.01)(+0.98)SHAELSSC(+119.00)L,43.70,1221.4642,10,40.0,10,-2.9,611.73761,2,37.1667,N/A,0.37,14244,HFX193_IPP292_GEL_CRC_324_Odd.raw,3.11E5,3.48E6,1,1,1,1,"Acetylation (N-term);Deamidation (NQ);Cysteinylation",,0 0 25 8 0 0 0 0 9 5,N(+42.01)(+0.98)SHAELSSC(+119.00)L,,DeepNovo
N(+42.01)(+0.98)SHAREM(+15.99)C(+119.00)L,60.38,1237.4525,9,77.8,9,0.6,619.73395,2,28.9643,N/A,0.38,10905,HFX193_IPP292_GEL_CRC_324_Odd.raw,4.09E5,2.6E6,1,1,1,1,"Acetylation (N-term);Deamidation (NQ);Oxidation (M);Cysteinylation",,0 0 20 10 3 3 4 3 3,N(+42.01)(+0.98)SHAREM(+15.99)C(+119.00)L,,DeepNovo
N(+42.01)(+0.98)SLERVAKSGG,60.61,1159.5833,11,54.5,11,1.5,580.79980,2,33.4870,N/A,0.46,12742,HFX193_IPP292_GEL_CRC_324_Even.raw,2.88E5,3.16E6,1,1,1,1,"Acetylation (N-term);Deamidation (NQ)",,0 0 6 3 0 7 10 34 37 0 0,N(+42.01)(+0.98)SLERVAKSGG,sp|Q12959|DLG1_HUMAN:sp|P58107|EPIPL_HUMAN:sp|Q13395|TARB1_HUMAN:sp|Q8IVE3|PKHH2_HUMAN:sp|P35968|VGFR2_HUMAN:sp|Q5VT06|CE350_HUMAN:sp|Q2KHR3|QSER1_HUMAN:sp|A7E2F4|GOG8A_HUMAN:sp|Q7Z410|TMPS9_HUMAN:sp|Q96B18|DACT3_HUMAN:sp|Q6P158|DHX57_HUMAN:sp|Q8N6Q8|MET25_HUMAN:sp|Q15050|RRS1_HUMAN:sp|A0A096LP49|CC187_HUMAN:sp|P59538|T2R31_HUMAN:sp|O15020|SPTN2_HUMAN:sp|Q86Y26|NUTM1_HUMAN:sp|Q7KZF4|SND1_HUMAN:sp|Q8NFD5|ARI1B_HUMAN:sp|Q14004|CDK13_HUMAN:sp|Q96D71|REPS1_HUMAN:sp|Q08AF8|GOG8F_HUMAN:sp|Q5SW79|CE170_HUMAN:sp|Q9NYB9|ABI2_HUMAN:sp|O95208|EPN2_HUMAN:sp|Q8NAF0|ZN579_HUMAN:sp|P04196|HRG_HUMAN:sp|Q02880|TOP2B_HUMAN:sp|Q5TB30|DEP1A_HUMAN:sp|Q14966|ZN638_HUMAN:sp|O94887|FARP2_HUMAN:sp|Q8NDG6|TDRD9_HUMAN:sp|Q9BXX0|EMIL2_HUMAN:sp|P0DJD0|RGPD1_HUMAN:sp|Q9BV20|MTNA_HUMAN:sp|O15047|SET1A_HUMAN:sp|Q9UJK0|TSR3_HUMAN:sp|P0CJ92|GOG8H_HUMAN:sp|Q86Y56|DAAF5_HUMAN:sp|P60201|MYPR_HUMAN:sp|A6NNM8|TTL13_HUMAN:sp|Q8NDA2|HMCN2_HUMAN:sp|Q9BRS8|LARP6_HUMAN:sp|Q9Y6Z7|COL10_HUMAN:sp|Q14980|NUMA1_HUMAN:sp|A8MQT2|GOG8B_HUMAN:sp|A6NCC3|GOG8O_HUMAN:sp|O00555|CAC1A_HUMAN:sp|O14974|MYPT1_HUMAN:sp|I6L899|GOG8R_HUMAN:sp|Q3B820|F161A_HUMAN:sp|O75578|ITA10_HUMAN:sp|Q9Y597|KCTD3_HUMAN:sp|Q99666|RGPD5_HUMAN:sp|Q7Z494|NPHP3_HUMAN:sp|Q9BWE0|REPI1_HUMAN:sp|A6NN73|GOG8C_HUMAN:sp|Q3B7T1|EDRF1_HUMAN:sp|Q8N653|LZTR1_HUMAN:sp|O00512|BCL9_HUMAN:sp|O75334|LIPA2_HUMAN:tr|A0A1W2PRN1|A0A1W2PRN1_HUMAN:sp|Q15124|PGM5_HUMAN:sp|Q6JQN1|ACD10_HUMAN:sp|P11717|MPRI_HUMAN:sp|Q96HW7|INT4_HUMAN:sp|A6NKT7|RGPD3_HUMAN:sp|H3BPF8|GOG8S_HUMAN:sp|Q18PE1|DOK7_HUMAN:sp|A6NGG8|PCARE_HUMAN:sp|Q9BYP7|WNK3_HUMAN:sp|H3BV12|GOG8Q_HUMAN:sp|P06127|CD5_HUMAN:sp|Q9BYB0|SHAN3_HUMAN:sp|A6NMD2|GOG8J_HUMAN:sp|Q96J94|PIWL1_HUMAN:sp|O14715|RGPD8_HUMAN:sp|Q0D2H9|GOG8D_HUMAN:sp|Q9UK96|FBX10_HUMAN:sp|F8WBI6|GOG8N_HUMAN:sp|P0DW81|PACMP_HUMAN:sp|Q13523|PRP4B_HUMAN:sp|P40306|PSB10_HUMAN:sp|Q96DX7|TRI44_HUMAN:sp|Q9UPN4|CP131_HUMAN:sp|Q96RI9|TAAR9_HUMAN:sp|Q9BQC3|DPH2_HUMAN:sp|Q96FA7|ZB10P_HUMAN:sp|P0DJD1|RGPD2_HUMAN:sp|Q9H0H5|RGAP1_HUMAN:sp|Q6ZMV9|KIF6_HUMAN:sp|Q6ZNJ1|NBEL2_HUMAN:sp|Q6P1N0|C2D1A_HUMAN:sp|Q8N434|SVOPL_HUMAN:sp|Q9H4L5|OSBL3_HUMAN:sp|O75581|LRP6_HUMAN:sp|O15287|FANCG_HUMAN:sp|P46782|RS5_HUMAN:sp|O76070|SYUG_HUMAN:sp|P15538|C11B1_HUMAN:sp|A6NC78|GOG8I_HUMAN:sp|Q9NUA8|ZBT40_HUMAN:sp|Q92636|FAN_HUMAN:sp|O75197|LRP5_HUMAN:sp|Q15723|ELF2_HUMAN:sp|O15018|PDZD2_HUMAN:sp|Q9NQ69|LHX9_HUMAN:sp|Q9P2B2|FPRP_HUMAN:sp|H3BSY2|GOG8M_HUMAN:sp|Q7Z3J3|RGPD4_HUMAN:sp|O75800|ZMY10_HUMAN:sp|Q9UHB4|NDOR1_HUMAN:sp|Q9H7Y0|DIK2B_HUMAN:sp|Q9BX97|PLVAP_HUMAN:sp|P49792|RBP2_HUMAN:sp|O60879|DIAP2_HUMAN:sp|O75145|LIPA3_HUMAN:sp|Q10471|GALT2_HUMAN:sp|Q8N841|TTLL6_HUMAN:sp|O14594|NCAN_HUMAN,DeepNovo
N(+42.01)(+0.98)SLKKVL,26.46,843.5065,7,71.4,7,0.9,422.76093,2,38.1354,N/A,0.46,14654,HFX193_IPP292_GEL_CRC_324_Even.raw,1.64E5,1.84E6,1,1,1,1,"Acetylation (N-term);Deamidation (NQ)",,0 0 8 5 5 5 5,N(+42.01)(+0.98)SLKKVL,sp|Q9Y4I1|MYO5A_HUMAN,DB Search
N(+42.01)(+0.98)SLLRLVSL,34.96,1056.6179,9,66.7,9,1.4,529.31696,2,75.0279,N/A,0.50,29329,HFX193_IPP292_GEL_CRC_324_Even.raw,9.93E5,5.53E6,1,1,1,1,"Acetylation (N-term);Deamidation (NQ)",,0 0 38 20 0 19 25 42 5,N(+42.01)(+0.98)SLLRLVSL,sp|P29728|OAS2_HUMAN:sp|Q14684|RRP1B_HUMAN:sp|Q8N815|CNTD1_HUMAN:sp|Q15646|OASL_HUMAN:sp|Q96JB8|MPP4_HUMAN:sp|P42858|HD_HUMAN:sp|A1L4H1|SRCRL_HUMAN:sp|Q8WYK1|CNTP5_HUMAN:sp|Q96JH7|VCIP1_HUMAN:sp|O75170|PP6R2_HUMAN:sp|Q6ZW31|SYDE1_HUMAN:sp|Q5T2T1|MPP7_HUMAN:sp|Q53GD3|CTL4_HUMAN:sp|O95398|RPGF3_HUMAN:sp|P43652|AFAM_HUMAN:sp|Q9BWT7|CAR10_HUMAN:sp|O75843|AP1G2_HUMAN:sp|P01833|PIGR_HUMAN:sp|Q96JN8|NEUL4_HUMAN:sp|Q9NZ71|RTEL1_HUMAN:sp|P25116|PAR1_HUMAN:sp|Q8NI35|INADL_HUMAN:sp|Q8N7X0|ADGB_HUMAN:sp|O60279|SUSD5_HUMAN:sp|Q9Y5W7|SNX14_HUMAN:sp|Q9BQG0|MBB1A_HUMAN:sp|Q96BW1|UPP_HUMAN:sp|Q68CZ1|FTM_HUMAN:sp|P27216|ANX13_HUMAN:sp|Q9NXW9|ALKB4_HUMAN:sp|P51587|BRCA2_HUMAN:sp|Q9H228|S1PR5_HUMAN:sp|O60840|CAC1F_HUMAN:sp|Q14126|DSG2_HUMAN:sp|Q96RW7|HMCN1_HUMAN:sp|P21359|NF1_HUMAN:sp|Q76L83|ASXL2_HUMAN:sp|Q12809|KCNH2_HUMAN:sp|Q3MIX3|ADCK5_HUMAN:sp|P33261|CP2CJ_HUMAN:sp|P01185|NEU2_HUMAN:sp|Q9NRM0|GTR9_HUMAN:sp|Q14674|ESPL1_HUMAN:sp|Q9NZM6|PK2L2_HUMAN:sp|O75578|ITA10_HUMAN:sp|P28289|TMOD1_HUMAN:sp|Q9P202|WHRN_HUMAN:sp|Q9NQA5|TRPV5_HUMAN:sp|A8MPP1|D11L8_HUMAN:sp|Q9UQF0|SYCY1_HUMAN:sp|Q8TDY2|RBCC1_HUMAN:sp|Q8N5Q1|GAR5B_HUMAN:sp|O60500|NPHN_HUMAN:sp|Q01668|CAC1D_HUMAN:sp|B7Z1M9|C2D4D_HUMAN:sp|Q76KP1|B4GN4_HUMAN:sp|O15230|LAMA5_HUMAN:sp|Q92771|DDX12_HUMAN:sp|A2RRP1|NBAS_HUMAN:sp|Q8WVV5|BT2A2_HUMAN:sp|Q15858|SCN9A_HUMAN:sp|P35557|HXK4_HUMAN:sp|P40197|GPV_HUMAN:sp|Q8IYU2|HACE1_HUMAN:sp|Q9C091|GRB1L_HUMAN:sp|O94832|MYO1D_HUMAN:sp|Q86VH5|LRRT3_HUMAN:sp|Q8NBZ7|UXS1_HUMAN:sp|Q99650|OSMR_HUMAN:sp|Q9NR99|MXRA5_HUMAN:sp|O94906|PRP6_HUMAN:sp|Q9H252|KCNH6_HUMAN:sp|P22459|KCNA4_HUMAN:sp|Q13936|CAC1C_HUMAN:sp|Q9BTV6|DPH7_HUMAN:sp|O00754|MA2B1_HUMAN:sp|P38935|SMBP2_HUMAN:sp|Q96CX6|LRC58_HUMAN:sp|Q9UPU5|UBP24_HUMAN:sp|Q9BUA6|MYL10_HUMAN:sp|Q8IY21|DDX60_HUMAN:sp|Q6UX46|ALKL2_HUMAN:sp|Q96FC9|DDX11_HUMAN:sp|Q9UBP0|SPAST_HUMAN:sp|O95071|UBR5_HUMAN:sp|Q4ZG55|GREB1_HUMAN:sp|O00231|PSD11_HUMAN:sp|O14746|TERT_HUMAN:sp|Q86XI2|CNDG2_HUMAN:sp|Q96M86|DNHD1_HUMAN:sp|Q6W3E5|GDPD4_HUMAN:sp|O43149|ZZEF1_HUMAN:sp|P32019|I5P2_HUMAN:sp|P42345|MTOR_HUMAN:sp|P00973|OAS1_HUMAN:sp|O95202|LETM1_HUMAN:sp|Q0D2K0|NIPA4_HUMAN:sp|A6NIK2|LR10B_HUMAN:sp|Q6ZQN5|FOXI2_HUMAN:sp|Q13698|CAC1S_HUMAN:sp|Q9NT22|EMIL3_HUMAN:sp|Q86TM6|SYVN1_HUMAN:sp|Q8TF17|S3TC2_HUMAN:sp|Q5VY09|IER5_HUMAN:sp|P20062|TCO2_HUMAN:sp|Q92538|GBF1_HUMAN:sp|P35236|PTN7_HUMAN:sp|P34903|GBRA3_HUMAN:sp|O75716|STK16_HUMAN:sp|Q9BVG9|PTSS2_HUMAN:sp|P19338|NUCL_HUMAN:sp|Q07864|DPOE1_HUMAN:sp|P11217|PYGM_HUMAN:sp|Q9P1A2|PP4RL_HUMAN:sp|Q9NR09|BIRC6_HUMAN:sp|Q9HAQ2|KIF9_HUMAN:sp|Q6UY09|CEA20_HUMAN:sp|Q96JM2|ZN462_HUMAN:sp|Q9Y6G1|TM14A_HUMAN:sp|Q96IY4|CBPB2_HUMAN,DeepNovo
N(+42.01)(+0.98)SLM(+15.99)KL,24.79,763.3786,6,66.7,6,0.9,382.69693,2,42.4256,N/A,0.48,16378,HFX193_IPP292_GEL_CRC_324_Even.raw,4.74E5,2.34E6,1,1,1,1,"Acetylation (N-term);Deamidation (NQ);Oxidation (M)",,0 0 34 34 15 5,N(+42.01)(+0.98)SLM(+15.99)KL,sp|P28223|5HT2A_HUMAN:sp|P11509|CP2A6_HUMAN:sp|Q16696|CP2AD_HUMAN,DB Search
N(+42.01)(+0.98)SLRRHLEL,24.16,1179.6360,9,55.6,9,1.6,394.21991,3,42.4775,N/A,0.26,16365,HFX193_IPP292_GEL_CRC_324_Even.raw,3.75E6,2.11E7,2,2,2,2,"Acetylation (N-term);Deamidation (NQ)",,0 0 11 0 1 15 38 38 5,N(+42.01)(+0.98)SLRRHLEL,,DeepNovo
N(+42.01)(+0.98)SYERARRL,38.61,1206.6105,9,22.2,9,1.1,604.31317,2,31.3693,N/A,0.23,11872,HFX193_IPP292_GEL_CRC_324_Even.raw,3.23E7,2.04E8,4,4,4,4,"Acetylation (N-term);Deamidation (NQ)",,1 1 0 0 1 0 0 2 5,N(+42.01)(+0.98)SYERARRL,sp|Q3L8U1|CHD9_HUMAN:sp|Q9HCK8|CHD8_HUMAN:sp|Q9P2D1|CHD7_HUMAN:sp|Q8TD26|CHD6_HUMAN,DeepNovo
N(+42.01)(+0.98)SYERRSL,30.30,1066.5043,8,25.0,8,1.4,534.26019,2,33.3091,N/A,0.40,12679,HFX193_IPP292_GEL_CRC_324_Even.raw,1.57E5,3.31E6,1,1,1,1,"Acetylation (N-term);Deamidation (NQ)",,0 0 0 0 1 1 2 2,N(+42.01)(+0.98)SYERRSL,,DeepNovo
N(+42.01)(+0.98)SYRKKGGAKL,40.04,1263.6935,11,36.4,11,0.0,422.23843,3,21.3103,N/A,0.31,7834,HFX193_IPP292_GEL_CRC_324_Odd.raw,1.08E6,1.13E7,2,2,1,1,"Acetylation (N-term);Deamidation (NQ)",,0 0 0 1 1 4 0 0 2 17 5,N(+42.01)(+0.98)SYRKKGGAKL,sp|Q14684|RRP1B_HUMAN:sp|Q6MZZ7|CAN13_HUMAN:sp|P17858|PFKAL_HUMAN:sp|Q6ZVW7|I17EL_HUMAN:sp|Q9P0X4|CAC1I_HUMAN:sp|Q9Y6Q1|CAN6_HUMAN:sp|Q9NW81|DMAC2_HUMAN:sp|O43424|GRID2_HUMAN:sp|Q8N264|RHG24_HUMAN:sp|Q86TB9|PATL1_HUMAN:sp|Q96IZ7|RSRC1_HUMAN:sp|O15050|TRNK1_HUMAN:sp|O75051|PLXA2_HUMAN:sp|Q8TCT8|SPP2A_HUMAN:sp|P83859|OX26_HUMAN:sp|P35625|TIMP3_HUMAN:sp|Q9Y6K1|DNM3A_HUMAN:sp|Q8WZ42|TITIN_HUMAN:sp|P62805|H4_HUMAN:sp|P04406|G3P_HUMAN:sp|P56177|DLX1_HUMAN:sp|Q9BQ83|SLX1_HUMAN:sp|Q99525|H4G_HUMAN:sp|O95180|CAC1H_HUMAN:sp|Q6P3S1|DEN1B_HUMAN:sp|Q14093|CYLC2_HUMAN:sp|Q8IYN6|UBAD2_HUMAN:sp|Q9Y6Q6|TNR11_HUMAN:sp|Q8NFD5|ARI1B_HUMAN:sp|Q96KN3|PKNX2_HUMAN:sp|Q8IZA3|H18_HUMAN:sp|Q495M9|USH1G_HUMAN:sp|Q9NW15|ANO10_HUMAN:sp|Q8IXF0|NPAS3_HUMAN:sp|O75061|AUXI_HUMAN:sp|Q9NUQ6|SPS2L_HUMAN:sp|Q9HBD1|RC3H2_HUMAN:sp|Q9NPG8|ZDHC4_HUMAN:sp|Q9NWW0|HPIP_HUMAN:sp|Q96RL7|VP13A_HUMAN:sp|P47972|NPTX2_HUMAN:sp|P57772|SELB_HUMAN:sp|O00408|PDE2A_HUMAN:sp|Q9BPX7|CG025_HUMAN:sp|P53597|SUCA_HUMAN:sp|P20702|ITAX_HUMAN:sp|P08F94|PKHD1_HUMAN:sp|P27105|STOM_HUMAN:sp|Q53EL6|PDCD4_HUMAN:sp|P04279|SEMG1_HUMAN:sp|Q9UQ16|DYN3_HUMAN:sp|A6NKB5|PCX2_HUMAN:sp|P48449|LSS_HUMAN:sp|A6NCN8|TEX52_HUMAN:sp|P02458|CO2A1_HUMAN:tr|A0A494C030|A0A494C030_HUMAN:sp|Q8IX03|KIBRA_HUMAN:sp|P10301|RRAS_HUMAN:sp|Q9BWC9|CC106_HUMAN:sp|P08069|IGF1R_HUMAN:sp|Q9H936|GHC1_HUMAN:sp|Q96JP2|MY15B_HUMAN:sp|Q9GZY0|NXF2_HUMAN:sp|Q9H4L4|SENP3_HUMAN:sp|Q8WXG9|AGRV1_HUMAN:sp|P29536|LMOD1_HUMAN:sp|Q8NC96|NECP1_HUMAN:sp|Q01813|PFKAP_HUMAN:sp|Q9UFP1|GAK1A_HUMAN:sp|P52306|GDS1_HUMAN:sp|Q5JRX3|PREP_HUMAN:sp|P05997|CO5A2_HUMAN:sp|Q9Y597|KCTD3_HUMAN:sp|P51531|SMCA2_HUMAN:sp|O60303|KATIP_HUMAN:sp|Q15048|LRC14_HUMAN:sp|Q6IE81|JADE1_HUMAN:sp|P07307|ASGR2_HUMAN:sp|Q92613|JADE3_HUMAN:sp|O14920|IKKB_HUMAN:sp|O76094|SRP72_HUMAN:sp|Q9ULX6|AKP8L_HUMAN:sp|O15534|PER1_HUMAN:sp|Q12873|CHD3_HUMAN:sp|Q8TF21|ANR24_HUMAN:sp|Q13416|ORC2_HUMAN:sp|Q9UJM3|ERRFI_HUMAN:sp|Q99575|POP1_HUMAN,DeepNovo
N(+42.01)(+0.98)TFTLALGGLKVKL,55.79,1516.8865,14,57.1,14,2.8,506.63751,3,55.9477,N/A,0.17,21754,HFX193_IPP292_GEL_CRC_324_Even.raw,,,1,1,0,0,"Acetylation (N-term);Deamidation (NQ)",,0 0 0 0 10 10 46 0 0 14 5 5 9 5,N(+42.01)(+0.98)TFTLALGGLKVKL,sp|Q13772|NCOA4_HUMAN:sp|O60779|S19A2_HUMAN:sp|O95006|OR2F2_HUMAN:sp|Q8N283|ANR35_HUMAN:sp|Q9H7Z7|PGES2_HUMAN:sp|P58107|EPIPL_HUMAN:sp|Q9NSC7|SIA7A_HUMAN:sp|Q9NPD5|SO1B3_HUMAN:sp|O43173|SIA8C_HUMAN:sp|Q9Y256|FACE2_HUMAN:sp|Q9UKZ4|TEN1_HUMAN:sp|Q13428|TCOF_HUMAN:sp|Q75QN2|INT8_HUMAN:sp|Q8N441|FGRL1_HUMAN:sp|Q8N6W0|CELF5_HUMAN:sp|Q6IQ26|DEN5A_HUMAN:sp|P55268|LAMB2_HUMAN:sp|P28698|MZF1_HUMAN:sp|Q9ULC8|ZDHC8_HUMAN:sp|Q9P1Z9|CC180_HUMAN:sp|Q9H2X9|S12A5_HUMAN:sp|Q9Y5I4|PCDC2_HUMAN:sp|Q3KNT9|TMM95_HUMAN:sp|P30408|T4S1_HUMAN:sp|Q9Y4C0|NRX3A_HUMAN:sp|Q92733|PRCC_HUMAN:sp|Q14D04|MELT_HUMAN:sp|O95319|CELF2_HUMAN:sp|O95996|APCL_HUMAN:sp|Q9H5Z6|F124B_HUMAN:sp|Q765P7|MTSS2_HUMAN:sp|Q96N66|MBOA7_HUMAN:sp|Q2WGJ9|FR1L6_HUMAN:sp|Q96N67|DOCK7_HUMAN:sp|Q9H3Q3|G3ST2_HUMAN:sp|A0A1B0GUA9|CM046_HUMAN:sp|P59827|BPIB4_HUMAN:sp|Q6ZMD2|SPNS3_HUMAN:sp|Q9NY47|CA2D2_HUMAN:sp|Q8N1K5|THMS1_HUMAN:TEAD2_DEL_GG-p.H299Cfs*18_::chr19:49346716-49347717_frame=3:sp|Q96QK1|VPS35_HUMAN:sp|Q9HAU8|RNPL1_HUMAN:sp|Q8N4B5|PRR18_HUMAN:sp|Q1EHB4|SC5AC_HUMAN:sp|Q17RB8|LONF1_HUMAN:sp|Q6P4F7|RHGBA_HUMAN:sp|Q8N6F1|CLD19_HUMAN:sp|Q96T58|MINT_HUMAN:sp|O60500|NPHN_HUMAN:sp|O15054|KDM6B_HUMAN:sp|Q96R54|O14A2_HUMAN:sp|Q9NX61|T161A_HUMAN:sp|O96009|NAPSA_HUMAN:sp|Q9Y2D2|S35A3_HUMAN:sp|Q5XPI4|RN123_HUMAN:sp|Q6ZN28|MACC1_HUMAN:sp|Q9NRM7|LATS2_HUMAN:sp|Q86W11|ZSC30_HUMAN:sp|Q9Y3D3|RT16_HUMAN:sp|Q9BPX3|CND3_HUMAN:sp|Q9H799|CPLN1_HUMAN:sp|Q9UFH2|DYH17_HUMAN:sp|D6RF30|GOG8K_HUMAN:sp|Q86VQ0|LCA5_HUMAN:sp|Q14974|IMB1_HUMAN:sp|Q05940|VMAT2_HUMAN:sp|Q02817|MUC2_HUMAN:sp|Q8N5S1|S2541_HUMAN:sp|Q96PY5|FMNL2_HUMAN:sp|Q96BJ8|ELMO3_HUMAN:sp|A2VDJ0|T131L_HUMAN:sp|Q96JM4|LRIQ1_HUMAN:sp|Q6UXP3|TM14E_HUMAN:sp|O96008|TOM40_HUMAN:sp|Q9BYV8|CEP41_HUMAN:sp|Q9UJ42|GP160_HUMAN:sp|Q5UE93|PI3R6_HUMAN:sp|P23396|RS3_HUMAN:sp|Q8NFC6|BD1L1_HUMAN:sp|Q8IUL8|CILP2_HUMAN:sp|O75445|USH2A_HUMAN:SEC31A_DEL_T-p.I462Lfs*16_::chr4:82863912-82864912_frame=-2:sp|Q9NPY3|C1QR1_HUMAN:sp|Q9P244|LRFN1_HUMAN:sp|Q15849|UT2_HUMAN:sp|P51800|CLCKA_HUMAN:sp|Q9NTN9|SEM4G_HUMAN:sp|O15260|SURF4_HUMAN:sp|Q8TC05|MDM1_HUMAN:sp|Q5SRH9|TT39A_HUMAN:sp|Q7Z407|CSMD3_HUMAN:sp|Q16586|SGCA_HUMAN:sp|O75976|CBPD_HUMAN:sp|O95466|FMNL1_HUMAN:sp|Q16363|LAMA4_HUMAN:sp|P49915|GUAA_HUMAN:sp|Q7Z3T8|ZFY16_HUMAN:sp|Q9UIG0|BAZ1B_HUMAN:sp|Q96H72|S39AD_HUMAN:sp|A6NC78|GOG8I_HUMAN:sp|Q9H4M9|EHD1_HUMAN:sp|Q9Y2I2|NTNG1_HUMAN:sp|Q6ZMR3|LDH6A_HUMAN:sp|A6NGN9|IGLO5_HUMAN:sp|Q9Y666|S12A7_HUMAN:sp|Q8N695|SC5A8_HUMAN:sp|Q9NQZ2|SAS10_HUMAN:sp|H3BSY2|GOG8M_HUMAN:sp|Q8IYW2|CFA46_HUMAN:sp|Q9HAV5|TNR27_HUMAN:sp|P78348|ASIC1_HUMAN:sp|Q92613|JADE3_HUMAN:sp|P83110|HTRA3_HUMAN:sp|Q14676|MDC1_HUMAN:sp|Q16821|PPR3A_HUMAN:sp|Q9BYK8|HELZ2_HUMAN:sp|O00623|PEX12_HUMAN:sp|Q8TDW7|FAT3_HUMAN:sp|Q8NCM8|DYHC2_HUMAN,DeepNovo
N(+42.01)(+0.98)VM(+15.99)YYPGLADFHF,75.18,1631.6967,13,53.8,13,-3.2,816.85297,2,42.6096,N/A,0.27,16416,HFX193_IPP292_GEL_CRC_324_Odd.raw,4.33E5,2.15E6,1,1,1,1,"Acetylation (N-term);Deamidation (NQ);Oxidation (M)",,0 0 1 1 23 11 3 3 8 7 3 0 0,N(+42.01)(+0.98)VM(+15.99)YYPGLADFHF,sp|P0CJ87|DU4L4_HUMAN:sp|Q9Y4F9|RIPR2_HUMAN:sp|Q6RFH8|DUX4C_HUMAN:sp|Q562R1|ACTBL_HUMAN:sp|P06681|CO2_HUMAN:sp|Q96PT3|DUX5_HUMAN:sp|O75691|UTP20_HUMAN:sp|Q8IXK0|PHC2_HUMAN:sp|P02679|FIBG_HUMAN:sp|Q6ZVD7|STOX1_HUMAN:sp|P0CJ90|DU4L7_HUMAN:sp|O43854|EDIL3_HUMAN:sp|Q96EX2|RNFT2_HUMAN:sp|Q9ULG1|INO80_HUMAN:sp|P68133|ACTS_HUMAN:tr|A0A1B0GW55|A0A1B0GW55_HUMAN:sp|Q96HZ7|URAS1_HUMAN:sp|Q9HBL0|TENS1_HUMAN:sp|Q9BYX7|ACTBM_HUMAN:sp|Q6ZS92|YD022_HUMAN:sp|Q00597|FANCC_HUMAN:sp|Q5JTC6|AMER1_HUMAN:sp|Q8IVF5|TIAM2_HUMAN:sp|P68032|ACTC_HUMAN:sp|Q03112|MECOM_HUMAN:sp|P60709|ACTB_HUMAN:sp|P0CJ86|DU4L3_HUMAN:sp|O43812|DUX1_HUMAN:sp|P62736|ACTA_HUMAN:sp|Q9NVA4|T184C_HUMAN:sp|Q8IZJ1|UNC5B_HUMAN:sp|P11216|PYGB_HUMAN:sp|P63261|ACTG_HUMAN:sp|Q8TCU4|ALMS1_HUMAN:sp|Q9BQ67|GRWD1_HUMAN:sp|Q86SJ6|DSG4_HUMAN:sp|Q8NC96|NECP1_HUMAN:sp|O95807|TM50A_HUMAN:sp|P56557|TM50B_HUMAN:sp|Q9H9Y6|RPA2_HUMAN:sp|Q1EHB4|SC5AC_HUMAN:sp|O75052|CAPON_HUMAN:sp|P0CJ89|DU4L6_HUMAN:sp|Q96PN6|ADCYA_HUMAN:sp|P0CJ88|DU4L5_HUMAN:sp|Q96PT4|DUX3_HUMAN:sp|Q96D53|COQ8B_HUMAN:sp|Q8WV15|T255B_HUMAN:sp|P63267|ACTH_HUMAN:sp|P0CJ85|DU4L2_HUMAN:sp|Q9C0A0|CNTP4_HUMAN:sp|Q9C0H9|SRCN1_HUMAN,DeepNovo
N(+42.01)(+0.98)YDHHHHHSGV,67.19,1381.5548,11,72.7,11,-3.4,461.52396,3,23.8783,N/A,0.33,8836,HFX193_IPP292_GEL_CRC_324_Even.raw,1.46E5,1.86E6,1,1,1,1,"Acetylation (N-term);Deamidation (NQ)",,0 0 0 11 9 9 7 3 3 8 5,N(+42.01)(+0.98)YDHHHHHSGV,sp|P51512|MMP16_HUMAN:sp|P52849|NDST2_HUMAN:sp|O15403|MOT7_HUMAN:sp|P52848|NDST1_HUMAN:sp|Q9NYY3|PLK2_HUMAN:sp|Q9Y2T1|AXIN2_HUMAN:sp|O95803|NDST3_HUMAN:sp|O95409|ZIC2_HUMAN:sp|Q9P0U3|SENP1_HUMAN:sp|Q9H3R1|NDST4_HUMAN:sp|Q9Y6M5|ZNT1_HUMAN:sp|P51608|MECP2_HUMAN:sp|Q53LP3|SWAHC_HUMAN,DeepNovo
N(+42.01)(+0.98)YDHHHHHSGVN(+0.98)A,80.05,1567.6189,13,76.9,13,-2.3,784.81488,2,25.0152,N/A,0.56,9281,HFX193_IPP292_GEL_CRC_324_Even.raw,6.37E6,4.51E7,4,4,4,4,"Acetylation (N-term);Deamidation (NQ);Deamidation (NQ)",,0 0 0 25 23 19 21 24 6 6 15 16 5,N(+42.01)(+0.98)YDHHHHHSGVN(+0.98)A,sp|O94875|SRBS2_HUMAN:sp|Q12837|PO4F2_HUMAN:sp|P25490|TYY1_HUMAN:sp|Q9NY64|GTR8_HUMAN:sp|Q5VYV0|FOXB2_HUMAN:sp|Q6ZNA4|RN111_HUMAN:sp|A8MV65|VGLL3_HUMAN:sp|Q8NDT2|RB15B_HUMAN:sp|Q9UN67|PCDBA_HUMAN:sp|Q96AQ6|PBIP1_HUMAN:sp|I3L3R5|CCER2_HUMAN:sp|Q5JU85|IQEC2_HUMAN:sp|Q3B7T3|BEAN1_HUMAN:sp|Q4VCS5|AMOT_HUMAN:sp|P52655|TF2AA_HUMAN:sp|B4DU55|ZN879_HUMAN:sp|Q2VWA4|SKOR2_HUMAN:sp|P22681|CBL_HUMAN:sp|Q8NFD5|ARI1B_HUMAN:sp|Q9Y6M5|ZNT1_HUMAN:sp|P32242|OTX1_HUMAN:sp|P49639|HXA1_HUMAN:sp|Q9HCL0|PCD18_HUMAN:sp|Q8WXX7|AUTS2_HUMAN:sp|O95271|TNKS1_HUMAN:sp|O43497|CAC1G_HUMAN:sp|Q9BZM3|GSX2_HUMAN:sp|O60563|CCNT1_HUMAN:sp|Q9H3R1|NDST4_HUMAN:sp|Q8NHW3|MAFA_HUMAN:sp|Q7Z417|NUFP2_HUMAN:sp|O00555|CAC1A_HUMAN:sp|P51608|MECP2_HUMAN:sp|Q6P1X5|TAF2_HUMAN:sp|Q53LP3|SWAHC_HUMAN:sp|Q5HYJ3|FA76B_HUMAN:sp|Q96PV0|SYGP1_HUMAN:sp|Q96EV2|RBM33_HUMAN:sp|O00257|CBX4_HUMAN:sp|Q7L2J0|MEPCE_HUMAN:sp|P22732|GTR5_HUMAN:sp|Q9UBE8|NLK_HUMAN:sp|Q9Y566|SHAN1_HUMAN:sp|P55316|FOXG1_HUMAN:sp|Q9H223|EHD4_HUMAN:sp|O95803|NDST3_HUMAN:sp|Q9P0U3|SENP1_HUMAN:sp|Q92908|GATA6_HUMAN:sp|P23327|SRCH_HUMAN:sp|Q00975|CAC1B_HUMAN:sp|P52849|NDST2_HUMAN:sp|P24821|TENA_HUMAN:sp|Q9NYY3|PLK2_HUMAN:sp|Q13627|DYR1A_HUMAN:sp|Q9Y2L9|LRCH1_HUMAN:sp|Q8TF61|FBX41_HUMAN:sp|Q9NSY1|BMP2K_HUMAN:sp|P58505|CU058_HUMAN:sp|Q03052|PO3F1_HUMAN:sp|Q9Y2X9|ZN281_HUMAN:sp|Q6UXD1|HRCT1_HUMAN:sp|Q8WYQ9|ZCH14_HUMAN:sp|O95180|CAC1H_HUMAN:sp|Q969G9|NKD1_HUMAN:sp|P52848|NDST1_HUMAN:sp|Q13433|S39A6_HUMAN:sp|P54259|ATN1_HUMAN:sp|P55201|BRPF1_HUMAN:sp|Q9Y2T1|AXIN2_HUMAN:sp|Q969F2|NKD2_HUMAN:sp|O95948|ONEC2_HUMAN:sp|A6QL63|ABTB3_HUMAN:sp|P22735|TGM1_HUMAN:sp|O60481|ZIC3_HUMAN:sp|Q9Y5Q3|MAFB_HUMAN:sp|Q9ULE3|DEN2A_HUMAN:sp|Q1XH10|SKDA1_HUMAN:sp|Q70CQ2|UBP34_HUMAN:sp|P31269|HXA9_HUMAN:sp|Q92570|NR4A3_HUMAN:sp|O15083|ERC2_HUMAN:sp|Q9BYZ6|RHBT2_HUMAN:sp|Q12947|FOXF2_HUMAN:sp|Q99946|PRRT1_HUMAN:sp|O15014|ZN609_HUMAN:sp|O60885|BRD4_HUMAN:sp|O95409|ZIC2_HUMAN:sp|O75444|MAF_HUMAN:sp|O43900|PRIC3_HUMAN:sp|Q9Y5E1|PCDB9_HUMAN:sp|Q07687|DLX2_HUMAN:sp|P51512|MMP16_HUMAN:sp|P20264|PO3F3_HUMAN:sp|O95886|DLGP3_HUMAN:sp|O15403|MOT7_HUMAN:sp|Q08174|PCDH1_HUMAN:sp|Q9UBC0|HNF6_HUMAN:sp|Q32M88|PGGHG_HUMAN:sp|O96004|HAND1_HUMAN:sp|P50222|MEOX2_HUMAN:sp|P26367|PAX6_HUMAN:sp|Q9HCK8|CHD8_HUMAN:sp|Q01851|PO4F1_HUMAN:sp|Q9H4Q3|PRD13_HUMAN:sp|O14594|NCAN_HUMAN,DeepNovo
P(+42.01)AFKLGLAKSL,56.50,1185.7122,11,72.7,11,1.2,593.86401,2,67.7587,-6.5413,0.37,26478,HFX193_IPP292_GEL_CRC_324_Even.raw,1.84E5,1.44E6,1,1,1,1,"Acetylation (N-term)",,0 0 0 4 8 2 2 4 8 13 5,P(+42.01)AFKLGLAKSL,DOCK3_DEL_C-p.P1852Qfs*45_::chr3:51379673-51380673_frame=-2:sp|P54284|CACB3_HUMAN:sp|O94929|ABLM3_HUMAN:sp|Q53FZ2|ACSM3_HUMAN:sp|A0AVI2|FR1L5_HUMAN:sp|Q70Z35|PREX2_HUMAN:sp|P0C646|O52Z1_HUMAN:sp|Q8WWZ7|ABCA5_HUMAN:sp|P42694|HELZ_HUMAN:sp|Q9UMQ3|BARX2_HUMAN:sp|Q9ULM3|YETS2_HUMAN:sp|P48637|GSHB_HUMAN:sp|Q8NF37|PCAT1_HUMAN:sp|Q15517|CDSN_HUMAN:sp|O60291|MGRN1_HUMAN:sp|Q7Z4L9|PPR42_HUMAN:sp|Q86XP3|DDX42_HUMAN:sp|Q8NGJ5|O51L1_HUMAN:sp|Q9ULU8|CAPS1_HUMAN:sp|Q6N043|Z280D_HUMAN:sp|Q9Y2P5|S27A5_HUMAN:sp|Q107X0|KRIP1_HUMAN:sp|Q86WI3|NLRC5_HUMAN:sp|Q8WU76|SCFD2_HUMAN:sp|Q9Y5E7|PCDB2_HUMAN:sp|Q9C0G6|DYH6_HUMAN:sp|Q16512|PKN1_HUMAN:sp|P31937|3HIDH_HUMAN:sp|Q14694|UBP10_HUMAN:sp|P63133|POK8_HUMAN:sp|Q13620|CUL4B_HUMAN:sp|Q8N9X5|TMM75_HUMAN:sp|Q5QJU3|ACER2_HUMAN:sp|Q96MK2|RIPR3_HUMAN:sp|Q8TDF6|GRP4_HUMAN:sp|Q9Y5G5|PCDG8_HUMAN:sp|Q04828|AK1C1_HUMAN:sp|Q9UIW2|PLXA1_HUMAN:sp|Q9BRD0|BUD13_HUMAN:sp|P49321|NASP_HUMAN:sp|Q02410|APBA1_HUMAN:sp|Q9BRN9|TM2D3_HUMAN:sp|Q9Y5S8|NOX1_HUMAN:sp|O00533|NCHL1_HUMAN:sp|P45954|ACDSB_HUMAN:sp|Q6P1X5|TAF2_HUMAN:sp|Q9H313|TTYH1_HUMAN:sp|P09488|GSTM1_HUMAN:sp|Q96P69|GPR78_HUMAN:sp|Q9UKN1|MUC12_HUMAN:sp|Q86W26|NAL10_HUMAN:sp|O95359|TACC2_HUMAN:sp|P09769|FGR_HUMAN:sp|Q9NTJ4|MA2C1_HUMAN:sp|P17813|EGLN_HUMAN:sp|Q15417|CNN3_HUMAN:sp|Q13148|TADBP_HUMAN:sp|P25940|CO5A3_HUMAN:sp|Q96D53|COQ8B_HUMAN:sp|Q9Y6X6|MYO16_HUMAN:sp|O75398|DEAF1_HUMAN:sp|Q9UJ55|MAGL2_HUMAN:sp|Q52WX2|SBK1_HUMAN:sp|Q9UHC9|NPCL1_HUMAN:sp|Q9NRA2|S17A5_HUMAN:sp|Q9ULD9|ZN608_HUMAN:sp|Q9NSP4|CENPM_HUMAN:sp|Q86UQ4|ABCAD_HUMAN:sp|O95985|TOP3B_HUMAN:sp|Q7L014|DDX46_HUMAN:sp|Q15063|POSTN_HUMAN:sp|Q5HYA8|MKS3_HUMAN:sp|Q9Y2I6|NINL_HUMAN:sp|Q9P0K1|ADA22_HUMAN:sp|Q8TEK3|DOT1L_HUMAN:sp|P08514|ITA2B_HUMAN:sp|Q9UNK9|ANGE1_HUMAN:sp|Q13576|IQGA2_HUMAN:sp|P01266|THYG_HUMAN:sp|P78414|IRX1_HUMAN:sp|P28161|GSTM2_HUMAN:sp|Q16891|MIC60_HUMAN:sp|P00441|SODC_HUMAN:sp|P02549|SPTA1_HUMAN:sp|P50613|CDK7_HUMAN:sp|Q9ULE0|WWC3_HUMAN:sp|Q9NVU0|RPC5_HUMAN:sp|Q15560|TCEA2_HUMAN:sp|Q9NRC6|SPTN5_HUMAN:sp|Q9Y4D1|DAAM1_HUMAN:sp|Q96CX6|LRC58_HUMAN:sp|Q70EK8|UBP53_HUMAN:sp|P35680|HNF1B_HUMAN:sp|Q9UQ84|EXO1_HUMAN:sp|Q7Z3F1|GP155_HUMAN:sp|Q9BUQ8|DDX23_HUMAN:sp|O43307|ARHG9_HUMAN:sp|Q03013|GSTM4_HUMAN:sp|Q9UKV3|ACINU_HUMAN:sp|Q8IYA8|IHO1_HUMAN:sp|O43520|AT8B1_HUMAN:sp|Q8NE35|CPEB3_HUMAN:sp|C9JH25|PRRT4_HUMAN:sp|Q6ZTK2|YP015_HUMAN:sp|P55060|XPO2_HUMAN:sp|Q8TE76|MORC4_HUMAN:sp|Q9Y285|SYFA_HUMAN:sp|E5RQL4|FONG_HUMAN:sp|Q4G0N8|SL9C1_HUMAN:sp|Q9NSC2|SALL1_HUMAN:sp|O43293|DAPK3_HUMAN:sp|P0C864|DANCR_HUMAN:sp|P25440|BRD2_HUMAN:sp|Q96AY4|TTC28_HUMAN:sp|Q01726|MSHR_HUMAN:sp|Q9BUH6|PAXX_HUMAN:sp|Q9BSU3|NAA11_HUMAN:sp|Q92736|RYR2_HUMAN:sp|P51168|SCNNB_HUMAN:sp|P11362|FGFR1_HUMAN,DeepNovo
P(+42.01)AFPKSHLF,32.08,1084.5706,9,66.7,9,1.8,543.29352,2,63.4529,-14.5471,0.36,24750,HFX193_IPP292_GEL_CRC_324_Even.raw,4.91E5,2.86E6,1,1,1,1,"Acetylation (N-term)",,0 0 0 6 6 3 3 12 5,P(+42.01)AFPKSHLF,sp|P30279|CCND2_HUMAN:sp|Q9Y4F9|RIPR2_HUMAN:sp|Q9HC35|EMAL4_HUMAN:sp|Q9UNX4|WDR3_HUMAN:sp|P51522|ZNF83_HUMAN:sp|O15516|CLOCK_HUMAN:sp|Q9Y473|ZN175_HUMAN:sp|A6NGY3|CE052_HUMAN:sp|P51814|ZNF41_HUMAN:sp|Q8N6M5|ALLC_HUMAN:sp|Q9P2D0|IBTK_HUMAN:sp|Q15652|JHD2C_HUMAN:sp|Q9NYZ2|MFRN1_HUMAN:sp|Q9UHJ6|SHPK_HUMAN:sp|Q6L9W6|B4GN3_HUMAN:sp|Q8TCU4|ALMS1_HUMAN:sp|Q96NH3|BROMI_HUMAN:sp|Q8NAB2|KBTB3_HUMAN:sp|P52948|NUP98_HUMAN:sp|Q7L1S5|CHST9_HUMAN:sp|Q96RY7|IF140_HUMAN:sp|P43251|BTD_HUMAN:sp|Q6V1X1|DPP8_HUMAN:sp|Q6PRD1|GP179_HUMAN:sp|Q96PL5|ERMAP_HUMAN:sp|P32927|IL3RB_HUMAN:sp|O60449|LY75_HUMAN:sp|Q32MQ0|ZN750_HUMAN:sp|Q6ZUS6|CC149_HUMAN:sp|O75110|ATP9A_HUMAN:sp|P59510|ATS20_HUMAN:sp|O43813|LANC1_HUMAN:sp|P32004|L1CAM_HUMAN:sp|P07311|ACYP1_HUMAN:sp|Q93075|TATD2_HUMAN,DeepNovo
P(+42.01)AFRGKKTATAV,52.59,1287.7299,12,50.0,12,1.9,644.87341,2,36.6356,15.0356,0.17,14027,HFX193_IPP292_GEL_CRC_324_Even.raw,7.64E6,5.55E7,3,3,3,3,"Acetylation (N-term)",,0 0 1 0 0 1 2 2 2 9 13 5,P(+42.01)AFRGKKTATAV,sp|Q03188|CENPC_HUMAN:sp|P19022|CADH2_HUMAN:sp|Q5M775|CYTSB_HUMAN:sp|O75044|SRGP2_HUMAN:sp|O95271|TNKS1_HUMAN:sp|O60266|ADCY3_HUMAN:sp|Q12933|TRAF2_HUMAN:sp|Q6UY01|LRC31_HUMAN:sp|O15492|RGS16_HUMAN:sp|P09884|DPOLA_HUMAN:sp|Q14593|ZN273_HUMAN:sp|Q8IX12|CCAR1_HUMAN:sp|Q8NI36|WDR36_HUMAN:sp|P62249|RS16_HUMAN:sp|Q96TC7|RMD3_HUMAN:sp|P12830|CADH1_HUMAN:sp|Q8TCU4|ALMS1_HUMAN:sp|O00268|TAF4_HUMAN:sp|Q14149|MORC3_HUMAN:sp|Q15287|RNPS1_HUMAN:sp|Q15735|PI5PA_HUMAN:sp|Q7Z353|HDX_HUMAN:sp|Q0VF96|CGNL1_HUMAN:sp|Q9H1R3|MYLK2_HUMAN:sp|Q9BWX5|GATA5_HUMAN:sp|Q9Y6I3|EPN1_HUMAN:sp|Q96GY0|ZC21A_HUMAN:sp|Q9NQ90|ANO2_HUMAN:sp|P46821|MAP1B_HUMAN:sp|A2PYH4|HFM1_HUMAN:sp|Q5XXA6|ANO1_HUMAN:sp|Q8IUQ4|SIAH1_HUMAN:sp|O60229|KALRN_HUMAN:sp|Q14004|CDK13_HUMAN:sp|Q8IY92|SLX4_HUMAN:sp|Q8N0X7|SPART_HUMAN:sp|Q9P2F8|SI1L2_HUMAN:sp|O75179|ANR17_HUMAN:sp|Q9BU23|LMF2_HUMAN:sp|Q3SXY8|AR13B_HUMAN:sp|O75448|MED24_HUMAN:sp|Q2TAL8|QRIC1_HUMAN:sp|Q9NTN9|SEM4G_HUMAN:sp|Q9UM47|NOTC3_HUMAN,DeepNovo
P(+42.01)AGAARRLAPRAP,57.11,1344.7738,13,23.1,13,1.1,337.20111,4,25.4559,-8.7442,0.69,9496,HFX193_IPP292_GEL_CRC_324_Odd.raw,1.64E5,2E6,1,1,1,1,"Acetylation (N-term)",,0 0 0 0 43 1 1 2 2 1 1 0 0,P(+42.01)AGAARRLAPRAP,sp|Q9NXI6|RN186_HUMAN:sp|Q86Y38|XYLT1_HUMAN:sp|O95149|SPN1_HUMAN:sp|Q9BWH6|RPAP1_HUMAN:sp|Q69YL0|NCAS2_HUMAN:sp|P52952|NKX25_HUMAN:sp|Q14683|SMC1A_HUMAN:sp|Q7Z5W3|BN3D2_HUMAN:sp|Q7L8J4|3BP5L_HUMAN:sp|Q96SB3|NEB2_HUMAN:sp|P02786|TFR1_HUMAN:sp|Q4KMG9|TM52B_HUMAN:sp|Q9Y4E1|WAC2C_HUMAN:sp|Q9H3N8|HRH4_HUMAN:sp|A6NJZ7|RIM3C_HUMAN:sp|Q00994|BEX3_HUMAN:sp|A6NNM3|RIM3B_HUMAN:sp|Q2Q1W2|LIN41_HUMAN:sp|P26373|RL13_HUMAN:sp|Q9Y4A5|TRRAP_HUMAN:sp|P23352|KALM_HUMAN:sp|Q13268|DHRS2_HUMAN:sp|P62380|TBPL1_HUMAN:sp|Q56UN5|M3K19_HUMAN:sp|A6NHR9|SMHD1_HUMAN:sp|Q6NSJ2|PHLB3_HUMAN:sp|Q96NS5|ASB16_HUMAN:sp|O15303|GRM6_HUMAN:sp|Q8IWQ3|BRSK2_HUMAN:sp|Q9BTC0|DIDO1_HUMAN:sp|Q6P2E9|EDC4_HUMAN:sp|Q6PKH6|DR4L2_HUMAN:sp|Q9NW38|FANCL_HUMAN:sp|Q9NV70|EXOC1_HUMAN:sp|Q96B86|RGMA_HUMAN:sp|P78363|ABCA4_HUMAN:sp|Q8NE01|CNNM3_HUMAN:sp|Q9UBL9|P2RX2_HUMAN:sp|Q641Q2|WAC2A_HUMAN:sp|Q3KP66|INAVA_HUMAN:sp|P83105|HTRA4_HUMAN:sp|P55196|AFAD_HUMAN:sp|Q9UPT8|ZC3H4_HUMAN:sp|P31639|SC5A2_HUMAN:sp|Q6P597|KLC3_HUMAN:sp|Q8NGU4|OR2I1_HUMAN:sp|O95450|ATS2_HUMAN:sp|Q9BTZ2|DHRS4_HUMAN:sp|Q6PIJ6|FBX38_HUMAN:sp|P51805|PLXA3_HUMAN:sp|Q86YR5|GPSM1_HUMAN:sp|Q9NZV5|SELN_HUMAN:sp|Q6P1N0|C2D1A_HUMAN:sp|Q5SQH8|CF136_HUMAN:sp|Q92889|XPF_HUMAN:sp|Q9UPR5|NAC2_HUMAN:sp|Q8IX01|SUGP2_HUMAN:sp|Q99459|CDC5L_HUMAN:sp|Q9UFD9|RIM3A_HUMAN:sp|P27469|G0S2_HUMAN:sp|M0R2J8|DCDC1_HUMAN:sp|O43497|CAC1G_HUMAN:sp|Q96HB5|CC120_HUMAN:sp|Q5SQS8|CJ120_HUMAN:sp|Q8WUQ7|CATIN_HUMAN:sp|O75351|VPS4B_HUMAN:sp|Q99973|TEP1_HUMAN:sp|Q8IVL6|P3H3_HUMAN:sp|O60667|FAIM3_HUMAN:sp|Q5JTZ9|SYAM_HUMAN:sp|Q9H4I3|TRABD_HUMAN:sp|Q9Y6F9|WNT6_HUMAN:sp|Q15262|PTPRK_HUMAN:sp|Q9UN37|VPS4A_HUMAN:sp|Q99466|NOTC4_HUMAN:sp|Q17RQ9|NKPD1_HUMAN:tr|A0A2R8Y4M4|A0A2R8Y4M4_HUMAN:sp|Q9P2Q2|FRM4A_HUMAN:sp|Q9ULV0|MYO5B_HUMAN:sp|Q5VST9|OBSCN_HUMAN:sp|A6NM28|ZFP92_HUMAN:sp|Q9H4Z3|CAPAM_HUMAN:sp|Q8N9F0|NAT8L_HUMAN:sp|Q9NR09|BIRC6_HUMAN:sp|Q63ZY6|NSN5C_HUMAN:sp|P31040|SDHA_HUMAN:sp|A8MXQ7|IQAK1_HUMAN:sp|Q8NFW1|COMA1_HUMAN,DeepNovo
P(+42.01)AKTKVFAGL,48.00,1072.6281,10,50.0,10,-2.3,537.32007,2,56.0115,-6.7885,0.38,21770,HFX193_IPP292_GEL_CRC_324_Even.raw,1.73E5,2.44E6,1,1,1,1,"Acetylation (N-term)",,0 0 0 4 8 9 10 0 0 5,P(+42.01)AKTKVFAGL,sp|P46781|RS9_HUMAN:sp|Q5T7N2|LITD1_HUMAN:sp|O60347|TBC12_HUMAN:sp|Q6V0I7|FAT4_HUMAN:sp|Q6SZW1|SARM1_HUMAN:sp|Q32M45|ANO4_HUMAN:sp|Q8WXH0|SYNE2_HUMAN:sp|P30968|GNRHR_HUMAN:sp|Q96DT7|ZBT10_HUMAN:sp|Q9ULG1|INO80_HUMAN:sp|P42702|LIFR_HUMAN:sp|Q6IEV9|OR4CB_HUMAN:sp|P01023|A2MG_HUMAN:sp|Q99983|OMD_HUMAN:sp|Q14264|ENR1_HUMAN:sp|P06737|PYGL_HUMAN:sp|Q8WXR4|MYO3B_HUMAN:sp|Q8TCW7|ZPLD1_HUMAN:sp|Q8NEV4|MYO3A_HUMAN:sp|Q13459|MYO9B_HUMAN:sp|Q9UK97|FBX9_HUMAN:sp|Q04656|ATP7A_HUMAN:sp|Q9HD67|MYO10_HUMAN:sp|Q9H2U1|DHX36_HUMAN:sp|O75643|U520_HUMAN:sp|Q96PN7|TREF1_HUMAN:sp|P06312|KV401_HUMAN:sp|Q6Q0C0|TRAF7_HUMAN:sp|A2RUU4|COLL1_HUMAN,DeepNovo
P(+42.01)AKTLRLM(+15.99),18.46,986.5583,8,50.0,8,-2.4,329.85925,3,35.0451,6.7451,0.40,13410,HFX193_IPP292_GEL_CRC_324_Odd.raw,3.37E5,3.52E6,1,1,1,1,"Acetylation (N-term);Oxidation (M)",,0 0 0 0 4 7 6 5,P(+42.01)AKTLRLM(+15.99),sp|Q8NHH1|TTL11_HUMAN:sp|Q9NUZ1|ACOXL_HUMAN:sp|P15907|SIAT1_HUMAN:sp|Q8N157|AHI1_HUMAN:sp|Q2WEN9|CEA16_HUMAN,DeepNovo
P(+42.01)DPVRTTLGGK,59.67,1181.6404,11,27.3,11,0.4,591.82770,2,32.4527,-16.5473,0.10,12312,HFX193_IPP292_GEL_CRC_324_Even.raw,3.42E6,2.72E7,2,2,2,2,"Acetylation (N-term)",,0 0 0 3 1 1 1 6 0 0 5,P(+42.01)DPVRTTLGGK,sp|Q86XA9|HTR5A_HUMAN:sp|Q9P2F6|RHG20_HUMAN:sp|Q8WXI7|MUC16_HUMAN:sp|Q96GN5|CDA7L_HUMAN:sp|Q6UXC1|AEGP_HUMAN:sp|Q8NCQ7|PRCA1_HUMAN:sp|Q15063|POSTN_HUMAN:sp|P51157|RAB28_HUMAN:sp|O15231|ZN185_HUMAN:DOCK3_DEL_C-p.P1852Qfs*45_::chr3:51379673-51380673_frame=1:sp|Q9P2H0|CE126_HUMAN:sp|Q7Z589|EMSY_HUMAN:sp|Q15738|NSDHL_HUMAN:sp|P0DTE4|UD2A1_HUMAN:sp|P27816|MAP4_HUMAN:sp|O43819|SCO2_HUMAN:sp|Q5SXM2|SNPC4_HUMAN:sp|Q5JW98|CAHM4_HUMAN:sp|P35125|UBP6_HUMAN:sp|Q99715|COCA1_HUMAN:sp|Q9P2D3|HTR5B_HUMAN:sp|P47883|OR3A4_HUMAN:sp|Q9BRX2|PELO_HUMAN:sp|Q15361|TTF1_HUMAN:sp|Q9HDB9|GAK5_HUMAN:NDUFC2_DEL_AA-p.F69Cfs*9_::chr11:78072601-78073602_frame=3:sp|Q8IYD1|ERF3B_HUMAN:sp|P21912|SDHB_HUMAN:MSH3_DEL_A-p.K383Rfs*32_::chr5:80674596-80675596_frame=-2:sp|Q6ZR08|DYH12_HUMAN:sp|P31260|HXA10_HUMAN:sp|Q96BR6|ZN669_HUMAN:sp|Q9C0D6|FHDC1_HUMAN:sp|Q5VVM6|CCD30_HUMAN:sp|P21860|ERBB3_HUMAN:sp|Q68CP9|ARID2_HUMAN:sp|P19971|TYPH_HUMAN:sp|P15170|ERF3A_HUMAN:sp|Q6ZPB5|SDIM1_HUMAN:sp|Q99959|PKP2_HUMAN:sp|Q6NUT2|D19L2_HUMAN:sp|Q5DID0|UROL1_HUMAN:sp|P34932|HSP74_HUMAN:sp|Q9H324|ATS10_HUMAN:sp|Q09470|KCNA1_HUMAN:sp|Q15582|BGH3_HUMAN:sp|P46779|RL28_HUMAN:sp|Q6TDU7|DNAI7_HUMAN:sp|Q96PD2|DCBD2_HUMAN:RNF43_DEL_C-p.G659Vfs*41_::chr17:58357300-58358300_frame=2:sp|P22001|KCNA3_HUMAN:sp|Q7Z3B4|NUP54_HUMAN:sp|P57735|RAB25_HUMAN:sp|Q9P2P6|STAR9_HUMAN:sp|Q9BVG3|TRI62_HUMAN:sp|Q92674|CENPI_HUMAN:sp|Q9NPJ1|MKKS_HUMAN:sp|Q99832|TCPH_HUMAN:sp|Q14031|CO4A6_HUMAN:sp|P07737|PROF1_HUMAN:sp|Q9UPN3|MACF1_HUMAN:sp|P16389|KCNA2_HUMAN:sp|Q9NRA2|S17A5_HUMAN:sp|O14733|MP2K7_HUMAN,DeepNovo
P(+42.01)DSLRKAKTYLK,27.82,1460.8351,12,58.3,12,-3.5,487.95059,3,26.2262,-9.5738,0.09,9813,HFX193_IPP292_GEL_CRC_324_Odd.raw,4.86E5,3.54E6,1,1,1,1,"Acetylation (N-term)",,0 0 0 8 2 2 3 0 0 4 7 5,P(+42.01)DSLRKAKTYLK,,DeepNovo
P(+42.01)EM(+15.99)PVVKARRLF,72.91,1499.8282,12,33.3,12,-1.3,500.94937,3,45.6171,-10.8829,0.03,17668,HFX193_IPP292_GEL_CRC_324_Odd.raw,8.92E5,4.97E6,1,1,1,1,"Acetylation (N-term);Oxidation (M)",,0 0 0 2 2 4 4 0 0 0 0 1,P(+42.01)EM(+15.99)PVVKARRLF,,DeepNovo
P(+42.01)EPSIR,27.48,739.3864,6,16.7,6,3.2,740.39606,1,63.3472,37.5472,0.84,24710,HFX193_IPP292_GEL_CRC_324_Even.raw,5.67E5,3.18E6,2,2,2,2,"Acetylation (N-term)",,0 0 0 0 0 2,P(+42.01)EPSIR,sp|Q6ZUA9|MROH5_HUMAN:sp|P35626|ARBK2_HUMAN:sp|P25098|ARBK1_HUMAN,DB Search
P(+42.01)ERGPTLHKYAYN(+0.98)GKDY,90.93,2050.9749,17,64.7,17,-4.3,513.74878,4,39.7360,3.3360,0.40,15276,HFX193_IPP292_GEL_CRC_324_Even.raw,1.38E6,1.14E7,2,2,2,2,"Acetylation (N-term);Deamidation (NQ)",,0 0 0 6 0 0 0 7 72 26 26 9 9 6 2 3 5,P(+42.01)ERGPTLHKYAYN(+0.98)GKDY,sp|Q9BRP7|FDXA1_HUMAN:sp|Q9C0B1|FTO_HUMAN:sp|Q9NTJ5|SAC1_HUMAN:sp|Q6ZMT9|DTHD1_HUMAN:sp|P12821|ACE_HUMAN:sp|Q969T7|5NT3B_HUMAN:sp|Q8N8A2|ANR44_HUMAN:sp|A6NIH7|U119B_HUMAN:sp|Q16774|KGUA_HUMAN:sp|P24588|AKAP5_HUMAN:sp|Q6ZN68|D19P2_HUMAN:sp|P08559|ODPA_HUMAN:sp|P18850|ATF6A_HUMAN:sp|O00507|USP9Y_HUMAN:sp|Q13144|EI2BE_HUMAN:sp|O60423|AT8B3_HUMAN:sp|O15084|ANR28_HUMAN,DeepNovo
P(+42.01)FGKRKLAL,45.34,1070.6600,9,44.4,9,-2.7,536.33582,2,27.4188,-6.6812,0.05,10261,HFX193_IPP292_GEL_CRC_324_Even.raw,8.46E6,5.42E7,2,2,2,2,"Acetylation (N-term)",,0 0 0 2 1 1 6 11 5,P(+42.01)FGKRKLAL,sp|Q9UBR4|LHX3_HUMAN:sp|Q9H2K8|TAOK3_HUMAN:sp|Q9UNE2|RPH3L_HUMAN:sp|Q96PE2|ARHGH_HUMAN:sp|Q5JTH9|RRP12_HUMAN:sp|Q6NW29|RWDD4_HUMAN:sp|Q6PIF6|MYO7B_HUMAN:sp|Q75QN2|INT8_HUMAN:sp|O60518|RNBP6_HUMAN:sp|Q9UBS4|DJB11_HUMAN:sp|P31689|DNJA1_HUMAN:sp|Q5F1R6|DJC21_HUMAN:sp|A8MVU1|NCF1C_HUMAN:sp|Q6P3S1|DEN1B_HUMAN:sp|O75122|CLAP2_HUMAN:sp|Q8WWF6|DNJB3_HUMAN:sp|P12104|FABPI_HUMAN:sp|P46821|MAP1B_HUMAN:sp|P56645|PER3_HUMAN:sp|Q86TP1|PRUN1_HUMAN:sp|Q9HCJ0|TNR6C_HUMAN:sp|Q96QE3|ATAD5_HUMAN:sp|Q9NP08|HMX1_HUMAN:sp|Q3KP66|INAVA_HUMAN:sp|O43148|MCES_HUMAN:sp|P52888|THOP1_HUMAN:sp|Q5TZA2|CROCC_HUMAN:sp|P82980|RET5_HUMAN:sp|Q495T6|MMEL1_HUMAN:sp|Q7Z2Y8|GVIN1_HUMAN:sp|Q99758|ABCA3_HUMAN:sp|O95870|ABHGA_HUMAN:sp|Q9UF47|DNJ5B_HUMAN:sp|Q9HC77|CENPJ_HUMAN:sp|Q15643|TRIPB_HUMAN:sp|P35498|SCN1A_HUMAN:sp|Q99250|SCN2A_HUMAN:sp|Q9UFD9|RIM3A_HUMAN:sp|A8MYB1|TMC5B_HUMAN:sp|Q9BR76|COR1B_HUMAN:sp|P08575|PTPRC_HUMAN:sp|Q01201|RELB_HUMAN:sp|Q8IZQ1|WDFY3_HUMAN:sp|Q8TBM8|DJB14_HUMAN:sp|O60673|REV3L_HUMAN:sp|Q6UXR4|SPA13_HUMAN:sp|Q8N6G5|CGAT2_HUMAN:sp|Q9H6N6|MYH16_HUMAN:sp|Q8N2K1|UB2J2_HUMAN:sp|Q9H3Z4|DNJC5_HUMAN:sp|O95359|TACC2_HUMAN:sp|Q14722|KCAB1_HUMAN:sp|Q9UQE7|SMC3_HUMAN:sp|Q8N7S2|DNJ5G_HUMAN:sp|A7E2V4|ZSWM8_HUMAN:sp|Q8TD16|BICD2_HUMAN:sp|Q9UQ03|COR2B_HUMAN:sp|Q16611|BAK_HUMAN:sp|Q9BVG3|TRI62_HUMAN:sp|Q8NCX0|CC150_HUMAN:sp|Q96EU6|RRP36_HUMAN:sp|Q9BSW2|EFC4B_HUMAN:sp|P14598|NCF1_HUMAN:sp|P31939|PUR9_HUMAN:sp|Q8TD31|CCHCR_HUMAN:sp|Q9Y4C4|MFHA1_HUMAN:sp|O14964|HGS_HUMAN:sp|Q9P253|VPS18_HUMAN:sp|Q86UV5|UBP48_HUMAN:sp|Q6QEF8|CORO6_HUMAN:sp|A6NHT5|HMX3_HUMAN:sp|Q6ZN28|MACC1_HUMAN:sp|Q9Y4B4|ARIP4_HUMAN:sp|Q5T6S3|PHF19_HUMAN:sp|O00587|MFNG_HUMAN:sp|Q15382|RHEB_HUMAN:sp|A6NI72|NCF1B_HUMAN:sp|Q9P2D8|UNC79_HUMAN:sp|O94818|NOL4_HUMAN:sp|Q96NL6|SCLT1_HUMAN:sp|Q9Y3T9|NOC2L_HUMAN:sp|Q9BYG0|B3GN5_HUMAN:sp|Q9P0K1|ADA22_HUMAN:sp|Q5VT25|MRCKA_HUMAN:sp|A6NJZ7|RIM3C_HUMAN:sp|Q8WW22|DNJA4_HUMAN:sp|Q9Y2I7|FYV1_HUMAN:sp|P28340|DPOD1_HUMAN:sp|O94906|PRP6_HUMAN:sp|Q9UKZ1|CNO11_HUMAN:sp|Q9NV70|EXOC1_HUMAN:sp|O00410|IPO5_HUMAN:sp|H7BZ55|CRCC2_HUMAN:sp|Q9NZI7|UBIP1_HUMAN:sp|Q9ULV4|COR1C_HUMAN:sp|Q68DK2|ZFY26_HUMAN:sp|Q6P3X3|TTC27_HUMAN:sp|Q9Y662|HS3SB_HUMAN:sp|P43268|ETV4_HUMAN:sp|Q9BU40|CRDL1_HUMAN:sp|Q9Y5S2|MRCKB_HUMAN:sp|Q96G01|BICD1_HUMAN:sp|Q8N5Y2|MS3L1_HUMAN:sp|P85299|PRR5_HUMAN:sp|Q9UHJ3|SMBT1_HUMAN:sp|Q9NY46|SCN3A_HUMAN:sp|Q9H069|DRC3_HUMAN:sp|Q9Y222|DMTF1_HUMAN:sp|O75190|DNJB6_HUMAN:sp|Q12893|TM115_HUMAN:sp|O95153|RIMB1_HUMAN:sp|P98088|MUC5A_HUMAN:sp|Q9UP52|TFR2_HUMAN:sp|Q7Z695|ADCK2_HUMAN:sp|Q8TF44|C2C4C_HUMAN:sp|O75947|ATP5H_HUMAN:sp|Q9UJQ4|SALL4_HUMAN:sp|Q9NWK9|BCD1_HUMAN:sp|Q86TM3|DDX53_HUMAN:sp|Q14689|DIP2A_HUMAN,DeepNovo
P(+42.01)FHKVGL,31.95,838.4701,7,57.1,7,-3.7,420.24078,2,28.9100,-4.6900,0.19,10862,HFX193_IPP292_GEL_CRC_324_Even.raw,5.3E6,3.61E7,2,2,2,2,"Acetylation (N-term)",,0 0 1 6 16 10 5,P(+42.01)FHKVGL,,DeepNovo
P(+42.01)FLSVH,26.59,740.3857,6,100.0,6,-3.8,371.19873,2,33.0340,-18.7660,0.80,12578,HFX193_IPP292_GEL_CRC_324_Odd.raw,1.1E6,7.09E6,1,1,1,1,"Acetylation (N-term)",,3 2 28 16 16 5,P(+42.01)FLSVH,sp|Q9BR26|OCSTP_HUMAN:sp|O75019|LIRA1_HUMAN,DB Search
P(+42.01)GPHFVKKPF,29.62,1194.6549,10,70.0,10,1.5,399.22617,3,37.7790,-9.9210,0.29,14476,HFX193_IPP292_GEL_CRC_324_Even.raw,1.08E6,6.18E6,1,1,1,1,"Acetylation (N-term)",,0 0 0 3 6 5 5 4 4 5,P(+42.01)GPHFVKKPF,sp|P05155|IC1_HUMAN:sp|Q96F86|EDC3_HUMAN:sp|Q9ULM3|YETS2_HUMAN:sp|Q8NGE2|O2AP1_HUMAN:sp|Q6P3V2|Z585A_HUMAN:sp|P0CG38|POTEI_HUMAN:sp|Q9Y283|INVS_HUMAN:sp|Q16651|PRSS8_HUMAN:sp|Q9Y5P4|CERT_HUMAN:sp|Q9H7X7|IFT22_HUMAN:sp|B2RU33|POTEC_HUMAN:sp|Q8TBX8|PI42C_HUMAN:sp|Q8WZ42|TITIN_HUMAN:sp|Q149N8|SHPRH_HUMAN:sp|A0A0A6YYL3|POTEB_HUMAN:sp|Q8TBF2|PXL2B_HUMAN:sp|Q86YR6|POTED_HUMAN:sp|P24298|ALAT1_HUMAN:sp|O95810|CAVN2_HUMAN:sp|Q92543|SNX19_HUMAN:sp|Q92610|ZN592_HUMAN:sp|O95155|UBE4B_HUMAN:sp|Q4ZG55|GREB1_HUMAN:sp|Q8N2C3|DEPD4_HUMAN:sp|Q52M93|Z585B_HUMAN:sp|A6NMK8|INY2B_HUMAN:sp|Q14588|ZN234_HUMAN:sp|A5A3E0|POTEF_HUMAN:sp|Q04760|LGUL_HUMAN:sp|A0JP26|POTB3_HUMAN:sp|P00325|ADH1B_HUMAN:sp|Q6S545|POTEH_HUMAN:sp|Q06710|PAX8_HUMAN:sp|Q02962|PAX2_HUMAN:sp|A6NE01|F186A_HUMAN:sp|Q9UBL0|ARP21_HUMAN:sp|P0CG39|POTEJ_HUMAN:sp|Q6AWC2|WWC2_HUMAN:sp|Q9H3T2|SEM6C_HUMAN:sp|O95104|SCAF4_HUMAN:sp|Q96JG6|VPS50_HUMAN:sp|H3BUK9|POTB2_HUMAN:sp|Q9ULX6|AKP8L_HUMAN:sp|Q6S8J3|POTEE_HUMAN:sp|Q969Z0|FAKD4_HUMAN:sp|Q9ULH7|MRTFB_HUMAN:sp|Q6S5H5|POTEG_HUMAN:sp|A6NI47|POTEM_HUMAN,DeepNovo
P(+42.01)GPSHVGHDEV,36.21,1171.5258,11,63.6,11,-3.8,391.51437,3,19.9605,0.4605,0.23,7274,HFX193_IPP292_GEL_CRC_324_Even.raw,8.07E4,1.13E6,1,1,1,1,"Acetylation (N-term)",,0 0 0 0 7 7 8 13 13 14 5,P(+42.01)GPSHVGHDEV,sp|Q8IXK2|GLT12_HUMAN:sp|Q8N4A0|GALT4_HUMAN:sp|Q03188|CENPC_HUMAN:sp|Q9H0P7|AGIT1_HUMAN:sp|Q10472|GALT1_HUMAN:sp|A6NNT2|CP096_HUMAN:sp|Q01082|SPTB2_HUMAN:sp|O15550|KDM6A_HUMAN:sp|Q96DT7|ZBT10_HUMAN:sp|Q8IUC8|GLT13_HUMAN:sp|O15054|KDM6B_HUMAN:sp|A8MXQ7|IQAK1_HUMAN:sp|Q8N2B8|YB035_HUMAN:sp|Q9UKP4|ATS7_HUMAN,DeepNovo
P(+42.01)GRGKPFAGSHV,62.51,1250.6520,12,50.0,12,1.7,417.89197,3,24.8593,0.7593,0.18,9208,HFX193_IPP292_GEL_CRC_324_Even.raw,1.34E6,1.3E7,2,2,2,2,"Acetylation (N-term)",,0 0 0 0 16 18 18 0 0 5 18 5,P(+42.01)GRGKPFAGSHV,sp|P19835|CEL_HUMAN:sp|Q5TYW1|ZN658_HUMAN:sp|Q8NCA9|ZN784_HUMAN:sp|Q4V348|Z658B_HUMAN:sp|Q9BXA9|SALL3_HUMAN:sp|O60391|NMD3B_HUMAN:sp|P54098|DPOG1_HUMAN:sp|Q8TCU5|NMD3A_HUMAN,DeepNovo
P(+42.01)GRRFSAPR,42.25,1084.5890,9,55.6,9,0.6,362.53717,3,24.1372,13.2372,0.43,8889,HFX193_IPP292_GEL_CRC_324_Even.raw,4.75E6,2.38E7,2,2,2,2,"Acetylation (N-term)",,0 0 0 0 11 8 8 6 5,P(+42.01)GRRFSAPR,sp|Q12789|TF3C1_HUMAN:sp|P06401|PRGR_HUMAN:sp|O14522|PTPRT_HUMAN:sp|P0CK96|S352B_HUMAN:sp|P43631|KI2S2_HUMAN:sp|Q9BT25|HAUS8_HUMAN:sp|Q7L0R7|RNF44_HUMAN:sp|P39023|RL3_HUMAN:sp|Q08426|ECHP_HUMAN:sp|Q6IA86|ELP2_HUMAN:tr|A0A1W2PQF6|A0A1W2PQF6_HUMAN:sp|P49750|YLPM1_HUMAN:sp|Q14952|KI2S3_HUMAN:sp|Q92901|RL3L_HUMAN:sp|A0A1W2PQ73|ERFL_HUMAN:sp|Q9ULL4|PLXB3_HUMAN:tr|A0A0G2JNF4|A0A0G2JNF4_HUMAN:sp|O75879|GATB_HUMAN:sp|Q8IW93|ARHGJ_HUMAN:sp|P46019|KPB2_HUMAN:sp|O43559|FRS3_HUMAN:sp|Q6UWW8|EST3_HUMAN:sp|Q99466|NOTC4_HUMAN:sp|P18627|LAG3_HUMAN:sp|Q92858|ATOH1_HUMAN:sp|Q9Y2R4|DDX52_HUMAN:sp|Q9Y4W2|LAS1L_HUMAN:sp|Q8WTV0|SCRB1_HUMAN:sp|Q16558|KCMB1_HUMAN:tr|A0A5F9ZH88|A0A5F9ZH88_HUMAN:sp|Q15746|MYLK_HUMAN:sp|Q9Y2H9|MAST1_HUMAN:sp|P43628|KI2L3_HUMAN:sp|Q03164|KMT2A_HUMAN:sp|Q14444|CAPR1_HUMAN:sp|Q8IZY2|ABCA7_HUMAN,DeepNovo
P(+42.01)GRTFRLKR,33.29,1171.6937,9,22.2,9,0.9,391.57220,3,24.2405,5.2405,0.52,8973,HFX193_IPP292_GEL_CRC_324_Even.raw,1.12E6,8.42E6,1,1,1,1,"Acetylation (N-term)",,0 0 0 3 0 0 1 1 5,P(+42.01)GRTFRLKR,sp|Q6IV72|ZN425_HUMAN:sp|A0AVI2|FR1L5_HUMAN:sp|Q6NTF7|ABC3H_HUMAN:sp|Q93009|UBP7_HUMAN:sp|Q9P0X4|CAC1I_HUMAN:sp|O94813|SLIT2_HUMAN:sp|O94850|DEND_HUMAN:sp|Q8N6V4|CJ053_HUMAN:sp|Q56NI9|ESCO2_HUMAN:sp|P0C091|FREM3_HUMAN:sp|O75093|SLIT1_HUMAN:sp|P30305|MPIP2_HUMAN:sp|Q8WYQ9|ZCH14_HUMAN:sp|O95180|CAC1H_HUMAN:sp|P28472|GBRB3_HUMAN:sp|Q12889|OVGP1_HUMAN:sp|Q9ULL1|PKHG1_HUMAN:sp|Q9UMX1|SUFU_HUMAN:sp|O95977|S1PR4_HUMAN:sp|A0A1B0GUY1|MRCOL_HUMAN:sp|Q16706|MA2A1_HUMAN:sp|O95759|TBCD8_HUMAN:sp|Q5SZK8|FREM2_HUMAN:sp|Q8IXW5|RPAP2_HUMAN:sp|P98161|PKD1_HUMAN:sp|Q9NSD4|ZN275_HUMAN:sp|P62891|RL39_HUMAN:sp|O60244|MED14_HUMAN:sp|Q9NPG4|PCD12_HUMAN:sp|P78364|PHC1_HUMAN:sp|Q9Y4F3|MARF1_HUMAN:sp|O43497|CAC1G_HUMAN:sp|Q12809|KCNH2_HUMAN:sp|O75607|NPM3_HUMAN:sp|Q12805|FBLN3_HUMAN:sp|Q9BRP0|OVOL2_HUMAN:sp|Q9H267|VP33B_HUMAN:sp|Q96NY9|MUS81_HUMAN:sp|O75821|EIF3G_HUMAN:sp|Q5U4N7|GDAS1_HUMAN:sp|Q9P2B2|FPRP_HUMAN:sp|Q14690|RRP5_HUMAN:sp|P14927|QCR7_HUMAN:sp|Q96DT5|DYH11_HUMAN:sp|P51826|AFF3_HUMAN:sp|Q92752|TENR_HUMAN:sp|P18505|GBRB1_HUMAN:sp|Q6ZWJ8|KCP_HUMAN,DeepNovo
P(+42.01)HELLKDKGLLK,40.76,1431.8448,12,58.3,12,1.9,478.28979,3,39.6811,2.5811,0.34,15282,HFX193_IPP292_GEL_CRC_324_Even.raw,4.14E5,3.4E6,1,1,1,1,"Acetylation (N-term)",,0 0 0 21 29 29 28 0 0 8 10 5,P(+42.01)HELLKDKGLLK,,DeepNovo
P(+42.01)HLTLLHKR,27.84,1155.6876,9,55.6,9,-2.9,386.23535,3,25.8837,9.2837,0.43,9652,HFX193_IPP292_GEL_CRC_324_Even.raw,1.25E6,9.34E6,1,1,1,1,"Acetylation (N-term)",,1 1 0 0 37 46 5 5 5,P(+42.01)HLTLLHKR,sp|Q96JL9|ZN333_HUMAN:sp|Q86UQ0|ZN589_HUMAN:sp|Q9ULD5|ZN777_HUMAN:sp|Q3ZCT1|ZN260_HUMAN:sp|O95661|DIRA3_HUMAN:sp|A6NDX5|ZN840_HUMAN:sp|B7Z6K7|ZN814_HUMAN:sp|Q9UIE0|ZN230_HUMAN:sp|Q9HCX3|ZN304_HUMAN:sp|O43361|ZN749_HUMAN:sp|Q96JH7|VCIP1_HUMAN:sp|Q8N4C8|MINK1_HUMAN:sp|Q86TB9|PATL1_HUMAN:sp|Q7Z7K2|ZN467_HUMAN:sp|Q8IWU5|SULF2_HUMAN:sp|P17020|ZNF16_HUMAN:sp|O94892|ZN432_HUMAN:sp|D6RBQ6|U17LH_HUMAN:sp|Q96TA1|NIBA2_HUMAN:sp|O95868|LY66D_HUMAN:sp|Q8N9F7|GDPD1_HUMAN:sp|Q9UL59|ZN214_HUMAN:sp|B4DU55|ZN879_HUMAN:sp|D6RCP7|U17LJ_HUMAN:sp|Q9Y2P0|ZN835_HUMAN:sp|Q9Y2P7|ZN256_HUMAN:sp|Q9BY31|ZN717_HUMAN:sp|Q96RE9|ZN300_HUMAN:sp|Q8N2A8|PLD6_HUMAN:sp|Q14694|UBP10_HUMAN:sp|Q9NYW8|RBAK_HUMAN:sp|Q9P0L1|ZKSC7_HUMAN:sp|Q14929|ZN169_HUMAN:sp|Q9Y6Q3|ZFP37_HUMAN:sp|C9JJH3|U17LA_HUMAN:sp|Q6QN14|U17L6_HUMAN:sp|O14709|ZN197_HUMAN:sp|P28288|ABCD3_HUMAN:sp|Q5CZA5|ZN805_HUMAN:sp|Q5HYK9|ZN667_HUMAN:sp|Q9BSN7|TM204_HUMAN:sp|Q6ZU80|CE128_HUMAN:sp|Q6NX49|ZN544_HUMAN:sp|Q9UJW7|ZN229_HUMAN:sp|Q86UP2|KTN1_HUMAN:sp|P0C7I0|U17L8_HUMAN:sp|Q86TJ5|ZN554_HUMAN:sp|Q8N883|ZN614_HUMAN:sp|Q70J99|UN13D_HUMAN:sp|Q9ULQ1|TPC1_HUMAN:sp|Q8IWY8|ZSC29_HUMAN:sp|D6RJB6|U17LK_HUMAN:sp|C9JVI0|U17LB_HUMAN:sp|P0C7H9|U17L7_HUMAN:sp|Q7RTZ2|U17L1_HUMAN:sp|P56282|DPOE2_HUMAN:sp|Q9P2J8|ZN624_HUMAN:sp|C9JPN9|UL17C_HUMAN:sp|A6NCW0|U17L3_HUMAN:sp|P17030|ZNF25_HUMAN:sp|P59923|ZN445_HUMAN:sp|Q15392|DHC24_HUMAN:sp|Q9NZN1|IRPL1_HUMAN:sp|P17029|ZKSC1_HUMAN:sp|A2AJT9|BCLA3_HUMAN:sp|P17028|ZNF24_HUMAN:sp|Q8TDJ6|DMXL2_HUMAN:sp|Q7RTS9|DYM_HUMAN:sp|Q5EBL2|ZN628_HUMAN:sp|Q8WXB4|ZN606_HUMAN:sp|D6RA61|U17LM_HUMAN:sp|Q8TAQ5|ZN420_HUMAN:sp|P17014|ZNF12_HUMAN:sp|O15204|ADEC1_HUMAN:sp|C9J2P7|U17LF_HUMAN:sp|Q02386|ZNF45_HUMAN:sp|Q2M218|ZN630_HUMAN:sp|Q86XF7|ZN575_HUMAN:sp|P17021|ZNF17_HUMAN:sp|P17097|ZNF7_HUMAN:sp|Q15776|ZKSC8_HUMAN:sp|Q8N9K5|ZN565_HUMAN:sp|Q6AHZ1|Z518A_HUMAN:sp|Q9UJU3|ZN112_HUMAN:sp|O95352|ATG7_HUMAN:sp|Q86UD4|ZN329_HUMAN:sp|Q52M93|Z585B_HUMAN:sp|Q14005|IL16_HUMAN:sp|Q86T29|ZN605_HUMAN:sp|P52736|ZN133_HUMAN:sp|Q96N95|ZN396_HUMAN:sp|Q86YE8|ZN573_HUMAN:sp|P17025|ZN182_HUMAN:sp|Q3L8U1|CHD9_HUMAN:sp|Q92896|GSLG1_HUMAN:sp|Q8IVC4|ZN584_HUMAN:sp|Q9UJN7|ZN391_HUMAN:sp|A6NCW7|U17L4_HUMAN:sp|Q8N5C8|TAB3_HUMAN:sp|Q8TD17|ZN398_HUMAN:sp|P35580|MYH10_HUMAN:sp|O43808|PM34_HUMAN:sp|P13682|ZNF35_HUMAN:sp|Q96JK2|DCAF5_HUMAN:sp|P17031|ZNF26_HUMAN:sp|Q96PZ0|PUS7_HUMAN:sp|Q9HCL2|GPAT1_HUMAN:sp|Q6ZUT3|FRMD7_HUMAN:sp|Q8IYB9|ZN595_HUMAN:sp|Q0WX57|U17LO_HUMAN:sp|O95671|ASML_HUMAN:sp|O00213|APBB1_HUMAN:sp|Q8NF99|ZN397_HUMAN:sp|A8MUK1|U17L5_HUMAN:sp|A1IGU5|ARH37_HUMAN:sp|P50748|KNTC1_HUMAN:sp|Q96NJ6|ZFP3_HUMAN:sp|Q9UK11|ZN223_HUMAN:sp|Q6ZMS7|ZN783_HUMAN:sp|Q01344|IL5RA_HUMAN,DeepNovo
P(+42.01)HTKLD,15.00,751.3864,6,33.3,6,1.3,376.70099,2,39.9914,39.0914,0.11,15377,HFX193_IPP292_GEL_CRC_324_Even.raw,4.39E6,2.71E7,2,2,2,2,"Acetylation (N-term)",,0 0 0 1 13 5,P(+42.01)HTKLD,sp|Q6UWV7|SHL2A_HUMAN,DB Search
P(+42.01)KLSADLDLTKR,51.87,1397.7878,12,66.7,12,0.4,466.93674,3,34.5743,-11.7257,0.39,13086,HFX193_IPP292_GEL_CRC_324_Even.raw,9.14E5,5.01E6,1,1,1,1,"Acetylation (N-term)",,0 0 0 0 32 32 90 44 23 5 5 5,P(+42.01)KLSADLDLTKR,sp|Q6ZSU1|C2G1P_HUMAN:sp|Q13395|TARB1_HUMAN:sp|Q6DN14|MCTP1_HUMAN:sp|Q9UK28|TM59L_HUMAN:sp|Q12772|SRBP2_HUMAN:sp|P04920|B3A2_HUMAN:sp|P22612|KAPCG_HUMAN:sp|P22694|KAPCB_HUMAN:sp|P38398|BRCA1_HUMAN:sp|Q96T68|SETB2_HUMAN:sp|Q09666|AHNK_HUMAN:sp|Q86WZ6|ZN227_HUMAN:sp|Q8IY95|TM192_HUMAN:sp|P17612|KAPCA_HUMAN:sp|Q9P2E7|PCD10_HUMAN:sp|O95786|RIGI_HUMAN:sp|Q9P2D7|DYH1_HUMAN:sp|O95847|UCP4_HUMAN:sp|O94916|NFAT5_HUMAN:sp|A2A3N6|PIPSL_HUMAN:sp|Q14207|NPAT_HUMAN:sp|Q9NSV4|DIAP3_HUMAN:sp|P56180|TPTE_HUMAN:sp|Q9Y4G2|PKHM1_HUMAN:sp|Q9HBG7|LY9_HUMAN:sp|P78346|RPP30_HUMAN:sp|Q9NR16|C163B_HUMAN:sp|P26639|SYTC_HUMAN:sp|Q8NI27|THOC2_HUMAN:sp|P59827|BPIB4_HUMAN:sp|Q6XPS3|TPTE2_HUMAN:sp|Q9NZN5|ARHGC_HUMAN:sp|O94941|RNF37_HUMAN:sp|Q494U1|PKHN1_HUMAN:sp|Q08752|PPID_HUMAN:sp|P41180|CASR_HUMAN:sp|Q6NSI1|AR26L_HUMAN:sp|Q9H2T7|RBP17_HUMAN:sp|Q63HR2|TENS2_HUMAN:sp|Q9BZE2|PUS3_HUMAN:sp|P19474|RO52_HUMAN:sp|A6NHM9|MOXD2_HUMAN:sp|Q9UKA1|FBXL5_HUMAN:sp|Q9P015|RM15_HUMAN:sp|Q9GZS0|DNAI2_HUMAN:sp|P26038|MOES_HUMAN:sp|Q06546|GABPA_HUMAN:sp|Q92888|ARHG1_HUMAN:sp|Q5VW32|BROX_HUMAN:sp|P42226|STAT6_HUMAN:sp|A6NEC2|PSAL_HUMAN:sp|Q86WK7|AMGO3_HUMAN:sp|Q96BY6|DOC10_HUMAN:sp|Q9BZ29|DOCK9_HUMAN:sp|Q86UQ4|ABCAD_HUMAN:sp|Q9P1W8|SIRPG_HUMAN:sp|O15031|PLXB2_HUMAN:sp|O14522|PTPRT_HUMAN:sp|Q9Y2K9|STB5L_HUMAN:sp|Q9ULH0|KDIS_HUMAN:sp|A8MYZ6|FOXO6_HUMAN:sp|P62269|RS18_HUMAN:sp|O00220|TR10A_HUMAN:sp|Q96PY5|FMNL2_HUMAN:sp|Q8N159|NAGS_HUMAN:sp|Q5U623|MCAF2_HUMAN:sp|Q8NFJ6|PKR2_HUMAN:sp|Q5T2Q4|CCYL2_HUMAN:sp|Q01105|SET_HUMAN:sp|Q7Z3K3|POGZ_HUMAN:sp|P39059|COFA1_HUMAN:sp|P43155|CACP_HUMAN:sp|O14983|AT2A1_HUMAN:sp|Q00973|B4GN1_HUMAN:sp|O60449|LY75_HUMAN:sp|Q9NP84|TNR12_HUMAN:sp|Q13263|TIF1B_HUMAN:sp|P51797|CLCN6_HUMAN:sp|Q99075|HBEGF_HUMAN:sp|Q86VQ6|TRXR3_HUMAN:sp|Q7L5A8|FA2H_HUMAN:sp|Q86YS6|RAB43_HUMAN:sp|P55786|PSA_HUMAN:sp|A6NKN8|PC4L1_HUMAN:sp|Q8TCW9|PKR1_HUMAN:sp|Q6P9F7|LRC8B_HUMAN:sp|P48506|GSH1_HUMAN:sp|Q9UPP1|PHF8_HUMAN:sp|A7E2Y1|MYH7B_HUMAN:sp|Q9BZW7|TSG10_HUMAN:sp|O43149|ZZEF1_HUMAN:sp|Q63HK5|TSH3_HUMAN:sp|Q96LT7|CI072_HUMAN:sp|Q06033|ITIH3_HUMAN:sp|P10515|ODP2_HUMAN:sp|P48751|B3A3_HUMAN:sp|P07942|LAMB1_HUMAN:sp|Q9Y2F9|BTBD3_HUMAN:sp|P24903|CP2F1_HUMAN:sp|Q13641|TPBG_HUMAN:sp|P35869|AHR_HUMAN:sp|Q2TB90|HKDC1_HUMAN:sp|Q9UHL0|DDX25_HUMAN:sp|P55036|PSMD4_HUMAN:sp|P78324|SHPS1_HUMAN:sp|P53621|COPA_HUMAN:sp|O75751|S22A3_HUMAN:sp|P30307|MPIP3_HUMAN:sp|O43379|WDR62_HUMAN:sp|Q5T5U3|RHG21_HUMAN:sp|Q9GZY8|MFF_HUMAN:sp|Q9UKL3|C8AP2_HUMAN:sp|Q9NR30|DDX21_HUMAN:sp|Q9Y3C0|WASC3_HUMAN:sp|P60484|PTEN_HUMAN:sp|Q9UJQ7|SCP2D_HUMAN:sp|Q9UN70|PCDGK_HUMAN:sp|Q969Q6|P2R3C_HUMAN:sp|O60242|AGRB3_HUMAN:sp|Q9NZJ5|E2AK3_HUMAN,DeepNovo
P(+42.01)PDLGSAL,47.21,810.4123,8,75.0,8,0.9,811.42029,1,62.2973,-18.4027,0.50,24365,HFX193_IPP292_GEL_CRC_324_Even.raw,3.37E6,1.49E7,1,1,1,1,"Acetylation (N-term)",,0 0 26 27 9 16 18 5,P(+42.01)PDLGSAL,sp|Q9NRG4|SMYD2_HUMAN:sp|Q8N468|MFD4A_HUMAN:sp|Q14993|COJA1_HUMAN:sp|Q92673|SORL_HUMAN:sp|Q9Y468|LMBL1_HUMAN:sp|P48378|RFX2_HUMAN:sp|O15360|FANCA_HUMAN:sp|P49748|ACADV_HUMAN:sp|O94778|AQP8_HUMAN:sp|Q8IYE1|CCD13_HUMAN:sp|Q6UXD5|SE6L2_HUMAN:sp|Q8IWN7|RP1L1_HUMAN:sp|Q5SQQ9|VAX1_HUMAN:sp|Q9NXV6|CARF_HUMAN:sp|P49281|NRAM2_HUMAN:sp|Q9HCC0|MCCB_HUMAN:sp|Q8NB59|SYT14_HUMAN:sp|Q9Y5Z9|UBIA1_HUMAN:sp|Q17RM4|CC142_HUMAN:sp|Q14534|ERG1_HUMAN:sp|Q96RK1|CITE4_HUMAN:sp|Q8N8U2|CDYL2_HUMAN:sp|Q9Y5H6|PCDA8_HUMAN:sp|P55082|MFAP3_HUMAN:sp|Q9H583|HEAT1_HUMAN:sp|Q15361|TTF1_HUMAN:sp|Q765P7|MTSS2_HUMAN:sp|Q8NHY6|ZFP28_HUMAN:sp|Q9NYG8|KCNK4_HUMAN:sp|Q9P2S6|ANKY1_HUMAN:DDX27_DEL_A-p.K660Rfs*4_::chr20:49241467-49242467_frame=-2:sp|Q9BVR0|HRC23_HUMAN:sp|P21860|ERBB3_HUMAN:sp|Q7Z7M0|MEGF8_HUMAN:sp|Q7LBC6|KDM3B_HUMAN:sp|A4D1P6|WDR91_HUMAN:sp|O94956|SO2B1_HUMAN:sp|Q9H9P5|UNKL_HUMAN:sp|O75185|AT2C2_HUMAN:sp|P57789|KCNKA_HUMAN:sp|Q9H7X0|NAA60_HUMAN:sp|Q6ZP01|RBM44_HUMAN:sp|Q14671|PUM1_HUMAN:sp|P29972|AQP1_HUMAN:sp|Q4KMQ2|ANO6_HUMAN:sp|O43525|KCNQ3_HUMAN:sp|Q587I9|SFT2C_HUMAN:sp|P12111|CO6A3_HUMAN:sp|Q6VVB1|NHLC1_HUMAN:sp|Q96FL8|S47A1_HUMAN:sp|O95081|AGFG2_HUMAN:sp|Q9Y4C4|MFHA1_HUMAN:sp|O94761|RECQ4_HUMAN:sp|Q9UJA2|CRLS1_HUMAN:sp|Q9UMZ2|SYNRG_HUMAN:sp|Q8N819|PPM1N_HUMAN:sp|Q8NAJ2|CI106_HUMAN:sp|Q6ZUF6|NC336_HUMAN:sp|O43150|ASAP2_HUMAN:sp|Q86U06|RBM23_HUMAN:sp|Q14134|TRI29_HUMAN:sp|Q86UQ4|ABCAD_HUMAN:sp|P36508|ZNF76_HUMAN:sp|P29965|CD40L_HUMAN:sp|Q9Y3T9|NOC2L_HUMAN:sp|Q86VV8|RTTN_HUMAN:sp|Q9BW27|NUP85_HUMAN:sp|Q8TDJ6|DMXL2_HUMAN:sp|Q96RV3|PCX1_HUMAN:sp|P33991|MCM4_HUMAN:sp|Q9BXF6|RFIP5_HUMAN:sp|Q16760|DGKD_HUMAN:sp|O60391|NMD3B_HUMAN:sp|Q96SW2|CRBN_HUMAN:sp|Q8IVW8|SPNS2_HUMAN:sp|P58505|CU058_HUMAN:sp|Q96RP9|EFGM_HUMAN:sp|Q9UI47|CTNA3_HUMAN:sp|Q9UK96|FBX10_HUMAN:sp|Q8N271|PROM2_HUMAN:sp|Q9BRR0|ZKSC3_HUMAN:sp|O95714|HERC2_HUMAN:sp|P40305|IFI27_HUMAN:sp|Q8N114|SHSA5_HUMAN:sp|P08670|VIME_HUMAN:sp|P41181|AQP2_HUMAN:sp|Q7KZN9|COX15_HUMAN:sp|Q8WY41|NANO1_HUMAN:sp|Q9NXK6|PAQR5_HUMAN:sp|Q8TF72|SHRM3_HUMAN:sp|Q9H981|ARP8_HUMAN:sp|Q53TN4|CYBR1_HUMAN:sp|Q8NEV9|IL27A_HUMAN:sp|Q92859|NEO1_HUMAN:sp|C9JH25|PRRT4_HUMAN:sp|Q96QT6|PHF12_HUMAN:sp|Q06033|ITIH3_HUMAN:sp|O43312|MTSS1_HUMAN:sp|Q5M9N0|CD158_HUMAN:sp|P55289|CAD12_HUMAN:sp|P56693|SOX10_HUMAN:sp|Q9UIL8|PHF11_HUMAN:sp|Q9H3H5|GPT_HUMAN:sp|Q9Y2G5|OFUT2_HUMAN:sp|Q8TET4|GANC_HUMAN:sp|P55064|AQP5_HUMAN:sp|Q9H0F6|SHRPN_HUMAN:sp|Q9H4Z2|ZN335_HUMAN:sp|Q8TB72|PUM2_HUMAN:sp|P04839|CY24B_HUMAN:sp|Q6UWM7|LCTL_HUMAN:sp|Q07864|DPOE1_HUMAN:sp|Q2LD37|BLTP1_HUMAN:sp|Q5H9E4|S2553_HUMAN:sp|P33121|ACSL1_HUMAN:sp|Q03164|KMT2A_HUMAN:sp|A0A087WXM9|MEIKN_HUMAN:sp|Q71RS6|NCKX5_HUMAN:sp|Q86XX4|FRAS1_HUMAN:sp|Q2KHM9|MOONR_HUMAN,DeepNovo
P(+42.01)PKGFAGKKAGGP,47.61,1252.6927,13,23.1,13,1.3,627.35449,2,28.7042,5.2042,0.28,10805,HFX193_IPP292_GEL_CRC_324_Odd.raw,2.09E6,1.6E7,2,2,2,2,"Acetylation (N-term)",,0 0 1 1 4 0 0 2 6 1 0 0 1,P(+42.01)PKGFAGKKAGGP,,DeepNovo
P(+42.01)PLDKAAGKPPDM(+15.99)HK,72.48,1658.8450,15,46.7,15,3.5,553.95752,3,25.8668,4.0668,0.03,9665,HFX193_IPP292_GEL_CRC_324_Odd.raw,5.39E5,5.42E6,2,2,1,1,"Acetylation (N-term);Oxidation (M)",,0 0 22 15 12 4 0 0 8 0 0 0 1 19 5,P(+42.01)PLDKAAGKPPDM(+15.99)HK,sp|P23378|GCSP_HUMAN:sp|Q9NWW7|CB042_HUMAN:sp|Q8N8V4|ANS4B_HUMAN:sp|P09884|DPOLA_HUMAN:sp|Q8IYX1|TBC21_HUMAN:sp|Q5ST30|SYVM_HUMAN:sp|Q8NGP0|OR4CD_HUMAN:sp|Q9BXW4|MLP3C_HUMAN:sp|Q9UI32|GLSL_HUMAN:sp|Q93097|WNT2B_HUMAN:sp|Q9Y2J8|PADI2_HUMAN:sp|Q12996|CSTF3_HUMAN:sp|Q9NV35|NUD15_HUMAN:sp|Q9H211|CDT1_HUMAN:sp|Q8IZF6|AGRG4_HUMAN:sp|Q9Y2K2|SIK3_HUMAN:sp|Q68CZ2|TENS3_HUMAN:sp|Q99961|SH3G1_HUMAN:sp|Q5T1M5|FKB15_HUMAN:sp|O96005|CLPT1_HUMAN:sp|Q86UK5|LBN_HUMAN:sp|Q9UNQ2|DIM1_HUMAN:sp|P22680|CP7A1_HUMAN:sp|Q96EB6|SIR1_HUMAN:sp|Q6ZT12|UBR3_HUMAN:sp|Q9HAU5|RENT2_HUMAN:sp|Q99972|MYOC_HUMAN:sp|Q9NSV4|DIAP3_HUMAN:sp|Q5TBA9|FRY_HUMAN:sp|Q96B21|TM45B_HUMAN:sp|Q9ULT8|HECD1_HUMAN:sp|Q16877|F264_HUMAN:sp|Q96R67|OR4CC_HUMAN:sp|Q96PU4|UHRF2_HUMAN:sp|O94925|GLSK_HUMAN:sp|Q9BZH6|WDR11_HUMAN:sp|Q9H0D6|XRN2_HUMAN:sp|Q8NGB2|OR4C5_HUMAN:sp|Q99459|CDC5L_HUMAN:sp|Q9H4L5|OSBL3_HUMAN:sp|Q02410|APBA1_HUMAN:sp|Q9UFE4|CCD39_HUMAN:sp|Q9NZN5|ARHGC_HUMAN:sp|Q9NZJ4|SACS_HUMAN:sp|P51911|CNN1_HUMAN:sp|O43314|VIP2_HUMAN:sp|Q9HAU8|RNPL1_HUMAN:sp|Q8WXG9|AGRV1_HUMAN:sp|A6NE01|F186A_HUMAN:sp|A6NHA9|O4C46_HUMAN:sp|Q93086|P2RX5_HUMAN:sp|Q16539|MK14_HUMAN:sp|O95983|MBD3_HUMAN:sp|Q63HR2|TENS2_HUMAN:sp|Q9NXG0|CNTLN_HUMAN:sp|Q8IV76|PASD1_HUMAN:sp|Q8NH72|OR4C6_HUMAN:sp|Q9UNU6|CP8B1_HUMAN:sp|Q6PFW1|VIP1_HUMAN:sp|P06703|S10A6_HUMAN:sp|O15131|IMA6_HUMAN:sp|Q5CZC0|FSIP2_HUMAN:sp|Q6AI39|BICRL_HUMAN:sp|Q8NI60|COQ8A_HUMAN:sp|O95197|RTN3_HUMAN:sp|Q15596|NCOA2_HUMAN:sp|Q12873|CHD3_HUMAN:sp|Q92908|GATA6_HUMAN:sp|Q9UDY2|ZO2_HUMAN:sp|Q07157|ZO1_HUMAN:sp|Q9P260|RELCH_HUMAN:sp|Q8IZU1|FAM9A_HUMAN:sp|Q6ZUB1|S31E1_HUMAN:sp|Q8TEP8|CE192_HUMAN,DeepNovo
P(+42.01)PLTPEEKRT,46.60,1208.6401,10,50.0,10,2.6,605.32886,2,35.6633,-3.1367,0.32,13636,HFX193_IPP292_GEL_CRC_324_Odd.raw,2.18E6,1.82E7,2,2,2,2,"Acetylation (N-term)",,0 0 30 19 0 0 4 2 1 5,P(+42.01)PLTPEEKRT,,DeepNovo
P(+42.01)PLTTTRDYAE,37.66,1304.6249,11,63.6,11,2.8,653.32153,2,67.7041,-1.6959,0.17,26448,HFX193_IPP292_GEL_CRC_324_Even.raw,4.99E5,2.97E6,1,1,1,1,"Acetylation (N-term)",,0 0 5 5 0 0 3 6 8 2 2,P(+42.01)PLTTTRDYAE,,DeepNovo
P(+42.01)PPHM(+15.99)VTHF,46.03,1119.5171,9,77.8,9,-0.1,560.76581,2,38.6700,5.7700,0.31,14761,HFX193_IPP292_GEL_CRC_324_Odd.raw,2.57E8,8.52E8,10,10,7,7,"Acetylation (N-term);Oxidation (M)",,0 0 4 20 12 11 11 9 5,P(+42.01)PPHM(+15.99)VTHF,sp|P55061|BI1_HUMAN:ZBTB20_DEL_G-p.P692Lfs*43_::chr3:114338656-114339656_frame=-2:sp|Q5T5U3|RHG21_HUMAN:sp|Q66K89|E4F1_HUMAN:sp|Q9UNU6|CP8B1_HUMAN:sp|Q96K62|ZBT45_HUMAN:sp|Q9HC78|ZBT20_HUMAN:sp|Q9BS34|ZN670_HUMAN:sp|O60315|ZEB2_HUMAN,DeepNovo
P(+42.01)PRPVKHFGLKYTH,69.44,1717.9417,14,57.1,14,-0.5,430.49246,4,26.5012,-3.6988,0.42,9883,HFX193_IPP292_GEL_CRC_324_Even.raw,1.94E6,1.57E7,2,2,2,2,"Acetylation (N-term)",,0 0 0 6 6 11 26 1 1 0 4 2 4 5,P(+42.01)PRPVKHFGLKYTH,sp|Q9H3P2|NELFA_HUMAN:sp|Q9HCD6|TANC2_HUMAN:sp|P40121|CAPG_HUMAN:sp|Q99829|CPNE1_HUMAN:sp|P20936|RASA1_HUMAN:sp|Q6P2C0|WDR93_HUMAN:sp|Q6WRI0|IGS10_HUMAN:sp|Q14314|FGL2_HUMAN,DeepNovo
P(+42.01)PSLGGAHLDC(+119.00)WTM(+15.99)VKPAALLKASPKKAPGTK,105.05,3446.7876,32,50.0,32,4.3,493.40762,7,27.3686,N/A,0.15,10388,HFX193_IPP292_GEL_CRC_324_Even.raw,5.31E6,2.71E7,2,2,1,1,"Acetylation (N-term);Cysteinylation;Oxidation (M)",,0 0 0 0 0 0 0 4 7 8 0 0 0 0 0 0 0 38 38 51 33 20 5 5 2 2 12 12 1 1 2 5,P(+42.01)PSLGGAHLDC(+119.00)WTM(+15.99)VKPAALLKASPKKAPGTK,sp|Q6UVJ0|SAS6_HUMAN:sp|A0A0B4J1V0|HV315_HUMAN:sp|Q93045|STMN2_HUMAN:ESRP1_DEL_A-p.N512Tfs*2_::chr8:94673883-94674883_frame=-1:sp|Q96KB5|TOPK_HUMAN:sp|Q93034|CUL5_HUMAN:sp|Q9BZQ8|NIBA1_HUMAN:sp|Q86TI0|TBCD1_HUMAN:sp|Q6ZRS2|SRCAP_HUMAN:sp|B7ZC32|KIF28_HUMAN:sp|P11117|PPAL_HUMAN:sp|Q13428|TCOF_HUMAN:sp|Q13370|PDE3B_HUMAN:sp|Q9BZK7|TBL1R_HUMAN:sp|P16401|H15_HUMAN:sp|Q8IVB4|SL9A9_HUMAN:sp|Q8IXS6|PALM2_HUMAN:sp|Q96RK0|CIC_HUMAN:sp|Q01101|INSM1_HUMAN:sp|P78310|CXAR_HUMAN:sp|Q9C093|SPEF2_HUMAN:sp|Q9H3Y6|SRMS_HUMAN:sp|Q86YR6|POTED_HUMAN:sp|Q15034|HERC3_HUMAN:sp|P46821|MAP1B_HUMAN:sp|Q9BWQ6|YIPF2_HUMAN:sp|Q9BQG0|MBB1A_HUMAN:sp|Q641Q2|WAC2A_HUMAN:sp|Q709C8|VP13C_HUMAN:sp|Q8NHB7|OR5K1_HUMAN:sp|Q5TZA2|CROCC_HUMAN:sp|Q765P7|MTSS2_HUMAN:sp|Q96QH2|PRAM_HUMAN:sp|Q9ULI4|KI26A_HUMAN:sp|Q9NX05|F120C_HUMAN:sp|O95393|BMP10_HUMAN:sp|P51587|BRCA2_HUMAN:sp|Q8WUY3|PRUN2_HUMAN:sp|Q5JYT7|K1755_HUMAN:sp|Q96QK1|VPS35_HUMAN:sp|Q9HA90|EFCC1_HUMAN:sp|Q9Y2F5|ICE1_HUMAN:sp|Q687X5|STEA4_HUMAN:sp|I6L899|GOG8R_HUMAN:sp|Q96RF0|SNX18_HUMAN:sp|Q14674|ESPL1_HUMAN:sp|Q9Y2D0|CAH5B_HUMAN:sp|A6NMB9|FIGL2_HUMAN:sp|A7E2V4|ZSWM8_HUMAN:sp|P51531|SMCA2_HUMAN:sp|Q9P2P6|STAR9_HUMAN:sp|A6NN73|GOG8C_HUMAN:sp|P24593|IBP5_HUMAN:sp|Q8N5Q1|GAR5B_HUMAN:sp|E2RYF6|MUC22_HUMAN:sp|Q9Y4C4|MFHA1_HUMAN:sp|Q05932|FOLC_HUMAN:sp|P10827|THA_HUMAN:sp|Q9BQQ3|GORS1_HUMAN:sp|Q9NZM3|ITSN2_HUMAN:sp|Q6JQN1|ACD10_HUMAN:sp|Q00975|CAC1B_HUMAN:sp|Q496Y0|LONF3_HUMAN:sp|Q9Y3X0|CCDC9_HUMAN:sp|Q16881|TRXR1_HUMAN:sp|Q8TD22|SFXN5_HUMAN:sp|Q99679|GPR21_HUMAN:sp|Q8TEQ8|PIGO_HUMAN:sp|Q53TQ3|IN80D_HUMAN:sp|P63145|GAK24_HUMAN:sp|Q8IYB4|PEX5R_HUMAN:sp|Q6ZTW0|TPGS1_HUMAN:sp|Q86SQ6|AGRA1_HUMAN:sp|Q0D2H9|GOG8D_HUMAN:sp|Q969S3|ZN622_HUMAN:sp|Q15390|MTFR1_HUMAN:sp|P02549|SPTA1_HUMAN:sp|Q9UPR6|ZFR2_HUMAN:sp|Q8TDW4|ST7L_HUMAN:sp|Q9H2D6|TARA_HUMAN:sp|Q9NRC6|SPTN5_HUMAN:sp|Q5UE93|PI3R6_HUMAN:sp|P10696|PPBN_HUMAN:sp|O75912|DGKI_HUMAN:sp|Q12852|M3K12_HUMAN:sp|O00410|IPO5_HUMAN:sp|Q15431|SYCP1_HUMAN:sp|P01031|CO5_HUMAN:sp|Q8IYS4|DAAF8_HUMAN:sp|A6NES4|MRO2A_HUMAN:sp|P15813|CD1D_HUMAN:sp|Q02505|MUC3A_HUMAN:sp|O75410|TACC1_HUMAN:sp|Q9BUH8|BEGIN_HUMAN:sp|Q96LK8|SPT32_HUMAN:sp|Q8IY33|MILK2_HUMAN:sp|Q96CN7|ISOC1_HUMAN:sp|Q9NRC1|ST7_HUMAN:sp|Q9H270|VPS11_HUMAN:sp|P10828|THB_HUMAN:sp|Q9HCE3|ZN532_HUMAN:sp|Q9UKT4|FBX5_HUMAN:sp|P32780|TF2H1_HUMAN:sp|O00268|TAF4_HUMAN:sp|P37023|ACVL1_HUMAN:sp|Q32MK0|MYLK3_HUMAN:sp|Q9BPW4|APOL4_HUMAN:sp|Q6ZVT0|TTL10_HUMAN:sp|P20742|PZP_HUMAN:sp|Q9H707|ZN552_HUMAN:sp|Q8N695|SC5A8_HUMAN:sp|Q8TEC5|SH3R2_HUMAN:sp|Q6P1M3|L2GL2_HUMAN:sp|Q9NZC9|SMAL1_HUMAN:sp|H3BUK9|POTB2_HUMAN:sp|Q3ZLR7|SP201_HUMAN:sp|Q03164|KMT2A_HUMAN:sp|Q96PZ7|CSMD1_HUMAN:sp|Q13202|DUS8_HUMAN:sp|P55055|NR1H2_HUMAN,DeepNovo
P(+42.01)PTPLKRGGKAGTY,65.07,1483.8147,14,28.6,14,1.5,742.91571,2,34.4194,4.1194,0.10,13140,HFX193_IPP292_GEL_CRC_324_Even.raw,6.58E5,7.29E6,2,2,2,2,"Acetylation (N-term)",,0 0 0 0 8 5 1 0 0 1 1 1 11 5,P(+42.01)PTPLKRGGKAGTY,sp|Q92743|HTRA1_HUMAN:sp|Q13461|FOXE3_HUMAN:sp|Q8N0Y7|PGAM4_HUMAN:sp|Q5EBL8|PDZ11_HUMAN:sp|Q9ULB1|NRX1A_HUMAN:sp|Q5THR3|EFCB6_HUMAN:sp|Q9Y250|LZTS1_HUMAN:sp|Q9NYQ7|CELR3_HUMAN:sp|Q8N184|ZN567_HUMAN:sp|Q8NDT2|RB15B_HUMAN:sp|Q8N5A5|ZGPAT_HUMAN:sp|P23786|CPT2_HUMAN:sp|O95264|5HT3B_HUMAN:sp|Q8TEB7|RN128_HUMAN:sp|P46013|KI67_HUMAN:sp|Q9Y4A5|TRRAP_HUMAN:sp|P57723|PCBP4_HUMAN:sp|P82909|KGD4_HUMAN:sp|P18669|PGAM1_HUMAN:sp|Q9BQD7|ANKMT_HUMAN:sp|Q6PKG0|LARP1_HUMAN:sp|Q5EBM0|CMPK2_HUMAN:sp|Q9H2A9|CHST8_HUMAN:sp|P18627|LAG3_HUMAN:sp|Q8TDS5|OXER1_HUMAN:sp|Q9UI40|NCKX2_HUMAN:sp|Q9Y2K7|KDM2A_HUMAN:sp|Q09019|DMWD_HUMAN:sp|P43246|MSH2_HUMAN:sp|Q8WTR8|NET5_HUMAN:sp|O43603|GALR2_HUMAN:sp|Q8NBH2|KY_HUMAN:sp|O15056|SYNJ2_HUMAN:sp|Q9HDB9|GAK5_HUMAN:sp|Q71UI9|H2AV_HUMAN:sp|Q8IYF1|ELOA2_HUMAN:sp|P34949|MPI_HUMAN:sp|P0CF51|TRGC1_HUMAN:sp|P27448|MARK3_HUMAN:sp|Q9Y314|NOSIP_HUMAN:sp|Q5JYT7|K1755_HUMAN:sp|P82987|ATL3_HUMAN:sp|P46597|ASMT_HUMAN:sp|P49770|EI2BB_HUMAN:sp|O15197|EPHB6_HUMAN:sp|Q8NDA2|HMCN2_HUMAN:sp|Q9Y6Z7|COL10_HUMAN:sp|Q8N5J2|MINY1_HUMAN:sp|P28039|AOAH_HUMAN:sp|P80192|M3K9_HUMAN:sp|P49796|RGS3_HUMAN:sp|Q9UPZ6|THS7A_HUMAN:sp|Q96PV0|SYGP1_HUMAN:sp|Q7L5Y6|DET1_HUMAN:sp|Q9P0L2|MARK1_HUMAN:sp|Q5TGY3|AHDC1_HUMAN:sp|Q9NTJ4|MA2C1_HUMAN:sp|P03986|TRGC2_HUMAN:sp|Q9P202|WHRN_HUMAN:sp|Q14690|RRP5_HUMAN:sp|Q9HAU0|PKHA5_HUMAN:sp|P25940|CO5A3_HUMAN:sp|P51659|DHB4_HUMAN:sp|P52756|RBM5_HUMAN:sp|Q7Z2K8|GRIN1_HUMAN:sp|Q9NZN4|EHD2_HUMAN:sp|O94844|RHBT1_HUMAN:sp|Q9UQB3|CTND2_HUMAN:sp|Q8N2Y8|RUSC2_HUMAN:sp|O00358|FOXE1_HUMAN:sp|Q6ZUB1|S31E1_HUMAN:sp|Q8NFZ4|NLGN2_HUMAN:sp|Q8TDD1|DDX54_HUMAN:sp|Q13671|RIN1_HUMAN:sp|Q6UWL2|SUSD1_HUMAN:sp|O15031|PLXB2_HUMAN:sp|Q96K30|RITA1_HUMAN:sp|Q86UR5|RIMS1_HUMAN:sp|O15015|ZN646_HUMAN:sp|Q5H9R4|ARMX4_HUMAN:sp|P63145|GAK24_HUMAN:sp|O95622|ADCY5_HUMAN:sp|Q9H427|KCNKF_HUMAN:sp|Q7Z3J2|VP35L_HUMAN:sp|Q15019|SEPT2_HUMAN:sp|P48048|KCNJ1_HUMAN:sp|O43303|CP110_HUMAN:sp|Q6ZUT6|CCD9B_HUMAN:sp|Q8IV53|DEN1C_HUMAN:sp|P31391|SSR4_HUMAN:sp|P63128|POK9_HUMAN:sp|P0CJ78|ZN865_HUMAN:sp|O14686|KMT2D_HUMAN:sp|Q99856|ARI3A_HUMAN:sp|Q4G163|FBX43_HUMAN:sp|P83105|HTRA4_HUMAN:sp|Q9NWW0|HPIP_HUMAN:sp|Q96FE7|P3IP1_HUMAN:sp|Q12770|SCAP_HUMAN:sp|Q9Y4W6|AFG32_HUMAN:sp|Q9Y287|ITM2B_HUMAN:sp|Q9Y285|SYFA_HUMAN:sp|O60336|MABP1_HUMAN:sp|Q86WJ1|CHD1L_HUMAN:sp|Q96KS0|EGLN2_HUMAN:sp|O14544|SOCS6_HUMAN:sp|Q5VTJ3|KLD7A_HUMAN:sp|Q9BX10|GTPB2_HUMAN:sp|Q9Y6C2|EMIL1_HUMAN:sp|Q07864|DPOE1_HUMAN:sp|Q9Y2N7|HIF3A_HUMAN:sp|O75077|ADA23_HUMAN:sp|Q8TAV3|CP2W1_HUMAN:sp|Q96I25|SPF45_HUMAN:sp|Q5THK1|PR14L_HUMAN:sp|Q8NCU4|CC191_HUMAN:sp|P13671|CO6_HUMAN:sp|P35663|CYLC1_HUMAN:sp|Q8TBP5|F174A_HUMAN:sp|P49023|PAXI_HUMAN,DeepNovo
P(+42.01)RPPLAT,24.43,792.4493,7,57.1,7,0.8,397.23227,2,44.1905,0.7905,0.25,17092,HFX193_IPP292_GEL_CRC_324_Even.raw,4.48E5,2.85E6,1,1,1,1,"Acetylation (N-term)",,0 0 0 27 21 17 5,P(+42.01)RPPLAT,,DeepNovo
P(+42.01)RRLYR,19.96,901.5246,6,16.7,6,0.4,451.76978,2,31.6796,11.1796,0.22,12023,HFX193_IPP292_GEL_CRC_324_Odd.raw,,,1,1,0,0,"Acetylation (N-term)",,1 0 0 11 0 0,P(+42.01)RRLYR,,DeepNovo
P(+42.01)SC(+119.00)EFDGKRVVVLK,47.54,1736.8589,14,57.1,14,-3.2,579.95837,3,56.8385,-9.4615,0.14,22114,HFX193_IPP292_GEL_CRC_324_Even.raw,,,1,1,0,0,"Acetylation (N-term);Cysteinylation",,0 0 0 0 7 7 1 1 2 2 3 4 9 5,P(+42.01)SC(+119.00)EFDGKRVVVLK,sp|P11509|CP2A6_HUMAN:sp|Q8WXH6|RB40A_HUMAN:sp|O43781|DYRK3_HUMAN:sp|Q9NVQ4|FAIM1_HUMAN:sp|O14924|RGS12_HUMAN:sp|Q8NG04|S2610_HUMAN:sp|Q8ND23|CARL3_HUMAN:sp|Q7Z570|Z804A_HUMAN:sp|Q5D1E8|ZC12A_HUMAN:sp|P43146|DCC_HUMAN:sp|Q9H2B2|SYT4_HUMAN:sp|Q9NWM0|SMOX_HUMAN:sp|Q6PIF6|MYO7B_HUMAN:sp|A2VCK2|DCD2B_HUMAN:sp|Q9H4B6|SAV1_HUMAN:sp|Q53GD3|CTL4_HUMAN:sp|Q9NY25|CLC5A_HUMAN:sp|Q9NS84|CHST7_HUMAN:sp|Q9BT88|SYT11_HUMAN:sp|A8MVU1|NCF1C_HUMAN:sp|Q9C0J8|WDR33_HUMAN:sp|Q8TBF8|FA81A_HUMAN:sp|O94829|IPO13_HUMAN:sp|Q16696|CP2AD_HUMAN:sp|A6NCI4|VWA3A_HUMAN:sp|Q9BZE1|RM37_HUMAN:sp|Q9H582|ZN644_HUMAN:sp|O00203|AP3B1_HUMAN:sp|Q9NVX2|NLE1_HUMAN:sp|Q9HCT0|FGF22_HUMAN:sp|Q15102|PA1B3_HUMAN:sp|Q9Y5F3|PCDB1_HUMAN:sp|Q5T6J7|GNTK_HUMAN:sp|P30304|MPIP1_HUMAN:sp|Q53T94|TAF1B_HUMAN:sp|Q9Y5H2|PCDGB_HUMAN:sp|Q13367|AP3B2_HUMAN:sp|Q5T447|HECD3_HUMAN:sp|Q6KC79|NIPBL_HUMAN:sp|Q76G19|PDZD4_HUMAN:sp|Q9Y5G3|PCDGD_HUMAN:sp|P46779|RL28_HUMAN:sp|Q5VZ66|JKIP3_HUMAN:sp|Q9H158|PCDC1_HUMAN:sp|Q76KD6|SPERI_HUMAN:sp|P36776|LONM_HUMAN:sp|P82673|RT35_HUMAN:sp|Q9BQT9|CSTN3_HUMAN:sp|Q9UBE8|NLK_HUMAN:sp|P00558|PGK1_HUMAN:sp|Q8WXR4|MYO3B_HUMAN:sp|P07741|APT_HUMAN:sp|P14598|NCF1_HUMAN:sp|P22234|PUR6_HUMAN:sp|P20853|CP2A7_HUMAN:sp|Q86TU7|SETD3_HUMAN:sp|Q4G148|GXLT1_HUMAN:sp|Q9BVS4|RIOK2_HUMAN:sp|O94983|CMTA2_HUMAN:sp|Q9Y2D2|S35A3_HUMAN:sp|O43865|SAHH2_HUMAN:sp|P51811|XK_HUMAN:sp|Q8NBP7|PCSK9_HUMAN:sp|Q5W064|LIPJ_HUMAN:sp|A6NI72|NCF1B_HUMAN:sp|Q14832|GRM3_HUMAN:sp|P0C0E4|RB40L_HUMAN:sp|A0A1B0GW54|SIM39_HUMAN:sp|Q8TDB4|HUMMR_HUMAN:sp|Q6IA86|ELP2_HUMAN:sp|Q9Y5F0|PCDBD_HUMAN:sp|Q96AT1|K1143_HUMAN:sp|Q9H8W5|TRI45_HUMAN:sp|Q14164|IKKE_HUMAN:sp|Q9H6U6|BCAS3_HUMAN:sp|Q9Y4K4|M4K5_HUMAN:sp|P51854|TKTL1_HUMAN:sp|Q9BXC9|BBS2_HUMAN:sp|P41218|MNDA_HUMAN:sp|Q86UA1|PRP39_HUMAN:sp|A8MVX0|ARG33_HUMAN:sp|Q6ZMR5|TM11A_HUMAN:sp|Q9NR64|KLHL1_HUMAN:sp|O43281|EFS_HUMAN:sp|P14625|ENPL_HUMAN:sp|Q6ZUK4|TMM26_HUMAN:sp|Q7Z2E3|APTX_HUMAN:sp|Q8TDX6|CGAT1_HUMAN:sp|Q96KV7|WDR90_HUMAN:sp|Q86Z14|KLOTB_HUMAN:sp|O43156|TTI1_HUMAN:sp|Q9NXA8|SIR5_HUMAN:sp|Q58FF3|ENPLL_HUMAN:sp|P24903|CP2F1_HUMAN:sp|Q6L9W6|B4GN3_HUMAN:sp|Q96CM4|NXNL1_HUMAN:sp|P14550|AK1A1_HUMAN:sp|P83876|TXN4A_HUMAN:sp|Q8WXG9|AGRV1_HUMAN:sp|Q93084|AT2A3_HUMAN:sp|Q86SJ2|AMGO2_HUMAN:sp|Q5GFL6|VWA2_HUMAN:sp|O94966|UBP19_HUMAN:sp|Q5T1H1|EYS_HUMAN:sp|P29590|PML_HUMAN:sp|O00522|KRIT1_HUMAN:sp|Q5JWR5|DOP1_HUMAN:sp|P98088|MUC5A_HUMAN:sp|O15394|NCAM2_HUMAN:sp|Q02878|RL6_HUMAN:sp|Q9UJQ4|SALL4_HUMAN:sp|Q6W4X9|MUC6_HUMAN:sp|P16444|DPEP1_HUMAN:sp|Q8IVH8|M4K3_HUMAN:sp|Q9BYK8|HELZ2_HUMAN:sp|P14920|OXDA_HUMAN:sp|Q8WWZ4|ABCAA_HUMAN:sp|Q9NTG7|SIR3_HUMAN:sp|Q96MN5|TEAN2_HUMAN,DeepNovo
P(+42.01)SELERVAK,37.54,1069.5768,9,66.7,9,0.5,357.53305,3,27.8836,-2.5164,0.40,10475,HFX193_IPP292_GEL_CRC_324_Even.raw,2.28E5,2.68E6,1,1,1,1,"Acetylation (N-term)",,0 0 4 6 2 0 4 2 5,P(+42.01)SELERVAK,,DeepNovo
P(+42.01)TFPHVARL,50.72,1078.5923,9,66.7,9,1.2,540.30408,2,59.9875,-19.9125,0.73,23331,HFX193_IPP292_GEL_CRC_324_Even.raw,3.19E6,1.56E7,2,2,2,2,"Acetylation (N-term)",,0 0 0 32 23 12 2 2 2,P(+42.01)TFPHVARL,sp|P0DP75|M14OS_HUMAN:sp|Q9Y520|PRC2C_HUMAN:sp|P48449|LSS_HUMAN:sp|Q9ULK2|AT7L1_HUMAN:sp|Q15048|LRC14_HUMAN:sp|Q9Y6X9|MORC2_HUMAN:sp|Q7Z408|CSMD2_HUMAN:sp|Q9HAD4|WDR41_HUMAN:sp|Q9H7P9|PKHG2_HUMAN:sp|P23468|PTPRD_HUMAN:sp|Q9Y239|NOD1_HUMAN:sp|Q96M86|DNHD1_HUMAN:sp|Q9UBD5|ORC3_HUMAN:sp|O75616|ERAL1_HUMAN:sp|A6NHR9|SMHD1_HUMAN:sp|Q9P1Z2|CACO1_HUMAN:sp|O15260|SURF4_HUMAN,DeepNovo
P(+42.01)VSRAE,10.80,699.3552,6,0.0,6,-0.6,700.36200,1,55.8552,52.3552,0.12,21727,HFX193_IPP292_GEL_CRC_324_Even.raw,2.2E5,1.19E6,1,1,1,1,"Acetylation (N-term)",,1 1 0 0 0 0,P(+42.01)VSRAE,sp|Q8IVC4|ZN584_HUMAN,DB Search
P(+42.01)VVERLGLRR,32.45,1235.7462,10,30.0,10,-2.2,412.92175,3,54.5039,13.3039,0.33,21154,HFX193_IPP292_GEL_CRC_324_Even.raw,2.07E6,1.22E7,1,1,1,1,"Acetylation (N-term)",,0 0 0 2 2 0 0 0 0 3,P(+42.01)VVERLGLRR,sp|A1A519|F170A_HUMAN:sp|O75995|SASH3_HUMAN:sp|Q6P2D8|XRRA1_HUMAN:sp|Q9NRF8|PYRG2_HUMAN:sp|P11498|PYC_HUMAN:sp|Q7Z410|TMPS9_HUMAN:sp|Q96DF8|ESS2_HUMAN:sp|A7E2U8|CD047_HUMAN:sp|Q9H845|ACAD9_HUMAN:sp|Q9UQ13|SHOC2_HUMAN:sp|Q96EG1|ARSG_HUMAN:sp|Q9Y2T5|GPR52_HUMAN:sp|Q6ZNE9|RUFY4_HUMAN:sp|Q8WWY3|PRP31_HUMAN:sp|Q7L8A9|VASH1_HUMAN:sp|Q9BT04|FUZZY_HUMAN:sp|Q7Z553|MDGA2_HUMAN:sp|Q71F56|MD13L_HUMAN:sp|Q16527|CSRP2_HUMAN:sp|Q4LDE5|SVEP1_HUMAN:sp|P22680|CP7A1_HUMAN:sp|Q9UNA4|POLI_HUMAN:sp|A6NGR9|MROH6_HUMAN:sp|Q709C8|VP13C_HUMAN:sp|Q8TEB1|DCA11_HUMAN:sp|Q96QH2|PRAM_HUMAN:sp|O75881|CP7B1_HUMAN:sp|Q9NYH9|UTP6_HUMAN:sp|Q14160|SCRIB_HUMAN:sp|Q86Y56|DAAF5_HUMAN:sp|Q9C0D4|Z518B_HUMAN:sp|Q9P1Y6|PHRF1_HUMAN:sp|P06730|IF4E_HUMAN:sp|O14974|MYPT1_HUMAN:sp|Q9H313|TTYH1_HUMAN:sp|O94986|CE152_HUMAN:sp|Q96MU7|YTDC1_HUMAN:sp|P21695|GPDA_HUMAN:sp|Q96DE9|EOLA2_HUMAN:sp|Q9H1M3|DB129_HUMAN:sp|Q06546|GABPA_HUMAN:sp|O43825|B3GT2_HUMAN:sp|Q92560|BAP1_HUMAN:sp|Q86TC9|MYPN_HUMAN:sp|Q07912|ACK1_HUMAN:sp|P13798|ACPH_HUMAN:sp|Q9Y6K9|NEMO_HUMAN:sp|Q05932|FOLC_HUMAN:sp|Q96EY8|MMAB_HUMAN:sp|Q9UHC6|CNTP2_HUMAN:sp|Q7Z6J9|SEN54_HUMAN:sp|Q7RTP6|MICA3_HUMAN:sp|Q99748|NRTN_HUMAN:sp|Q9Y6C5|PTC2_HUMAN:sp|Q86Y38|XYLT1_HUMAN:sp|O95475|SIX6_HUMAN:sp|P0C7M8|CLC2L_HUMAN:sp|Q5H9R4|ARMX4_HUMAN:sp|Q6PXP3|GTR7_HUMAN:sp|Q52LR7|EPC2_HUMAN:sp|Q9NSI6|BRWD1_HUMAN:sp|A6NK58|LIPT2_HUMAN:sp|Q9Y5A7|NUB1_HUMAN:sp|O14874|BCKD_HUMAN:sp|O94927|HAUS5_HUMAN:sp|Q9H3K2|GHITM_HUMAN:sp|Q92974|ARHG2_HUMAN:sp|Q9H251|CAD23_HUMAN:sp|Q9NPR9|GP108_HUMAN:sp|Q13200|PSMD2_HUMAN:sp|O00198|HRK_HUMAN:sp|Q13042|CDC16_HUMAN:sp|Q8TF76|HASP_HUMAN:sp|P06239|LCK_HUMAN:sp|P19484|TFEB_HUMAN:TBC1D23_DEL_A-p.K649Nfs*18_::chr3:100320392-100321392_frame=1:sp|Q8TE69|EOLA1_HUMAN:sp|Q9UMN6|KMT2B_HUMAN:sp|Q9Y5P6|GMPPB_HUMAN:sp|P26006|ITA3_HUMAN:sp|C9JTQ0|ANR63_HUMAN:sp|Q6P093|ADCL2_HUMAN:sp|Q9Y5S2|MRCKB_HUMAN:sp|Q9UBW7|ZMYM2_HUMAN:sp|Q86TH1|ATL2_HUMAN:sp|P22760|AAAD_HUMAN:sp|Q86Y07|VRK2_HUMAN:sp|Q6UX15|LAYN_HUMAN:sp|P15538|C11B1_HUMAN:sp|P0C6A0|ZGLP1_HUMAN:sp|Q13608|PEX6_HUMAN:sp|Q9UFP1|GAK1A_HUMAN:sp|Q8IYT4|KATL2_HUMAN:sp|Q9ULA0|DNPEP_HUMAN:sp|Q8TB72|PUM2_HUMAN:sp|Q92729|PTPRU_HUMAN:sp|Q9BW92|SYTM_HUMAN:sp|Q2LD37|BLTP1_HUMAN:sp|Q92968|PEX13_HUMAN:sp|Q9H819|DJC18_HUMAN:sp|A6NMX2|I4E1B_HUMAN:sp|Q9HCG7|GBA2_HUMAN:sp|O60237|MYPT2_HUMAN:sp|P41231|P2RY2_HUMAN:sp|Q8WZB0|CI130_HUMAN:sp|Q96EL3|RM53_HUMAN:sp|P28330|ACADL_HUMAN:sp|P0C7T7|FMAS1_HUMAN:sp|Q00653|NFKB2_HUMAN,DeepNovo
P(+42.01)WADRGLLHRK,61.02,1389.7629,11,54.5,11,1.3,464.26218,3,33.7468,0.2468,0.12,12841,HFX193_IPP292_GEL_CRC_324_Even.raw,2.91E6,1.82E7,2,2,2,2,"Acetylation (N-term)",,0 0 0 0 0 8 48 90 9 3 3,P(+42.01)WADRGLLHRK,sp|Q9BWM5|ZN416_HUMAN:sp|P21817|RYR1_HUMAN:sp|Q9C0D2|CE295_HUMAN:sp|O14519|CDKA1_HUMAN:sp|P45983|MK08_HUMAN:sp|Q8IZT8|HS3S5_HUMAN:sp|Q96A35|RM24_HUMAN:sp|Q9NY93|DDX56_HUMAN:sp|Q9H4L7|SMRCD_HUMAN:sp|P40424|PBX1_HUMAN:sp|Q9BSJ2|GCP2_HUMAN:sp|Q9H2A9|CHST8_HUMAN:sp|Q9NRL2|BAZ1A_HUMAN:sp|Q69YG0|TMM42_HUMAN:sp|Q86YV5|PRAG1_HUMAN:sp|Q9H0L4|CSTFT_HUMAN:sp|O60503|ADCY9_HUMAN:sp|P20042|IF2B_HUMAN:sp|O75385|ULK1_HUMAN:sp|P0DJD0|RGPD1_HUMAN:sp|P51170|SCNNG_HUMAN:sp|P55084|ECHB_HUMAN:sp|P49641|MA2A2_HUMAN:sp|Q14166|TTL12_HUMAN:sp|Q9NPP4|NLRC4_HUMAN:sp|Q9UJX2|CDC23_HUMAN:sp|Q9H974|QTRT2_HUMAN:sp|Q9NQS5|GPR84_HUMAN:sp|Q8TCU4|ALMS1_HUMAN:sp|P53779|MK10_HUMAN:sp|P46779|RL28_HUMAN:sp|Q6Q0C1|S2547_HUMAN:sp|P46020|KPB1_HUMAN:sp|P53778|MK12_HUMAN:sp|Q9BXS1|IDI2_HUMAN:sp|Q9UFB7|ZBT47_HUMAN:sp|Q96CM3|RUSD4_HUMAN:sp|Q99666|RGPD5_HUMAN:sp|O96017|CHK2_HUMAN:sp|Q9UBE8|NLK_HUMAN:sp|Q8N6L1|KTAP2_HUMAN:sp|Q9H6S0|YTDC2_HUMAN:sp|Q8TCW7|ZPLD1_HUMAN:sp|Q6UX01|LMBRL_HUMAN:sp|Q8N2C7|UNC80_HUMAN:sp|O15091|MRPP3_HUMAN:sp|Q8TAF5|LQK1_HUMAN:sp|Q9P0U3|SENP1_HUMAN:sp|P20674|COX5A_HUMAN:sp|O75116|ROCK2_HUMAN:sp|P40426|PBX3_HUMAN:sp|Q9ULL5|PRR12_HUMAN:sp|Q13907|IDI1_HUMAN:sp|A6NKT7|RGPD3_HUMAN:sp|Q9H4B4|PLK3_HUMAN:sp|Q6P2Q9|PRP8_HUMAN:sp|Q567U6|CCD93_HUMAN:sp|Q99698|LYST_HUMAN:sp|Q9GZU7|CTDS1_HUMAN:sp|O75956|CDKA2_HUMAN:sp|Q6PJT7|ZC3HE_HUMAN:sp|Q13443|ADAM9_HUMAN:sp|O14715|RGPD8_HUMAN:sp|Q8IYT8|ULK2_HUMAN:sp|Q9GZQ6|NPFF1_HUMAN:sp|Q96GX5|GWL_HUMAN:sp|A8K8P3|SFI1_HUMAN:sp|Q07837|SLC31_HUMAN:sp|Q12852|M3K12_HUMAN:sp|Q9HD67|MYO10_HUMAN:sp|Q8N201|INT1_HUMAN:sp|O00625|PIR_HUMAN:sp|Q9H9L4|KANL2_HUMAN:sp|P49815|TSC2_HUMAN:sp|O75306|NDUS2_HUMAN:sp|Q86VS3|IQCH_HUMAN:sp|Q96M86|DNHD1_HUMAN:sp|Q16706|MA2A1_HUMAN:sp|P33240|CSTF2_HUMAN:sp|P0DJD1|RGPD2_HUMAN:sp|O00444|PLK4_HUMAN:sp|Q8TB45|DPTOR_HUMAN:sp|P16452|EPB42_HUMAN:sp|Q14865|ARI5B_HUMAN:sp|Q9Y6N8|CAD10_HUMAN:sp|Q15678|PTN14_HUMAN:sp|Q99459|CDC5L_HUMAN:sp|O43353|RIPK2_HUMAN:sp|Q16401|PSMD5_HUMAN:sp|Q15759|MK11_HUMAN:sp|O15287|FANCG_HUMAN:sp|Q6A1A2|PDPK2_HUMAN:sp|P40425|PBX2_HUMAN:sp|P45984|MK09_HUMAN:sp|Q8TD19|NEK9_HUMAN:sp|Q8WUT9|S2543_HUMAN:sp|Q9Y2C9|TLR6_HUMAN:sp|Q6XUX3|DUSTY_HUMAN:sp|Q7Z3J3|RGPD4_HUMAN:sp|Q4G0P3|HYDIN_HUMAN:sp|Q9BTE6|AASD1_HUMAN:sp|P49792|RBP2_HUMAN:sp|O15530|PDPK1_HUMAN:sp|Q9H093|NUAK2_HUMAN:sp|Q7Z2Z1|TICRR_HUMAN:sp|Q92736|RYR2_HUMAN:sp|Q86XX4|FRAS1_HUMAN,DeepNovo
P(+42.01)YDN(+0.98)RSSGFGGVDKK,65.11,1668.7743,15,53.3,15,0.5,557.26569,3,26.7790,-2.4210,0.44,10020,HFX193_IPP292_GEL_CRC_324_Even.raw,1.6E5,3.19E6,1,1,1,1,"Acetylation (N-term);Deamidation (NQ)",,0 0 1 0 0 1 1 8 13 3 2 10 10 22 5,P(+42.01)YDN(+0.98)RSSGFGGVDKK,sp|Q8WXQ8|CBPA5_HUMAN:sp|O75369|FLNB_HUMAN:sp|P24043|LAMA2_HUMAN:sp|P22087|FBRL_HUMAN:sp|Q9H2J7|S6A15_HUMAN:sp|Q9Y6D5|BIG2_HUMAN:sp|Q8N8A6|DDX51_HUMAN:sp|P0DTE8|AMY1C_HUMAN:sp|Q969E8|TSR2_HUMAN:sp|P35527|K1C9_HUMAN:sp|Q9GZL8|BPEC1_HUMAN:sp|Q96QE4|LR37B_HUMAN:sp|Q9Y5Y7|LYVE1_HUMAN:sp|Q9UKU7|ACAD8_HUMAN:sp|P51788|CLCN2_HUMAN:sp|O43772|MCAT_HUMAN:sp|P12955|PEPD_HUMAN:sp|P0DTE7|AMY1B_HUMAN:sp|P39060|COIA1_HUMAN:sp|A6NHQ2|FBLL1_HUMAN:sp|P04746|AMYP_HUMAN:sp|Q3LI72|KR195_HUMAN:sp|Q7Z4W3|KR193_HUMAN:sp|Q14667|BLTP2_HUMAN:sp|P33993|MCM7_HUMAN:sp|P02533|K1C14_HUMAN:sp|O95180|CAC1H_HUMAN:sp|P26045|PTN3_HUMAN:sp|Q9H1V8|S6A17_HUMAN:sp|Q9NRR5|UBQL4_HUMAN:sp|Q14247|SRC8_HUMAN:sp|P13646|K1C13_HUMAN:sp|Q8TEL6|TP4AP_HUMAN:sp|Q9UKZ1|CNO11_HUMAN:sp|Q58DX5|NADL2_HUMAN:sp|Q8IUB9|KR191_HUMAN:sp|Q7RTX1|TS1R1_HUMAN:sp|Q9P2K5|MYEF2_HUMAN:sp|Q02127|PYRD_HUMAN:sp|O75069|TMCC2_HUMAN:sp|Q92625|ANS1A_HUMAN:sp|P28066|PSA5_HUMAN:sp|P32242|OTX1_HUMAN:sp|O95678|K2C75_HUMAN:sp|Q9NTZ6|RBM12_HUMAN:sp|Q9BSJ5|CQ080_HUMAN:sp|Q7Z7M0|MEGF8_HUMAN:sp|O15014|ZN609_HUMAN:sp|P42575|CASP2_HUMAN:sp|O43497|CAC1G_HUMAN:sp|P20142|PEPC_HUMAN:sp|P35658|NU214_HUMAN:sp|Q8IVF4|DYH10_HUMAN:sp|Q96Q04|LMTK3_HUMAN:sp|Q01201|RELB_HUMAN:sp|Q12816|TROP_HUMAN:sp|P08779|K1C16_HUMAN:sp|Q6NSI1|AR26L_HUMAN:sp|P04264|K2C1_HUMAN:sp|Q14533|KRT81_HUMAN:sp|Q86V81|THOC4_HUMAN:sp|P12236|ADT3_HUMAN:sp|Q04695|K1C17_HUMAN:sp|Q9NQ69|LHX9_HUMAN:sp|P0DUB6|AMY1A_HUMAN:sp|Q99456|K1C12_HUMAN:sp|Q6NUM9|RETST_HUMAN:sp|P05141|ADT2_HUMAN:sp|O95754|SEM4F_HUMAN:sp|P19961|AMY2B_HUMAN:sp|Q9UHN1|DPOG2_HUMAN:sp|Q01546|K22O_HUMAN:sp|P0DV60|LCE7A_HUMAN:sp|Q9NRH2|SNRK_HUMAN:sp|O43295|SRGP3_HUMAN:sp|O60664|PLIN3_HUMAN:sp|Q8TCC7|S22A8_HUMAN:sp|Q8TER5|ARH40_HUMAN,DeepNovo
Q(+42.01)(+0.98)AGTVLTAKYR,44.51,1249.6666,11,81.8,11,-0.5,625.84027,2,64.9762,N/A,0.33,25386,HFX193_IPP292_GEL_CRC_324_Even.raw,1.52E5,9.58E5,1,1,1,1,"Acetylation (N-term);Deamidation (NQ)",,0 0 9 9 32 72 21 9 9 8 5,Q(+42.01)(+0.98)AGTVLTAKYR,sp|P49069|CAMLG_HUMAN:sp|Q92791|SC65_HUMAN:sp|Q6UVK1|CSPG4_HUMAN:sp|Q8TCE6|DEN10_HUMAN:sp|Q9ULI1|NWD2_HUMAN:sp|Q9P2F5|STOX2_HUMAN:sp|P07492|GRP_HUMAN:sp|P55198|AF17_HUMAN:sp|O95347|SMC2_HUMAN:sp|O43772|MCAT_HUMAN:sp|Q9P1Q0|VPS54_HUMAN:sp|P02144|MYG_HUMAN:sp|P02748|CO9_HUMAN:sp|Q9P021|CRIPT_HUMAN:sp|Q56NI9|ESCO2_HUMAN:sp|Q6UXD5|SE6L2_HUMAN:sp|Q8WTW3|COG1_HUMAN:sp|Q9UN72|PCDA7_HUMAN:sp|Q96ST8|CEP89_HUMAN:sp|Q6YHK3|CD109_HUMAN:sp|B1AL88|NALF1_HUMAN:sp|P11168|GTR2_HUMAN:sp|Q9NQ79|CRAC1_HUMAN:sp|P04114|APOB_HUMAN:sp|Q02575|HEN1_HUMAN:sp|O43598|DNPH1_HUMAN:sp|Q9C0G6|DYH6_HUMAN:sp|Q9NVE5|UBP40_HUMAN:sp|Q02577|HEN2_HUMAN:sp|P55283|CADH4_HUMAN:sp|Q9UKZ9|PCOC2_HUMAN:tr|A0A0J9YXV3|A0A0J9YXV3_HUMAN:sp|Q8NC60|NOA1_HUMAN:sp|Q5M8T2|S35D3_HUMAN:sp|P23409|MYF6_HUMAN:sp|Q5H9F3|BCORL_HUMAN:sp|A0A0U1RQI7|KLF18_HUMAN:sp|O75155|CAND2_HUMAN:sp|Q8IV63|VRK3_HUMAN:sp|O43497|CAC1G_HUMAN:sp|P13569|CFTR_HUMAN:sp|Q8N3E9|PLCD3_HUMAN:sp|P57789|KCNKA_HUMAN:sp|O95069|KCNK2_HUMAN:sp|Q5T440|CAF17_HUMAN:TEAD2_DEL_GG-p.H299Cfs*18_::chr19:49346716-49347717_frame=-3:sp|Q96SB8|SMC6_HUMAN:sp|Q9UQE7|SMC3_HUMAN:sp|P78369|CLD10_HUMAN:sp|Q9UKV0|HDAC9_HUMAN:sp|Q14690|RRP5_HUMAN:sp|P61764|STXB1_HUMAN:sp|Q93099|HGD_HUMAN:sp|Q9H6E4|CC134_HUMAN:sp|Q96T58|MINT_HUMAN:sp|Q8IWV1|LAX1_HUMAN:sp|P13639|EF2_HUMAN:sp|Q9HC84|MUC5B_HUMAN:sp|Q8WYP5|ELYS_HUMAN:sp|O43150|ASAP2_HUMAN:sp|Q8TF40|FNIP1_HUMAN:sp|Q9UJU5|FOXD3_HUMAN:sp|O75715|GPX5_HUMAN:sp|Q8N5C6|SRBD1_HUMAN:sp|Q9P0X4|CAC1I_HUMAN:sp|Q6ZUX7|LHPL2_HUMAN:sp|Q06495|NPT2A_HUMAN:sp|Q9P219|DAPLE_HUMAN:sp|Q96PS1|FACOS_HUMAN:sp|Q8WZ42|TITIN_HUMAN:sp|P32519|ELF1_HUMAN:sp|Q5SXM2|SNPC4_HUMAN:sp|Q16531|DDB1_HUMAN:sp|P29074|PTN4_HUMAN:sp|Q9NRC6|SPTN5_HUMAN:sp|Q9ULH1|ASAP1_HUMAN:sp|Q8WVM7|STAG1_HUMAN:sp|Q13042|CDC16_HUMAN:sp|Q7Z442|PK1L2_HUMAN:sp|Q5VWN6|TASO2_HUMAN:sp|Q8IV20|LACC1_HUMAN:sp|Q96JA4|M4A14_HUMAN:sp|Q8NH79|OR6X1_HUMAN:sp|Q6ICH7|ASPH2_HUMAN:sp|Q8WWQ0|PHIP_HUMAN:sp|P52179|MYOM1_HUMAN:sp|Q8N3U4|STAG2_HUMAN:sp|Q9NYQ8|FAT2_HUMAN:sp|Q9C0C2|TB182_HUMAN:sp|Q9H6R7|WDCP_HUMAN:sp|P18031|PTN1_HUMAN:sp|P08F94|PKHD1_HUMAN:sp|P18887|XRCC1_HUMAN:sp|Q9NRG0|CHRC1_HUMAN:sp|Q6WRI0|IGS10_HUMAN:sp|Q6RI45|BRWD3_HUMAN:sp|Q04721|NOTC2_HUMAN:sp|P42356|PI4KA_HUMAN:sp|O43808|PM34_HUMAN:sp|P33981|TTK_HUMAN:sp|Q9NQ86|TRI36_HUMAN:sp|Q9Y4G6|TLN2_HUMAN:sp|O15078|CE290_HUMAN:sp|Q9GZU3|TM39B_HUMAN:sp|Q6NSW5|DE10B_HUMAN:sp|Q93052|LPP_HUMAN:sp|P18206|VINC_HUMAN:sp|Q96PZ0|PUS7_HUMAN:sp|Q9HCB6|SPON1_HUMAN:sp|Q14894|CRYM_HUMAN:sp|P07911|UROM_HUMAN:sp|Q8NGF9|OR4X2_HUMAN:sp|Q9HBL6|LRTM1_HUMAN:sp|A2VEC9|SSPO_HUMAN:sp|P13611|CSPG2_HUMAN:sp|Q96N76|HUTU_HUMAN,DeepNovo
Q(+42.01)(+0.98)AM(+15.99)LAVKEKYAK,53.79,1437.7538,12,75.0,12,-0.7,719.88361,2,43.2849,N/A,0.46,16737,HFX193_IPP292_GEL_CRC_324_Odd.raw,6.71E5,4.5E6,1,1,1,1,"Acetylation (N-term);Deamidation (NQ);Oxidation (M)",,0 0 0 5 20 18 8 4 4 6 7 5,Q(+42.01)(+0.98)AM(+15.99)LAVKEKYAK,sp|Q96JX3|SRAC1_HUMAN:sp|Q9NRG4|SMYD2_HUMAN:sp|Q92624|APBP2_HUMAN:sp|Q9Y6Q1|CAN6_HUMAN:sp|Q66GS9|CP135_HUMAN:sp|Q9NRF8|PYRG2_HUMAN:sp|Q06323|PSME1_HUMAN:sp|O75955|FLOT1_HUMAN:sp|P12955|PEPD_HUMAN:sp|Q9NXN4|GDAP2_HUMAN:sp|Q562E7|WDR81_HUMAN:sp|P49748|ACADV_HUMAN:sp|P15088|CBPA3_HUMAN:sp|A6NCF6|MA13P_HUMAN:sp|A2A368|MAGBG_HUMAN:sp|Q86Y26|NUTM1_HUMAN:sp|Q96JB1|DYH8_HUMAN:sp|O14578|CTRO_HUMAN:sp|P00480|OTC_HUMAN:sp|Q9P225|DYH2_HUMAN:sp|Q6XZF7|DNMBP_HUMAN:sp|Q8NEN9|PDZD8_HUMAN:sp|Q9Y5B9|SP16H_HUMAN:sp|P46821|MAP1B_HUMAN:sp|Q9H446|RWDD1_HUMAN:sp|Q8IWR0|Z3H7A_HUMAN:sp|O75061|AUXI_HUMAN:sp|Q9GZU2|PEG3_HUMAN:sp|Q9UJV3|TRIM1_HUMAN:sp|A0A0B4J2F0|PIOS1_HUMAN:sp|P51587|BRCA2_HUMAN:sp|Q96T92|INSM2_HUMAN:sp|Q9NXJ5|PGPI_HUMAN:sp|Q9Y2W1|TR150_HUMAN:sp|O15479|MAGB2_HUMAN:sp|A0AVT1|UBA6_HUMAN:sp|Q9UBU8|MO4L1_HUMAN:sp|Q8IYJ3|SYTL1_HUMAN:sp|P15924|DESP_HUMAN:sp|Q02833|RASF7_HUMAN:sp|Q96NW7|LRRC7_HUMAN:sp|O00555|CAC1A_HUMAN:sp|O15146|MUSK_HUMAN:sp|Q6ZP01|RBM44_HUMAN:ANO10_DEL_T-p.D45Mfs*12_::chr3:43605221-43606221_frame=1:sp|O76021|RL1D1_HUMAN:sp|Q96EK7|F120B_HUMAN:sp|Q96E52|OMA1_HUMAN:sp|Q53H47|SETMR_HUMAN:sp|Q9BSH4|TACO1_HUMAN:sp|Q9UKA4|AKA11_HUMAN:sp|Q9NZR4|VSX1_HUMAN:sp|Q13609|DNSL3_HUMAN:sp|Q5JU67|CF157_HUMAN:sp|P09093|CEL3A_HUMAN:sp|Q86WG5|MTMRD_HUMAN:sp|O75830|SPI2_HUMAN:sp|O15037|KHNYN_HUMAN:sp|Q86YW0|PLCZ1_HUMAN:sp|Q9NRR8|C42S1_HUMAN:sp|O15230|LAMA5_HUMAN:sp|Q8NHV4|NEDD1_HUMAN:sp|A6NCL7|AN33B_HUMAN:sp|Q9BY08|EBPL_HUMAN:sp|Q8IZS6|DYLT2_HUMAN:sp|Q6WKZ4|RFIP1_HUMAN:sp|Q9UDT6|CLIP2_HUMAN:sp|P21579|SYT1_HUMAN:sp|Q9NX04|CA109_HUMAN:sp|Q96JY0|MAEL_HUMAN:sp|Q27J81|INF2_HUMAN:sp|Q96PY5|FMNL2_HUMAN:sp|Q9BV73|CP250_HUMAN:sp|O15481|MAGB4_HUMAN:sp|Q8WZ42|TITIN_HUMAN:sp|Q68DU8|KCD16_HUMAN:sp|P50052|AGTR2_HUMAN:sp|Q13402|MYO7A_HUMAN:sp|P14868|SYDC_HUMAN:sp|Q9Y2I7|FYV1_HUMAN:sp|P43364|MAGAB_HUMAN:sp|Q9ULE0|WWC3_HUMAN:sp|Q9H347|UBQL3_HUMAN:sp|P49961|ENTP1_HUMAN:sp|Q9P2D3|HTR5B_HUMAN:sp|Q9UIA9|XPO7_HUMAN:sp|Q8TBB5|KLDC4_HUMAN:sp|Q9H560|ANR19_HUMAN:sp|P51398|RT29_HUMAN:sp|P43355|MAGA1_HUMAN:sp|Q8TDX5|ACMSD_HUMAN:sp|Q9HCI7|MSL2_HUMAN:sp|O43149|ZZEF1_HUMAN:sp|Q9UBZ9|REV1_HUMAN:sp|Q8IWE2|NXP20_HUMAN:sp|Q99959|PKP2_HUMAN:sp|P07814|SYEP_HUMAN:sp|Q9NZJ4|SACS_HUMAN:sp|Q5BJE1|CC178_HUMAN:sp|O95757|HS74L_HUMAN:sp|Q8IVF7|FMNL3_HUMAN:sp|P55289|CAD12_HUMAN:sp|P46782|RS5_HUMAN:sp|P34932|HSP74_HUMAN:sp|Q13621|S12A1_HUMAN:sp|O43586|PPIP1_HUMAN:sp|Q15022|SUZ12_HUMAN:sp|Q15126|PMVK_HUMAN:sp|P16455|MGMT_HUMAN:sp|Q8NEM7|SP20H_HUMAN:sp|Q9NQT8|KI13B_HUMAN:sp|O75882|ATRN_HUMAN:sp|P55273|CDN2D_HUMAN:sp|P98088|MUC5A_HUMAN:sp|Q03701|CEBPZ_HUMAN:sp|Q8N4T0|CBPA6_HUMAN:sp|P25788|PSA3_HUMAN:sp|Q16671|AMHR2_HUMAN:sp|Q7Z2W7|TRPM8_HUMAN:sp|Q9NW68|BSDC1_HUMAN,DeepNovo
Q(+42.01)(+0.98)ATGHKVL,21.31,895.4763,8,75.0,8,1.1,448.74591,2,28.6507,N/A,0.38,10843,HFX193_IPP292_GEL_CRC_324_Odd.raw,2.79E5,1.35E6,1,1,1,1,"Acetylation (N-term);Deamidation (NQ)",,0 0 6 3 3 7 7 5,Q(+42.01)(+0.98)ATGHKVL,sp|Q3L8U1|CHD9_HUMAN:sp|Q8IXK2|GLT12_HUMAN:sp|Q9Y330|ZBT12_HUMAN:sp|Q00796|DHSO_HUMAN:sp|Q9UBQ0|VPS29_HUMAN:sp|Q15916|ZBTB6_HUMAN:sp|A1X283|SPD2B_HUMAN:sp|Q9NRZ9|HELLS_HUMAN:sp|Q8TD26|CHD6_HUMAN:sp|P54646|AAPK2_HUMAN:sp|Q9Y6Q1|CAN6_HUMAN:sp|Q13131|AAPK1_HUMAN:sp|A8MWK0|FS2P1_HUMAN:sp|Q5T160|SYRM_HUMAN:sp|Q9HCK8|CHD8_HUMAN:sp|Q96PB7|NOE3_HUMAN:sp|P15085|CBPA1_HUMAN:sp|P37287|PIGA_HUMAN:sp|Q9UHX3|AGRE2_HUMAN:sp|O95897|NOE2_HUMAN:sp|Q8NB14|UBP38_HUMAN:sp|Q9Y4C2|TCAF1_HUMAN:sp|P28749|RBL1_HUMAN,DeepNovo
Q(+42.01)(+0.98)FETKLKL,12.30,1048.5804,8,62.5,8,-1.7,350.53351,3,27.7246,N/A,0.25,10391,HFX193_IPP292_GEL_CRC_324_Even.raw,5.06E5,3.04E6,1,1,1,1,"Acetylation (N-term);Deamidation (NQ)",,0 0 0 6 6 12 13 5,Q(+42.01)(+0.98)FETKLKL,sp|Q8WWZ7|ABCA5_HUMAN:sp|Q5FWF5|ESCO1_HUMAN:sp|P19544|WT1_HUMAN:sp|Q8TEH3|DEN1A_HUMAN:sp|Q2NL67|PARP6_HUMAN:sp|Q86TB9|PATL1_HUMAN:sp|Q16650|TBR1_HUMAN:sp|Q8NDT2|RB15B_HUMAN:sp|Q9P243|ZFAT_HUMAN:sp|O60884|DNJA2_HUMAN:sp|O95947|TBX6_HUMAN:sp|Q5SRN2|TSBP1_HUMAN:sp|O60566|BUB1B_HUMAN:sp|Q9BVV2|FND11_HUMAN:sp|Q70EL2|UBP45_HUMAN:sp|Q9UL40|ZN346_HUMAN:sp|Q9UMZ3|PTPRQ_HUMAN:sp|Q9Y5H8|PCDA3_HUMAN:sp|Q5TIA1|MEI1_HUMAN:sp|Q86YV5|PRAG1_HUMAN:sp|Q8NFQ5|BPIB6_HUMAN:sp|P35453|HXD13_HUMAN:sp|Q96L91|EP400_HUMAN:sp|O60568|PLOD3_HUMAN:sp|Q709C8|VP13C_HUMAN:sp|O94887|FARP2_HUMAN:sp|Q96T76|MMS19_HUMAN:sp|P60568|IL2_HUMAN:sp|P29459|IL12A_HUMAN:sp|Q9P291|ARMX1_HUMAN:sp|O75419|CDC45_HUMAN:sp|Q14CS0|UBX2B_HUMAN:sp|Q6ZU80|CE128_HUMAN:sp|P15924|DESP_HUMAN:sp|Q9BZF3|OSBL6_HUMAN:sp|Q14573|ITPR3_HUMAN:sp|Q13367|AP3B2_HUMAN:sp|P53007|TXTP_HUMAN:sp|Q86UW1|OSTA_HUMAN:sp|Q9UHB7|AFF4_HUMAN:sp|Q14674|ESPL1_HUMAN:sp|Q15404|RSU1_HUMAN:sp|Q9C0C9|UBE2O_HUMAN:sp|Q9H0S4|DDX47_HUMAN:sp|Q8IY22|CMIP_HUMAN:sp|Q96M60|F227B_HUMAN:sp|Q8IYE0|CC146_HUMAN:sp|Q5JSL3|DOC11_HUMAN:sp|Q5VWQ8|DAB2P_HUMAN:sp|Q8NCX0|CC150_HUMAN:sp|P12882|MYH1_HUMAN:sp|Q8IXL6|FA20C_HUMAN:sp|O75333|TBX10_HUMAN:sp|Q9BSW2|EFC4B_HUMAN:sp|Q9HCE0|EPG5_HUMAN:sp|P11532|DMD_HUMAN:sp|Q02809|PLOD1_HUMAN:sp|Q6P9F0|CCD62_HUMAN:sp|Q02086|SP2_HUMAN:sp|Q4FZB7|KMT5B_HUMAN:sp|O95833|CLIC3_HUMAN:sp|Q3MJ40|C144B_HUMAN:sp|P04062|GBA1_HUMAN:sp|Q9HB63|NET4_HUMAN:sp|O60312|AT10A_HUMAN:sp|Q01970|PLCB3_HUMAN:sp|Q86UP3|ZFHX4_HUMAN:sp|O15327|INP4B_HUMAN:sp|O95460|MATN4_HUMAN:sp|Q8WZ42|TITIN_HUMAN:sp|A8TX70|CO6A5_HUMAN:sp|O43395|PRPF3_HUMAN:sp|P0C091|FREM3_HUMAN:sp|Q14643|ITPR1_HUMAN:sp|Q9ULJ1|ODF2L_HUMAN:sp|Q9UMR3|TBX20_HUMAN:sp|Q9BQ24|ZFY21_HUMAN:sp|O60343|TBCD4_HUMAN:sp|O95155|UBE4B_HUMAN:sp|Q9BYX4|IFIH1_HUMAN:sp|Q86YW9|MD12L_HUMAN:sp|P13533|MYH6_HUMAN:sp|Q8TDI7|TMC2_HUMAN:sp|Q8IWI9|MGAP_HUMAN:sp|P22102|PUR2_HUMAN:sp|Q9NQ66|PLCB1_HUMAN:sp|Q9Y3P9|RBGP1_HUMAN:sp|O95936|EOMES_HUMAN:sp|Q2NKX8|ERC6L_HUMAN:sp|Q6ZWE6|PKHM3_HUMAN:sp|Q9H0I3|CC113_HUMAN:sp|P54132|BLM_HUMAN:sp|Q5SZK8|FREM2_HUMAN:sp|P98160|PGBM_HUMAN:sp|P57082|TBX4_HUMAN:sp|P52732|KIF11_HUMAN:sp|Q8IVF2|AHNK2_HUMAN:sp|O43435|TBX1_HUMAN:sp|Q9NZJ4|SACS_HUMAN:sp|Q96I76|GPTC3_HUMAN:sp|Q9Y6W3|CAN7_HUMAN:sp|Q9Y222|DMTF1_HUMAN:sp|Q96MS0|ROBO3_HUMAN:sp|Q92636|FAN_HUMAN:sp|Q13207|TBX2_HUMAN:sp|Q9Y623|MYH4_HUMAN:sp|P18206|VINC_HUMAN:sp|P12883|MYH7_HUMAN:sp|Q8NFU7|TET1_HUMAN:sp|A2RUR9|C144A_HUMAN:sp|Q6ZV89|SH2D5_HUMAN:sp|Q63HQ2|EGFLA_HUMAN:sp|Q14571|ITPR2_HUMAN:sp|O15119|TBX3_HUMAN:sp|Q9Y6S9|RPKL1_HUMAN:sp|P49792|RBP2_HUMAN:sp|Q86TM3|DDX53_HUMAN:sp|Q00341|VIGLN_HUMAN:sp|Q9UL17|TBX21_HUMAN:sp|Q8N841|TTLL6_HUMAN,DeepNovo
Q(+42.01)(+0.98)GSRTALVGHHVL,54.13,1416.7473,13,53.8,13,-1.4,473.25571,3,28.2872,N/A,0.19,10626,HFX193_IPP292_GEL_CRC_324_Even.raw,,,1,1,0,0,"Acetylation (N-term);Deamidation (NQ)",,5 2 0 0 1 1 3 1 1 2 5 5 5,Q(+42.01)(+0.98)GSRTALVGHHVL,sp|Q9NYQ7|CELR3_HUMAN:sp|Q15772|SPEG_HUMAN,DeepNovo
Q(+42.01)(+0.98)LDKRAAAVVAAAAAKVAPKK,90.70,2119.2476,21,61.9,21,3.4,530.82098,4,34.3762,N/A,0.25,13137,HFX193_IPP292_GEL_CRC_324_Odd.raw,4.09E5,2.62E6,2,2,1,1,"Acetylation (N-term);Deamidation (NQ)",,0 0 1 1 4 4 4 9 0 0 4 8 10 6 5 5 6 0 0 2 5,Q(+42.01)(+0.98)LDKRAAAVVAAAAAKVAPKK,MARCKS_DEL_A-p.K155Rfs*12_::chr6:113859534-113860534_frame=1:sp|Q13461|FOXE3_HUMAN:sp|O60779|S19A2_HUMAN:sp|Q504T8|MIDN_HUMAN:sp|Q9H4H8|FA83D_HUMAN:sp|Q9UF56|FXL17_HUMAN:sp|Q4LEZ3|AARD_HUMAN:sp|P55198|AF17_HUMAN:sp|Q5VWI1|TCRGL_HUMAN:sp|Q13428|TCOF_HUMAN:sp|Q9BZK7|TBL1R_HUMAN:sp|Q6L8Q7|PDE12_HUMAN:sp|Q32NB8|PGPS1_HUMAN:SEC31A_INS_--T_p.I462Nfs*2::chr4:82863911-82864912_frame=-2:sp|Q9NZ71|RTEL1_HUMAN:sp|Q9NQ79|CRAC1_HUMAN:sp|Q8NFD5|ARI1B_HUMAN:sp|Q9UID3|VPS51_HUMAN:sp|Q7Z6J0|SH3R1_HUMAN:MARCKS_DEL_A-p.K155Rfs*12_::chr6:113859534-113860534_frame=2:sp|Q7Z4Q2|HEAT3_HUMAN:sp|Q92541|RTF1_HUMAN:sp|Q8NAP8|ZBT8B_HUMAN:sp|Q641Q2|WAC2A_HUMAN:sp|O15265|ATX7_HUMAN:sp|Q13620|CUL4B_HUMAN:sp|Q96T76|MMS19_HUMAN:sp|P35408|PE2R4_HUMAN:sp|Q7RTS3|PTF1A_HUMAN:sp|Q8NF64|ZMIZ2_HUMAN:sp|Q6ZU69|S31F1_HUMAN:sp|P37108|SRP14_HUMAN:sp|Q6P6C2|ALKB5_HUMAN:sp|A6NE52|WDR97_HUMAN:sp|P07204|TRBM_HUMAN:sp|Q9HA82|CERS4_HUMAN:sp|Q9HAH7|FBRS_HUMAN:tr|A0A1W2PR80|A0A1W2PR80_HUMAN:sp|P27361|MK03_HUMAN:sp|Q99536|VAT1_HUMAN:sp|Q5VWQ8|DAB2P_HUMAN:sp|P16989|YBOX3_HUMAN:sp|O00178|GTPB1_HUMAN:sp|O95954|FTCD_HUMAN:sp|Q8N9B5|JMY_HUMAN:sp|Q99626|CDX2_HUMAN:sp|Q59H18|TNI3K_HUMAN:sp|A6NHT5|HMX3_HUMAN:sp|Q86U06|RBM23_HUMAN:MARCKS_DEL_A-p.K155Rfs*12_::chr6:113859534-113860534_frame=-1:sp|Q9UJU5|FOXD3_HUMAN:sp|Q496Y0|LONF3_HUMAN:sp|Q9BPX5|ARP5L_HUMAN:sp|P11831|SRF_HUMAN:sp|P38484|INGR2_HUMAN:sp|Q6PIY5|ARMD1_HUMAN:sp|O95622|ADCY5_HUMAN:sp|P28482|MK01_HUMAN:sp|Q96NT1|NP1L5_HUMAN:SETD1B_DEL_C-p.H8Tfs*27_::chr12:121804252-121805252_frame=-3:sp|P56270|MAZ_HUMAN:SEC31A_INS_--T_p.I462Nfs*2::chr4:82863911-82864912_frame=1:sp|O95169|NDUB8_HUMAN:sp|O75925|PIAS1_HUMAN:sp|Q8NDY6|BHE23_HUMAN:MARCKS_DEL_A-p.K155Rfs*12_::chr6:113859534-113860534_frame=-2:sp|Q8N3F9|G137C_HUMAN:sp|P17010|ZFX_HUMAN:sp|Q5EE01|CENPW_HUMAN:sp|Q3KR16|PKHG6_HUMAN:sp|Q9Y5J1|UTP18_HUMAN:sp|Q8TD08|MK15_HUMAN:sp|Q8WZ71|TM158_HUMAN:sp|P50458|LHX2_HUMAN:sp|O75912|DGKI_HUMAN:sp|Q5VZB9|DMRTA_HUMAN:sp|Q5K4L6|S27A3_HUMAN:sp|O00410|IPO5_HUMAN:sp|Q13263|TIF1B_HUMAN:sp|O94876|TMCC1_HUMAN:sp|O00116|ADAS_HUMAN:sp|P82914|RT15_HUMAN:sp|Q86TG7|PEG10_HUMAN:sp|Q92570|NR4A3_HUMAN:sp|Q9UK22|FBX2_HUMAN:sp|P30559|OXYR_HUMAN:sp|Q9NZV5|SELN_HUMAN:sp|Q8NE35|CPEB3_HUMAN:sp|Q8TE49|OTU7A_HUMAN:sp|Q969W9|PMEPA_HUMAN:sp|P42345|MTOR_HUMAN:sp|Q9H4Q4|PRD12_HUMAN:SETD1B_DEL_C-p.H8Tfs*27_::chr12:121804252-121805252_frame=3:sp|Q96S59|RANB9_HUMAN:sp|P36578|RL4_HUMAN:sp|A7KAX9|RHG32_HUMAN:sp|Q569K4|Z385B_HUMAN:sp|Q15652|JHD2C_HUMAN:sp|O95757|HS74L_HUMAN:sp|O95409|ZIC2_HUMAN:sp|O00268|TAF4_HUMAN:sp|O75364|PITX3_HUMAN:sp|Q6ZMT4|KDM7A_HUMAN:sp|Q9NWL6|ASND1_HUMAN:sp|Q9NXT0|ZN586_HUMAN:sp|Q8IV76|PASD1_HUMAN:sp|Q8NEM7|SP20H_HUMAN:sp|P20264|PO3F3_HUMAN:sp|Q9NQS7|INCE_HUMAN:sp|P31277|HXD11_HUMAN:sp|P52746|ZN142_HUMAN:sp|P22083|FUT4_HUMAN:sp|Q7L2K0|TEDC2_HUMAN:sp|Q03164|KMT2A_HUMAN:sp|Q9NS37|ZHANG_HUMAN:sp|Q9NR56|MBNL1_HUMAN:sp|Q9H0E3|SP130_HUMAN:sp|P31270|HXA11_HUMAN:sp|Q86X55|CARM1_HUMAN:sp|Q7L311|ARMX2_HUMAN,DeepNovo
Q(+42.01)(+0.98)M(+15.99)ALAVKEKYAK,51.42,1437.7538,12,75.0,12,-1.1,480.25800,3,43.2849,N/A,0.24,16716,HFX193_IPP292_GEL_CRC_324_Odd.raw,3.47E6,2.15E7,1,1,1,1,"Acetylation (N-term);Deamidation (NQ);Oxidation (M)",,0 0 0 34 34 34 25 7 7 4 4 5,Q(+42.01)(+0.98)M(+15.99)ALAVKEKYAK,sp|Q96JX3|SRAC1_HUMAN:sp|Q9NRG4|SMYD2_HUMAN:sp|Q92624|APBP2_HUMAN:sp|Q66GS9|CP135_HUMAN:sp|Q9NRF8|PYRG2_HUMAN:sp|Q06323|PSME1_HUMAN:sp|O75955|FLOT1_HUMAN:sp|Q9NXN4|GDAP2_HUMAN:sp|Q49AG3|ZBED5_HUMAN:sp|Q562E7|WDR81_HUMAN:sp|P49748|ACADV_HUMAN:sp|Q96P47|AGAP3_HUMAN:sp|A6NCF6|MA13P_HUMAN:sp|A2A368|MAGBG_HUMAN:sp|Q86Y26|NUTM1_HUMAN:sp|Q96JB1|DYH8_HUMAN:sp|O14578|CTRO_HUMAN:sp|Q9P225|DYH2_HUMAN:sp|Q6XZF7|DNMBP_HUMAN:sp|Q8NEN9|PDZD8_HUMAN:sp|Q9Y5B9|SP16H_HUMAN:sp|Q96P50|ACAP3_HUMAN:sp|P46821|MAP1B_HUMAN:sp|Q8NFD5|ARI1B_HUMAN:sp|Q9H446|RWDD1_HUMAN:sp|Q86WA8|LONP2_HUMAN:sp|Q8IWR0|Z3H7A_HUMAN:sp|Q9GZU2|PEG3_HUMAN:sp|Q96ES6|MFSD3_HUMAN:sp|Q96T76|MMS19_HUMAN:sp|A0A0B4J2F0|PIOS1_HUMAN:sp|P51587|BRCA2_HUMAN:sp|Q96T92|INSM2_HUMAN:sp|Q9NXJ5|PGPI_HUMAN:sp|Q9Y2W1|TR150_HUMAN:sp|O15479|MAGB2_HUMAN:sp|Q9BYC8|RM32_HUMAN:sp|P15924|DESP_HUMAN:sp|Q9UL16|CFA45_HUMAN:sp|Q02833|RASF7_HUMAN:sp|Q96NW7|LRRC7_HUMAN:sp|O00555|CAC1A_HUMAN:sp|Q13009|TIAM1_HUMAN:sp|O15146|MUSK_HUMAN:sp|Q6ZP01|RBM44_HUMAN:sp|Q14671|PUM1_HUMAN:ANO10_DEL_T-p.D45Mfs*12_::chr3:43605221-43606221_frame=1:sp|O76021|RL1D1_HUMAN:sp|Q96EK7|F120B_HUMAN:sp|Q96E52|OMA1_HUMAN:sp|Q9BSH4|TACO1_HUMAN:sp|Q9UKA4|AKA11_HUMAN:sp|Q13609|DNSL3_HUMAN:sp|P09093|CEL3A_HUMAN:sp|Q86WG5|MTMRD_HUMAN:sp|O75830|SPI2_HUMAN:sp|O15037|KHNYN_HUMAN:sp|Q86YW0|PLCZ1_HUMAN:sp|Q9NRR8|C42S1_HUMAN:sp|O15230|LAMA5_HUMAN:sp|Q8NHV4|NEDD1_HUMAN:sp|A6NCL7|AN33B_HUMAN:sp|Q9BY08|EBPL_HUMAN:sp|Q6WKZ4|RFIP1_HUMAN:sp|Q9UDT6|CLIP2_HUMAN:sp|Q9NX04|CA109_HUMAN:sp|Q96JY0|MAEL_HUMAN:sp|Q27J81|INF2_HUMAN:sp|Q96PY5|FMNL2_HUMAN:sp|Q9BV73|CP250_HUMAN:sp|Q8WZ42|TITIN_HUMAN:sp|Q68DU8|KCD16_HUMAN:sp|P50052|AGTR2_HUMAN:sp|Q13402|MYO7A_HUMAN:sp|P14868|SYDC_HUMAN:sp|Q9Y2I7|FYV1_HUMAN:sp|Q9H252|KCNH6_HUMAN:sp|O95714|HERC2_HUMAN:sp|Q9ULE0|WWC3_HUMAN:sp|Q8NCK7|MOT11_HUMAN:sp|Q9H347|UBQL3_HUMAN:sp|P49961|ENTP1_HUMAN:sp|Q9P2D3|HTR5B_HUMAN:sp|Q13127|REST_HUMAN:sp|Q9NP59|S40A1_HUMAN:sp|Q9UIA9|XPO7_HUMAN:sp|Q6ZR08|DYH12_HUMAN:sp|P51398|RT29_HUMAN:sp|P43355|MAGA1_HUMAN:sp|Q8TDX5|ACMSD_HUMAN:sp|Q9HCI7|MSL2_HUMAN:sp|O43149|ZZEF1_HUMAN:sp|Q9UBZ9|REV1_HUMAN:sp|Q8IWE2|NXP20_HUMAN:sp|Q6NUM6|TYW1B_HUMAN:sp|Q99959|PKP2_HUMAN:sp|P07814|SYEP_HUMAN:sp|Q9NZJ4|SACS_HUMAN:sp|Q5BJE1|CC178_HUMAN:sp|O95757|HS74L_HUMAN:sp|P55289|CAD12_HUMAN:sp|P46782|RS5_HUMAN:sp|P34932|HSP74_HUMAN:sp|Q13621|S12A1_HUMAN:sp|O43586|PPIP1_HUMAN:sp|Q15126|PMVK_HUMAN:sp|P16455|MGMT_HUMAN:sp|Q8NEM7|SP20H_HUMAN:sp|Q9NQT8|KI13B_HUMAN:sp|O75716|STK16_HUMAN:sp|O75882|ATRN_HUMAN:sp|P55273|CDN2D_HUMAN:sp|P98088|MUC5A_HUMAN:sp|P48736|PK3CG_HUMAN:sp|Q03701|CEBPZ_HUMAN:sp|Q8IZ41|RASEF_HUMAN:sp|P25788|PSA3_HUMAN:sp|Q16671|AMHR2_HUMAN:sp|Q7Z2W7|TRPM8_HUMAN:sp|Q9NW68|BSDC1_HUMAN,DeepNovo
Q(+42.01)(+0.98)M(+15.99)HALAKGGKVVKVW,81.74,1709.9287,15,53.3,15,2.1,570.98468,3,38.7709,N/A,0.15,14890,HFX193_IPP292_GEL_CRC_324_Odd.raw,8.15E5,7.23E6,1,1,1,1,"Acetylation (N-term);Deamidation (NQ);Oxidation (M)",,0 0 0 0 0 16 17 0 0 17 17 19 41 41 5,Q(+42.01)(+0.98)M(+15.99)HALAKGGKVVKVW,sp|Q9UBR4|LHX3_HUMAN:sp|P23467|PTPRB_HUMAN:sp|Q15646|OASL_HUMAN:sp|Q9Y235|ABEC2_HUMAN:sp|Q9NWF4|S52A1_HUMAN:sp|Q15517|CDSN_HUMAN:sp|Q6IPX1|TBC3C_HUMAN:sp|Q6PIF6|MYO7B_HUMAN:sp|P0C0L5|CO4B_HUMAN:sp|O60518|RNBP6_HUMAN:sp|A6NER0|TBC3F_HUMAN:sp|Q8TBF4|ZCRB1_HUMAN:sp|Q5T011|SZT2_HUMAN:sp|Q8TC56|GAR3_HUMAN:sp|O76027|ANXA9_HUMAN:sp|Q9Y2K7|KDM2A_HUMAN:sp|P35125|UBP6_HUMAN:sp|Q9UNX3|RL26L_HUMAN:sp|A4FU69|EFCB5_HUMAN:sp|Q2PPJ7|RGPA2_HUMAN:sp|O15056|SYNJ2_HUMAN:sp|Q8TED1|GPX8_HUMAN:sp|P50747|BPL1_HUMAN:sp|Q9Y463|DYR1B_HUMAN:sp|Q96ST3|SIN3A_HUMAN:sp|Q8N5X7|IF4E3_HUMAN:sp|Q96AX9|MIB2_HUMAN:sp|Q8N661|TM86B_HUMAN:sp|Q9BVR0|HRC23_HUMAN:sp|P78509|RELN_HUMAN:sp|Q99878|H2A1J_HUMAN:sp|Q8NEM8|CBPC3_HUMAN:sp|Q6NXG1|ESRP1_HUMAN:sp|Q92508|PIEZ1_HUMAN:sp|P10636|TAU_HUMAN:tr|A0A590UK24|A0A590UK24_HUMAN:sp|O00555|CAC1A_HUMAN:sp|Q9NZQ8|TRPM5_HUMAN:sp|Q969G2|LHX4_HUMAN:sp|Q8N319|CF223_HUMAN:sp|O00629|IMA3_HUMAN:sp|Q5HYK3|COQ5_HUMAN:sp|Q8TDM6|DLG5_HUMAN:sp|Q969J2|ZKSC4_HUMAN:sp|P06576|ATPB_HUMAN:sp|A0A087X179|TBC3E_HUMAN:sp|P61328|FGF12_HUMAN:sp|Q14690|RRP5_HUMAN:sp|O95665|NTR2_HUMAN:sp|Q9NX07|TSAP1_HUMAN:sp|O94923|GLCE_HUMAN:sp|Q9BSF8|BTBDA_HUMAN:sp|Q93077|H2A1C_HUMAN:sp|Q8IUG5|MY18B_HUMAN:sp|Q9BWG4|SSBP4_HUMAN:sp|Q03060|CREM_HUMAN:sp|P19388|RPAB1_HUMAN:sp|O95389|CCN6_HUMAN:sp|Q8NBP7|PCSK9_HUMAN:sp|P22670|RFX1_HUMAN:sp|Q9UNS1|TIM_HUMAN:sp|Q6GYQ0|RGPA1_HUMAN:sp|Q96PZ2|F111A_HUMAN:sp|Q14028|CNGB1_HUMAN:sp|P01266|THYG_HUMAN:sp|P17948|VGFR1_HUMAN:sp|P23229|ITA6_HUMAN:sp|Q86UP3|ZFHX4_HUMAN:sp|Q9BTM1|H2AJ_HUMAN:sp|P22557|HEM0_HUMAN:sp|O15327|INP4B_HUMAN:sp|Q8NFP4|MDGA1_HUMAN:sp|Q9BRR9|RHG09_HUMAN:sp|A6ND36|FA83G_HUMAN:sp|A1L0T0|HACL2_HUMAN:sp|P61254|RL26_HUMAN:sp|Q9C0A1|ZFHX2_HUMAN:sp|P0C091|FREM3_HUMAN:sp|Q9UBG0|MRC2_HUMAN:sp|Q6SA08|TSSK4_HUMAN:sp|P10074|TZAP_HUMAN:sp|Q9BVX2|T106C_HUMAN:sp|Q9NV70|EXOC1_HUMAN:sp|Q02108|GCYA1_HUMAN:sp|Q03014|HHEX_HUMAN:sp|A0A087X1G2|TBC3K_HUMAN:sp|B9A6J9|TBC3L_HUMAN:sp|Q9BQ31|KCNS3_HUMAN:sp|P31639|SC5A2_HUMAN:sp|P78508|KCJ10_HUMAN:sp|Q6UWN8|ISK6_HUMAN:sp|A6NDS4|TBC3B_HUMAN:sp|P0C0L4|CO4A_HUMAN:sp|Q9H0D6|XRN2_HUMAN:sp|Q8IUE6|H2A2B_HUMAN:sp|Q14934|NFAC4_HUMAN:sp|A0A087WVF3|TBC3D_HUMAN:sp|Q9H422|HIPK3_HUMAN:sp|P57103|NAC3_HUMAN:sp|Q96MS0|ROBO3_HUMAN:sp|Q15911|ZFHX3_HUMAN:sp|Q16777|H2A2C_HUMAN:sp|P33076|C2TA_HUMAN:RNF43_DEL_C-p.G659Vfs*41_::chr17:58357300-58358300_frame=2:sp|O00505|IMA4_HUMAN:sp|O15347|HMGB3_HUMAN:sp|P98088|MUC5A_HUMAN:sp|Q15878|CAC1E_HUMAN:sp|Q4G0P3|HYDIN_HUMAN:sp|Q9NZC9|SMAL1_HUMAN:sp|B2RXH4|BTBDI_HUMAN:sp|Q9NNW7|TRXR2_HUMAN:sp|Q14676|MDC1_HUMAN:sp|P25054|APC_HUMAN:sp|A0A087WXS9|TBC3I_HUMAN:sp|Q96KK5|H2A1H_HUMAN:sp|Q8NCM8|DYHC2_HUMAN:sp|Q92736|RYR2_HUMAN:sp|P07949|RET_HUMAN:sp|Q6ZVN7|SEML_HUMAN,DeepNovo
Q(+42.01)(+0.98)PDVLLEKY,34.46,1146.5808,9,55.6,9,3.6,383.20227,3,40.9533,N/A,0.18,15785,HFX193_IPP292_GEL_CRC_324_Odd.raw,2.56E5,1.86E6,1,1,1,1,"Acetylation (N-term);Deamidation (NQ)",,0 0 0 0 13 11 11 2 2,Q(+42.01)(+0.98)PDVLLEKY,sp|Q8N283|ANR35_HUMAN:sp|Q8NDI1|EHBP1_HUMAN:sp|Q8IVG5|SAM9L_HUMAN:sp|Q8N8A2|ANR44_HUMAN:sp|O43173|SIA8C_HUMAN:sp|Q5T9L3|WLS_HUMAN:sp|Q86TB9|PATL1_HUMAN:sp|Q13492|PICAL_HUMAN:sp|P00439|PH4H_HUMAN:sp|Q9H7D0|DOCK5_HUMAN:sp|P23352|KALM_HUMAN:sp|Q59EK9|RUN3A_HUMAN:sp|Q86YJ7|AN13B_HUMAN:sp|Q5TCZ1|SPD2A_HUMAN:sp|Q8WVX9|FACR1_HUMAN:sp|Q6YHK3|CD109_HUMAN:sp|Q9P225|DYH2_HUMAN:sp|Q9NVM9|INT13_HUMAN:sp|O95522|PRA12_HUMAN:sp|Q15697|ZN174_HUMAN:sp|A4UGR9|XIRP2_HUMAN:sp|Q5VT98|PRA20_HUMAN:sp|Q5TIE3|VW5B1_HUMAN:sp|Q9C0G6|DYH6_HUMAN:sp|Q0VDG4|SCRN3_HUMAN:sp|Q05513|KPCZ_HUMAN:sp|Q9BYE7|PCGF6_HUMAN:sp|Q9NYC9|DYH9_HUMAN:sp|Q9HAU5|RENT2_HUMAN:sp|Q4G0N4|NAKD2_HUMAN:sp|Q502W6|VWA3B_HUMAN:sp|O60840|CAC1F_HUMAN:sp|Q96C86|DCPS_HUMAN:sp|Q9NXF1|TEX10_HUMAN:sp|P35498|SCN1A_HUMAN:sp|Q9Y217|MTMR6_HUMAN:sp|Q99250|SCN2A_HUMAN:sp|P02771|FETA_HUMAN:sp|Q86X53|ERIC1_HUMAN:sp|Q96CQ1|S2536_HUMAN:sp|Q5SRD1|TI23B_HUMAN:sp|Q9H3R1|NDST4_HUMAN:sp|Q9BV87|CNPD1_HUMAN:sp|Q5VZK9|CARL1_HUMAN:sp|Q8NEZ2|VP37A_HUMAN:sp|Q8N6N7|ACBD7_HUMAN:sp|Q9HB71|CYBP_HUMAN:sp|Q8NCN5|PDPR_HUMAN:sp|Q9H2M9|RBGPR_HUMAN:sp|Q96EK7|F120B_HUMAN:sp|P52292|IMA1_HUMAN:sp|Q9NXD2|MTMRA_HUMAN:sp|O43169|CYB5B_HUMAN:tr|A0A0G2JND7|A0A0G2JND7_HUMAN:sp|A2A3K4|PTPC1_HUMAN:sp|P14324|FPPS_HUMAN:sp|Q01668|CAC1D_HUMAN:sp|Q9NRM6|I17RB_HUMAN:sp|Q8NCD3|HJURP_HUMAN:sp|Q99575|POP1_HUMAN:sp|Q9H8E8|CSR2B_HUMAN:sp|A2RU49|HYKK_HUMAN:sp|Q86XA9|HTR5A_HUMAN:sp|Q9P0V3|SH3B4_HUMAN:sp|P10809|CH60_HUMAN:sp|Q9BTW9|TBCD_HUMAN:sp|Q5T7N2|LITD1_HUMAN:sp|O15031|PLXB2_HUMAN:sp|Q96QB1|RHG07_HUMAN:sp|P28324|ELK4_HUMAN:sp|Q9Y2K9|STB5L_HUMAN:sp|Q5FVE4|ACBG2_HUMAN:sp|Q96NL6|SCLT1_HUMAN:sp|Q9NUQ3|TXLNG_HUMAN:sp|P40197|GPV_HUMAN:sp|Q9H0P0|5NT3A_HUMAN:sp|Q01970|PLCB3_HUMAN:sp|O14980|XPO1_HUMAN:sp|Q9ULJ7|ANR50_HUMAN:sp|Q5VSP4|LC1L1_HUMAN:sp|Q8N6V4|CJ053_HUMAN:sp|O43422|P52K_HUMAN:sp|Q9BY66|KDM5D_HUMAN:sp|Q13616|CUL1_HUMAN:sp|Q00839|HNRPU_HUMAN:sp|Q5SXM2|SNPC4_HUMAN:sp|O75417|DPOLQ_HUMAN:sp|O95456|PSMG1_HUMAN:sp|Q9P2D3|HTR5B_HUMAN:sp|Q9NP64|ZCC17_HUMAN:sp|Q6ZU65|UBN2_HUMAN:sp|Q9UQD0|SCN8A_HUMAN:sp|Q9NW15|ANO10_HUMAN:sp|P40222|TXLNA_HUMAN:sp|A6NES4|MRO2A_HUMAN:sp|Q9H000|MKRN2_HUMAN:sp|Q14872|MTF1_HUMAN:sp|Q9P2L0|WDR35_HUMAN:sp|Q49AA0|ZFP69_HUMAN:sp|Q9NQ66|PLCB1_HUMAN:sp|P04279|SEMG1_HUMAN:sp|O43149|ZZEF1_HUMAN:sp|Q8IWR1|TRI59_HUMAN:sp|Q6WRI0|IGS10_HUMAN:sp|Q8IY33|MILK2_HUMAN:sp|P00973|OAS1_HUMAN:sp|Q02156|KPCE_HUMAN:sp|Q13698|CAC1S_HUMAN:sp|Q13435|SF3B2_HUMAN:sp|O60336|MABP1_HUMAN:sp|A6NC97|F172B_HUMAN:sp|P41743|KPCI_HUMAN:sp|Q9UKI8|TLK1_HUMAN:sp|Q86X02|CDR2L_HUMAN:sp|Q9NUQ7|UFSP2_HUMAN:sp|Q9NRN9|METL5_HUMAN:sp|Q8N8X9|MB213_HUMAN:sp|Q9Y6V0|PCLO_HUMAN:sp|P33121|ACSL1_HUMAN:sp|Q96K80|ZC3HA_HUMAN,DeepNovo
Q(+42.01)(+0.98)PLLKGGAGGSAEELK,69.48,1596.8358,16,62.5,16,-1.6,533.28503,3,36.1809,N/A,0.33,13837,HFX193_IPP292_GEL_CRC_324_Odd.raw,7.91E5,7.25E6,1,1,1,1,"Acetylation (N-term);Deamidation (NQ)",,0 0 4 5 12 0 0 10 0 0 5 18 7 7 30 5,Q(+42.01)(+0.98)PLLKGGAGGSAEELK,sp|Q14684|RRP1B_HUMAN:sp|Q9NWW6|NRK1_HUMAN:sp|Q9H7B2|RPF2_HUMAN:sp|P21817|RYR1_HUMAN:sp|Q7L0Q8|RHOU_HUMAN:sp|O60331|PI51C_HUMAN:sp|Q9BZQ8|NIBA1_HUMAN:sp|Q0VFZ6|CF210_HUMAN:sp|P50461|CSRP3_HUMAN:sp|Q86TB9|PATL1_HUMAN:sp|Q96L73|NSD1_HUMAN:sp|P26373|RL13_HUMAN:sp|Q5T2T1|MPP7_HUMAN:sp|Q9NXE8|CWC25_HUMAN:sp|Q56NI9|ESCO2_HUMAN:sp|Q9Y5U8|MPC1_HUMAN:sp|P11055|MYH3_HUMAN:sp|O95696|BRD1_HUMAN:sp|Q5F1R6|DJC21_HUMAN:sp|P21754|ZP3_HUMAN:sp|Q09666|AHNK_HUMAN:sp|Q0VAK6|LMOD3_HUMAN:sp|Q9C0B7|TNG6_HUMAN:sp|O14503|BHE40_HUMAN:sp|Q5VW36|FOCAD_HUMAN:sp|O95630|STABP_HUMAN:sp|Q9BQE5|APOL2_HUMAN:sp|Q9P2H5|UBP35_HUMAN:sp|P53004|BIEA_HUMAN:sp|Q14195|DPYL3_HUMAN:sp|Q86WI1|PKHL1_HUMAN:sp|Q15418|KS6A1_HUMAN:sp|Q9NRK6|ABCBA_HUMAN:sp|Q8IZL8|PELP1_HUMAN:sp|Q8NDG6|TDRD9_HUMAN:sp|O00445|SYT5_HUMAN:sp|O60318|GANP_HUMAN:sp|P35498|SCN1A_HUMAN:sp|Q6P5Z2|PKN3_HUMAN:RPL22_DEL_T-p.K15Rfs*5_::chr1:6197225-6198225_frame=3:sp|Q8NDH2|CC168_HUMAN:sp|Q8WYA0|IFT81_HUMAN:sp|Q8IVL0|NAV3_HUMAN:sp|Q9P0M4|IL17C_HUMAN:sp|Q9UMS5|PHTF1_HUMAN:sp|Q96KP1|EXOC2_HUMAN:sp|Q86UD5|SL9B2_HUMAN:sp|O14786|NRP1_HUMAN:sp|Q2KJY2|KI26B_HUMAN:sp|P40967|PMEL_HUMAN:sp|Q9Y2M2|SSUH2_HUMAN:sp|P22001|KCNA3_HUMAN:sp|Q8TDM6|DLG5_HUMAN:sp|O75165|DJC13_HUMAN:sp|O15240|VGF_HUMAN:sp|O75794|CD123_HUMAN:sp|P04626|ERBB2_HUMAN:sp|Q9HCH3|CPNE5_HUMAN:sp|P54886|P5CS_HUMAN:sp|Q8N5Q1|GAR5B_HUMAN:sp|Q9BV36|MELPH_HUMAN:sp|Q96EY8|MMAB_HUMAN:sp|Q8IWV8|UBR2_HUMAN:sp|Q9UHL4|DPP2_HUMAN:sp|Q8IVL1|NAV2_HUMAN:sp|Q86WC4|OSTM1_HUMAN:sp|P31415|CASQ1_HUMAN:SEC31A_INS_--T_p.I462Nfs*2::chr4:82863911-82864912_frame=2:sp|P78406|RAE1L_HUMAN:sp|Q9P0K1|ADA22_HUMAN:sp|Q14028|CNGB1_HUMAN:sp|Q13823|NOG2_HUMAN:sp|Q9H777|RNZ1_HUMAN:sp|O95236|APOL3_HUMAN:sp|P42679|MATK_HUMAN:ENO4_DEL_A-p.K207Rfs*32_::chr10:116858617-116859617_frame=-3:sp|Q86WN1|FCSD1_HUMAN:sp|P04406|G3P_HUMAN:sp|Q9H6T3|RPAP3_HUMAN:sp|Q3KR16|PKHG6_HUMAN:sp|Q9BYV8|CEP41_HUMAN:sp|P02549|SPTA1_HUMAN:sp|Q9NRC6|SPTN5_HUMAN:sp|Q96S52|PIGS_HUMAN:sp|A0A087WSZ9|TVA30_HUMAN:sp|Q15431|SYCP1_HUMAN:sp|Q9UDY4|DNJB4_HUMAN:sp|Q5TC63|GRTP1_HUMAN:sp|Q76N89|HECW1_HUMAN:sp|Q3L8U1|CHD9_HUMAN:sp|Q8IYS1|P20D2_HUMAN:sp|Q96F63|CCD97_HUMAN:sp|C9JH25|PRRT4_HUMAN:sp|Q9UBZ9|REV1_HUMAN:sp|Q8N8N0|RN152_HUMAN:sp|Q5SZJ8|BEND6_HUMAN:sp|Q9NZJ4|SACS_HUMAN:sp|P59020|DSCR9_HUMAN:sp|Q86UL3|GPAT4_HUMAN:sp|P35670|ATP7B_HUMAN:sp|P08648|ITA5_HUMAN:sp|Q9Y623|MYH4_HUMAN:sp|Q8IVS8|GLCTK_HUMAN:sp|Q96AX1|VP33A_HUMAN:sp|Q16555|DPYL2_HUMAN:sp|Q9ULE4|F184B_HUMAN:sp|O75330|HMMR_HUMAN:sp|P37275|ZEB1_HUMAN:sp|Q9NQX0|PRDM6_HUMAN:sp|Q99676|ZN184_HUMAN:sp|Q9H9Y2|RPF1_HUMAN:sp|P22307|SCP2_HUMAN:sp|Q8TF21|ANR24_HUMAN:sp|Q5T0T0|MARH8_HUMAN:sp|P31270|HXA11_HUMAN:sp|Q96M89|CC138_HUMAN:sp|P58215|LOXL3_HUMAN:sp|Q5JPI3|CC038_HUMAN:sp|P13611|CSPG2_HUMAN:sp|Q9NQU5|PAK6_HUMAN,DeepNovo
Q(+42.01)(+0.98)RSLLKFLGPVHGGGN(+0.98)KLLKEGDLVK,116.04,2846.6018,26,50.0,26,1.8,475.44174,6,37.0111,N/A,0.26,14207,HFX193_IPP292_GEL_CRC_324_Odd.raw,8.8E5,5.67E6,1,1,1,1,"Acetylation (N-term);Deamidation (NQ);Deamidation (NQ)",,5 0 0 3 11 1 0 0 0 0 0 0 6 0 0 7 6 5 5 20 14 0 0 7 9 5,Q(+42.01)(+0.98)RSLLKFLGPVHGGGN(+0.98)KLLKEGDLVK,sp|Q14684|RRP1B_HUMAN:sp|Q2M243|CCD27_HUMAN:sp|Q5TGP6|MROH9_HUMAN:sp|P35968|VGFR2_HUMAN:sp|Q92626|PXDN_HUMAN:sp|Q8IWZ3|ANKH1_HUMAN:sp|Q9NSE4|SYIM_HUMAN:sp|P46013|KI67_HUMAN:sp|Q9Y4M8|CH071_HUMAN:sp|Q92621|NU205_HUMAN:sp|P38398|BRCA1_HUMAN:sp|P42768|WASP_HUMAN:sp|Q7Z553|MDGA2_HUMAN:sp|Q12766|HMGX3_HUMAN:sp|Q5T6F2|UBAP2_HUMAN:sp|Q6N022|TEN4_HUMAN:sp|Q7Z6E9|RBBP6_HUMAN:sp|A4UGR9|XIRP2_HUMAN:sp|P43246|MSH2_HUMAN:sp|Q9NYY8|FAKD2_HUMAN:sp|Q92541|RTF1_HUMAN:sp|Q14D04|MELT_HUMAN:sp|Q92973|TNPO1_HUMAN:sp|Q8NHV9|RHXF1_HUMAN:sp|Q5TZA2|CROCC_HUMAN:sp|P19878|NCF2_HUMAN:sp|P30622|CLIP1_HUMAN:DYNC1I2_INS_--A_p.R57Kfs*5::chr2:171692328-171693329_frame=3:sp|Q9Y6A5|TACC3_HUMAN:sp|P51587|BRCA2_HUMAN:sp|Q00613|HSF1_HUMAN:sp|Q9HCL0|PCD18_HUMAN:sp|Q8IXW0|LMTD2_HUMAN:sp|Q6ZMB5|T184A_HUMAN:sp|Q9NZN5|ARHGC_HUMAN:sp|P58658|EVA1C_HUMAN:sp|Q12980|NPRL3_HUMAN:sp|Q04446|GLGB_HUMAN:sp|Q96QK1|VPS35_HUMAN:sp|Q86YT9|JAML_HUMAN:ZNF518A_DEL_A-p.T929Lfs*2_::chr10:96158599-96159599_frame=1:sp|O75165|DJC13_HUMAN:sp|Q96M98|PACRG_HUMAN:sp|Q9H3U1|UN45A_HUMAN:sp|Q8IYE0|CC146_HUMAN:sp|Q9P2P6|STAR9_HUMAN:sp|Q8WXW3|PIBF1_HUMAN:sp|Q9UKA4|AKA11_HUMAN:sp|Q9BVG3|TRI62_HUMAN:sp|Q9UM21|MGT4A_HUMAN:sp|Q9P2M1|LR2BP_HUMAN:sp|Q08499|PDE4D_HUMAN:sp|Q96T58|MINT_HUMAN:sp|A8MUZ8|Z705G_HUMAN:sp|P14324|FPPS_HUMAN:sp|Q86U86|PB1_HUMAN:sp|Q9Y2D2|S35A3_HUMAN:sp|Q8N884|CGAS_HUMAN:sp|Q9BQQ3|GORS1_HUMAN:sp|Q9ULD9|ZN608_HUMAN:MNS1_DEL_TT-p.K202Afs*5_::chr15:56444025-56445026_frame=-1:sp|Q92947|GCDH_HUMAN:sp|Q8N5V2|NGEF_HUMAN:sp|Q53TQ3|IN80D_HUMAN:sp|O95990|F107A_HUMAN:sp|O94973|AP2A2_HUMAN:sp|Q96M32|KAD7_HUMAN:sp|Q8TEK3|DOT1L_HUMAN:sp|Q7Z333|SETX_HUMAN:sp|Q9P2M7|CING_HUMAN:sp|Q13309|SKP2_HUMAN:sp|Q5VU43|MYOME_HUMAN:sp|Q0VF96|CGNL1_HUMAN:sp|Q8TC44|POC1B_HUMAN:sp|Q07283|TRHY_HUMAN:sp|O15226|NKRF_HUMAN:sp|P29144|TPP2_HUMAN:sp|P25092|GUC2C_HUMAN:sp|Q15075|EEA1_HUMAN:sp|Q8IVW4|CDKL3_HUMAN:sp|Q9UHB9|SRP68_HUMAN:sp|O75962|TRIO_HUMAN:sp|Q9H560|ANR19_HUMAN:sp|Q6NW34|NEPRO_HUMAN:sp|O95782|AP2A1_HUMAN:sp|A6PVI3|NCB2L_HUMAN:sp|Q9H3J6|MTRFR_HUMAN:sp|Q14094|CCNI_HUMAN:sp|O43520|AT8B1_HUMAN:sp|P52630|STAT2_HUMAN:sp|Q9BZW7|TSG10_HUMAN:sp|Q9UBZ9|REV1_HUMAN:sp|P42345|MTOR_HUMAN:sp|Q96LK8|SPT32_HUMAN:sp|Q9HAC7|SUCHY_HUMAN:sp|O43156|TTI1_HUMAN:sp|Q9NSB4|KRT82_HUMAN:sp|P32247|BRS3_HUMAN:sp|P07814|SYEP_HUMAN:sp|Q6ZUS5|CC121_HUMAN:sp|Q504Y2|PKDCC_HUMAN:sp|Q86YR7|MF2L2_HUMAN:sp|O00264|PGRC1_HUMAN:sp|Q96MA6|KAD8_HUMAN:sp|P20774|MIME_HUMAN:sp|Q9NQH7|XPP3_HUMAN:sp|P49354|FNTA_HUMAN:sp|Q9BZ68|FR8P1_HUMAN:sp|P31948|STIP1_HUMAN:sp|P15848|ARSB_HUMAN:sp|Q9NR48|ASH1L_HUMAN:sp|Q7Z5H3|RHG22_HUMAN:sp|O15228|GNPAT_HUMAN:sp|Q69YI7|NAIF1_HUMAN:sp|Q8NCM8|DYHC2_HUMAN:sp|Q8WTT2|NOC3L_HUMAN:sp|O95239|KIF4A_HUMAN:sp|P13671|CO6_HUMAN:sp|Q96M89|CC138_HUMAN:sp|P11362|FGFR1_HUMAN,DeepNovo
Q(+42.01)(+0.98)RVEVH,16.54,809.4031,6,66.7,6,1.3,405.70938,2,28.9643,N/A,0.39,10910,HFX193_IPP292_GEL_CRC_324_Odd.raw,7.27E5,6.03E6,2,2,2,2,"Acetylation (N-term);Deamidation (NQ)",,0 0 6 6 13 5,Q(+42.01)(+0.98)RVEVH,,DeepNovo
Q(+42.01)(+0.98)TAPEKAGSLPPGLAVK,61.35,1705.9250,17,47.1,17,3.8,569.65112,3,39.4482,N/A,0.14,15179,HFX193_IPP292_GEL_CRC_324_Odd.raw,7.87E4,1.11E6,1,1,1,1,"Acetylation (N-term);Deamidation (NQ)",,0 0 0 0 0 5 0 0 5 5 6 2 1 1 3 5 5,Q(+42.01)(+0.98)TAPEKAGSLPPGLAVK,sp|P29728|OAS2_HUMAN:sp|Q96QU8|XPO6_HUMAN:sp|Q9NXK8|FXL12_HUMAN:sp|Q6UWY2|PRS57_HUMAN:sp|P07315|CRGC_HUMAN:sp|Q4ZIN3|MBRL_HUMAN:sp|Q96QE4|LR37B_HUMAN:sp|Q6ZRS2|SRCAP_HUMAN:sp|Q7Z589|EMSY_HUMAN:sp|O60241|AGRB2_HUMAN:sp|Q9UKZ4|TEN1_HUMAN:sp|Q8N5U0|CK042_HUMAN:sp|A4D0S4|LAMB4_HUMAN:sp|Q16613|SNAT_HUMAN:sp|O60309|L37A3_HUMAN:sp|Q12996|CSTF3_HUMAN:sp|Q6V9R5|ZN562_HUMAN:sp|Q9Y2P5|S27A5_HUMAN:sp|Q9Y2E6|DTX4_HUMAN:sp|A1A5C7|S22AN_HUMAN:sp|Q8N228|SCML4_HUMAN:sp|Q6P0Q8|MAST2_HUMAN:sp|Q9BT04|FUZZY_HUMAN:sp|Q13322|GRB10_HUMAN:sp|A6NF36|CC182_HUMAN:sp|Q09019|DMWD_HUMAN:sp|A0PJK1|SC5AA_HUMAN:sp|Q5TZA2|CROCC_HUMAN:sp|Q8WVB6|CTF18_HUMAN:sp|Q96T76|MMS19_HUMAN:sp|Q9BRP8|PYM1_HUMAN:sp|Q9H228|S1PR5_HUMAN:sp|Q96A44|SPSB4_HUMAN:sp|Q8WWM7|ATX2L_HUMAN:sp|O75155|CAND2_HUMAN:sp|O95672|ECEL1_HUMAN:sp|Q02388|CO7A1_HUMAN:sp|Q14687|GSE1_HUMAN:sp|Q53GT1|KLH22_HUMAN:sp|Q9HAH7|FBRS_HUMAN:sp|O75787|RENR_HUMAN:sp|Q12849|GRSF1_HUMAN:sp|Q8IWZ8|SUGP1_HUMAN:sp|O95486|SC24A_HUMAN:sp|O75165|DJC13_HUMAN:sp|P51531|SMCA2_HUMAN:sp|P54253|ATX1_HUMAN:sp|P10253|LYAG_HUMAN:sp|Q9HCH3|CPNE5_HUMAN:sp|Q8N5Q1|GAR5B_HUMAN:sp|P50570|DYN2_HUMAN:sp|Q9BUL9|RPP25_HUMAN:sp|Q8NER5|ACV1C_HUMAN:sp|Q9Y6H5|SNCAP_HUMAN:sp|O15054|KDM6B_HUMAN:sp|Q9NRM6|I17RB_HUMAN:sp|Q9P1U1|ARP3B_HUMAN:sp|O75355|ENTP3_HUMAN:sp|O43918|AIRE_HUMAN:sp|A8MXV4|NUD19_HUMAN:sp|Q8NEZ4|KMT2C_HUMAN:sp|A8MYZ6|FOXO6_HUMAN:sp|Q96CD0|FBXL8_HUMAN:tr|A0A8I5KYS1|A0A8I5KYS1_HUMAN:sp|Q9H8P0|PORED_HUMAN:sp|Q9H8W3|F204A_HUMAN:sp|O15040|TCPR2_HUMAN:sp|Q9NQC3|RTN4_HUMAN:sp|Q9Y4Z2|NGN3_HUMAN:sp|P35555|FBN1_HUMAN:sp|Q9HBL0|TENS1_HUMAN:sp|O95613|PCNT_HUMAN:sp|Q5VY43|PEAR1_HUMAN:sp|Q9BYT3|STK33_HUMAN:MNS1_DEL_TT-p.K202Afs*5_::chr15:56444025-56445026_frame=-3:sp|Q5HYK7|SH319_HUMAN:sp|O75445|USH2A_HUMAN:sp|P35813|PPM1A_HUMAN:CKAP2_DEL_A-p.K605Rfs*14_::chr13:52474399-52475399_frame=-2:sp|Q494W8|CRFM7_HUMAN:sp|Q7Z5L7|PODN_HUMAN:sp|Q9Y312|AAR2_HUMAN:sp|Q969X2|SIA7F_HUMAN:sp|O75962|TRIO_HUMAN:sp|O60304|ZN500_HUMAN:sp|Q9UPP1|PHF8_HUMAN:sp|Q9H3J6|MTRFR_HUMAN:sp|P43268|ETV4_HUMAN:sp|Q13472|TOP3A_HUMAN:sp|Q9BUH8|BEGIN_HUMAN:sp|P54646|AAPK2_HUMAN:sp|Q9P2Y5|UVRAG_HUMAN:sp|Q96S59|RANB9_HUMAN:sp|Q9H270|VPS11_HUMAN:sp|Q9BZC7|ABCA2_HUMAN:sp|Q53EQ6|TIGD5_HUMAN:PHF2_DEL_A-p.K492Rfs*6_::chr9:93659830-93660830_frame=1:sp|O75364|PITX3_HUMAN:sp|O60336|MABP1_HUMAN:sp|P05186|PPBT_HUMAN:sp|Q7Z3U7|MON2_HUMAN:sp|Q9ULD2|MTUS1_HUMAN:sp|P16455|MGMT_HUMAN:sp|P0C864|DANCR_HUMAN:sp|Q96P63|SPB12_HUMAN:sp|P14672|GLUT4_HUMAN:sp|Q9UHL9|GT2D1_HUMAN:sp|Q13635|PTC1_HUMAN:sp|P05997|CO5A2_HUMAN:sp|Q02952|AKA12_HUMAN:sp|Q9H6A9|PCX3_HUMAN:sp|Q9NZV7|ZIM2_HUMAN:sp|P10092|CALCB_HUMAN:sp|Q9UJQ4|SALL4_HUMAN:sp|Q6UY11|DLK2_HUMAN:XYLT2_DEL_C-p.G529Afs*78_::chr17:50356106-50357106_frame=2:sp|Q00978|IRF9_HUMAN:sp|Q96IK1|BOD1_HUMAN:sp|Q96NI6|LRFN5_HUMAN:sp|Q6PJ21|SPSB3_HUMAN,DeepNovo
Q(+42.01)(+0.98)VLSTKGFAGDGVA,71.13,1391.6932,14,50.0,14,3.2,696.85608,2,32.6456,N/A,0.37,12420,HFX193_IPP292_GEL_CRC_324_Odd.raw,4.69E5,4.77E6,2,2,2,2,"Acetylation (N-term);Deamidation (NQ)",,5 6 0 0 0 3 3 3 1 1 0 0 5 5,Q(+42.01)(+0.98)VLSTKGFAGDGVA,sp|Q75N90|FBN3_HUMAN:sp|Q9UBB9|TFP11_HUMAN:sp|Q9UK80|UBP21_HUMAN:sp|Q9C0B7|TNG6_HUMAN:sp|P08572|CO4A2_HUMAN:sp|Q01955|CO4A3_HUMAN:sp|O14594|NCAN_HUMAN:sp|P01133|EGF_HUMAN,DeepNovo
R(+42.01)AGGDHTYHL,41.84,1167.5421,10,60.0,10,4.0,584.78064,2,35.8083,13.8083,0.56,13701,HFX193_IPP292_GEL_CRC_324_Even.raw,5.56E6,3.67E7,4,4,3,3,"Acetylation (N-term)",,0 0 0 0 10 4 4 5 10 5,R(+42.01)AGGDHTYHL,sp|P21802|FGFR2_HUMAN:sp|P63151|2ABA_HUMAN:sp|Q00005|2ABB_HUMAN:sp|Q6IN85|P4R3A_HUMAN:sp|Q9Y2T4|2ABG_HUMAN:sp|Q5MIZ7|P4R3B_HUMAN:sp|Q66LE6|2ABD_HUMAN:sp|Q9Y4A8|NF2L3_HUMAN:sp|O00562|PITM1_HUMAN:sp|Q9BXU7|UBP26_HUMAN,DeepNovo
R(+42.01)ALLVVKKPKAAKKPK,50.56,1816.2137,16,43.8,16,0.0,455.06073,4,20.8506,5.0506,0.15,7649,HFX193_IPP292_GEL_CRC_324_Odd.raw,2.79E6,4.8E7,1,1,1,1,"Acetylation (N-term)",,0 0 0 0 0 0 0 2 2 5 2 2 2 1 1 5,R(+42.01)ALLVVKKPKAAKKPK,sp|P16402|H13_HUMAN:sp|A0M8Q6|IGLC7_HUMAN:sp|Q8N5R6|CCD33_HUMAN:sp|Q5VUY2|ADCL4_HUMAN:sp|Q9BY42|RTF2_HUMAN:sp|Q68EM7|RHG17_HUMAN:sp|P0CF74|IGLC6_HUMAN:sp|Q5T848|GP158_HUMAN:sp|P16403|H12_HUMAN:sp|Q9Y5V3|MAGD1_HUMAN:sp|O43426|SYNJ1_HUMAN:sp|Q9BW85|YJU2_HUMAN:sp|Q02539|H11_HUMAN:sp|Q9NQG1|MANBL_HUMAN:sp|Q13508|NAR3_HUMAN:sp|P0DOY3|IGLC3_HUMAN:sp|P0C7V6|SP202_HUMAN:sp|Q03167|TGBR3_HUMAN:sp|P48436|SOX9_HUMAN:sp|P01732|CD8A_HUMAN:sp|Q12860|CNTN1_HUMAN:sp|P16401|H15_HUMAN:sp|Q96TA1|NIBA2_HUMAN:sp|Q6H8Q1|ABLM2_HUMAN:sp|P0DOY2|IGLC2_HUMAN:sp|Q96L94|SNX22_HUMAN:sp|Q9Y5B0|CTDP1_HUMAN:tr|A0A1B0GTH9|A0A1B0GTH9_HUMAN:sp|P46821|MAP1B_HUMAN:sp|Q9NQW6|ANLN_HUMAN:sp|P10412|H14_HUMAN:sp|P51532|SMCA4_HUMAN:sp|Q96JK9|MAML3_HUMAN:sp|O75746|S2512_HUMAN:sp|Q7Z442|PK1L2_HUMAN:sp|Q96L91|EP400_HUMAN:sp|Q3T8J9|GON4L_HUMAN:sp|Q9UDY2|ZO2_HUMAN:sp|Q96JP5|ZFP91_HUMAN:sp|Q1XH10|SKDA1_HUMAN:sp|Q4G148|GXLT1_HUMAN:sp|P19878|NCF2_HUMAN:sp|Q9P2L0|WDR35_HUMAN:sp|Q14444|CAPR1_HUMAN:sp|Q6UUV7|CRTC3_HUMAN:sp|Q9HD40|SPCS_HUMAN:sp|P98161|PKD1_HUMAN,DeepNovo
R(+42.01)ATLRLHLR,23.56,1176.7203,9,44.4,9,0.3,393.24750,3,33.2905,0.2905,0.36,12669,HFX193_IPP292_GEL_CRC_324_Odd.raw,1.82E6,1.21E7,1,1,1,1,"Acetylation (N-term)",,0 0 0 2 2 2 1 1 5,R(+42.01)ATLRLHLR,sp|Q9BZZ2|SN_HUMAN:sp|A0FGR9|ESYT3_HUMAN:sp|Q70Z35|PREX2_HUMAN:sp|Q8IVE3|PKHH2_HUMAN:sp|O95166|GBRAP_HUMAN:sp|Q9Y675|SNURF_HUMAN:sp|Q8TF50|ZN526_HUMAN:sp|P41182|BCL6_HUMAN:sp|Q9BSL1|UBAC1_HUMAN:sp|Q86T65|DAAM2_HUMAN:sp|Q8IWX8|CHERP_HUMAN:sp|Q96N38|ZN714_HUMAN:sp|Q5THR3|EFCB6_HUMAN:sp|Q9BY60|GBRL3_HUMAN:sp|Q7Z7K2|ZN467_HUMAN:sp|P54753|EPHB3_HUMAN:sp|Q5SVQ8|ZBT41_HUMAN:sp|Q5T0B9|ZN362_HUMAN:sp|Q86WU2|LDHD_HUMAN:sp|P42081|CD86_HUMAN:sp|Q8WZ42|TITIN_HUMAN:sp|P35348|ADA1A_HUMAN:sp|Q8N1C3|GBRG1_HUMAN:sp|Q07869|PPARA_HUMAN:sp|P49736|MCM2_HUMAN:sp|C9J6K1|CS081_HUMAN:sp|Q96PY6|NEK1_HUMAN:sp|O43678|NDUA2_HUMAN:sp|Q9UHV5|RPGFL_HUMAN:sp|Q9NRC6|SPTN5_HUMAN:sp|Q8TF32|ZN431_HUMAN:sp|Q9NRL2|BAZ1A_HUMAN:sp|Q9Y4D1|DAAM1_HUMAN:sp|Q9UPW8|UN13A_HUMAN:sp|Q70CQ1|UBP49_HUMAN:sp|Q96KN3|PKNX2_HUMAN:sp|Q6UWB1|I27RA_HUMAN:sp|Q96NG5|ZN558_HUMAN:sp|Q9UPM8|AP4E1_HUMAN:sp|Q9Y2Q1|ZN257_HUMAN:sp|Q709C8|VP13C_HUMAN:sp|Q6ZT12|UBR3_HUMAN:sp|Q86VS3|IQCH_HUMAN:sp|Q9H0E7|UBP44_HUMAN:sp|Q9NSV4|DIAP3_HUMAN:sp|O75094|SLIT3_HUMAN:sp|P98160|PGBM_HUMAN:sp|Q8IZ26|ZNF34_HUMAN:sp|P55347|PKNX1_HUMAN:sp|Q16600|ZN239_HUMAN:sp|P05108|CP11A_HUMAN:sp|Q8NC60|NOA1_HUMAN:sp|A6NK59|ASB14_HUMAN:sp|A6NN14|ZN729_HUMAN:sp|Q9UG01|IF172_HUMAN:sp|O15297|PPM1D_HUMAN:sp|O75223|GGCT_HUMAN:sp|Q6UXK5|LRRN1_HUMAN:sp|Q8IWE2|NXP20_HUMAN:sp|Q9UC07|ZNF69_HUMAN:sp|Q8NDH2|CC168_HUMAN:sp|Q8IV33|K0825_HUMAN:sp|Q2TAY7|SMU1_HUMAN:sp|Q9H7P9|PKHG2_HUMAN:sp|Q9H8G1|ZN430_HUMAN:sp|Q6ZR52|ZN493_HUMAN:sp|Q0VFX4|YL016_HUMAN:sp|Q6KCM7|SCMC2_HUMAN:sp|Q8N143|BCL6B_HUMAN:sp|P10073|ZSC22_HUMAN:sp|P35368|ADA1B_HUMAN:sp|Q96PV0|SYGP1_HUMAN:sp|Q7Z7L7|ZER1_HUMAN:sp|Q8N2H3|PYRD2_HUMAN:sp|P52737|ZN136_HUMAN:sp|Q6P988|NOTUM_HUMAN:sp|E9PGG2|ANHX_HUMAN:sp|Q92608|DOCK2_HUMAN:sp|Q6P2D0|ZFP1_HUMAN:sp|Q9BSJ8|ESYT1_HUMAN:sp|Q9UF33|EPHA6_HUMAN:sp|P59534|T2R39_HUMAN:sp|Q8IXS2|DRC2_HUMAN:sp|Q8NBQ7|AQP11_HUMAN:sp|O75325|LRRN2_HUMAN:sp|Q2TAZ0|ATG2A_HUMAN:sp|O60879|DIAP2_HUMAN:sp|P18507|GBRG2_HUMAN:sp|Q9GZV8|PRD14_HUMAN:sp|Q9H0R8|GBRL1_HUMAN:sp|Q9NRS6|SNX15_HUMAN:sp|Q8IX30|SCUB3_HUMAN:sp|Q6PRD7|CEMP1_HUMAN:sp|Q9UJQ7|SCP2D_HUMAN:sp|Q9H3W5|LRRN3_HUMAN,DeepNovo
R(+42.01)C(+119.00)C(+119.00)DHAVGLVVGGKGAVKGKLLAK,127.35,2658.3589,24,62.5,24,0.5,532.67932,5,35.4585,-13.4415,0.10,13583,HFX193_IPP292_GEL_CRC_324_Odd.raw,5.61E5,3.9E6,1,1,1,1,"Acetylation (N-term);Cysteinylation;Cysteinylation",,3 0 0 0 8 8 17 4 4 75 50 0 0 13 0 0 13 15 0 0 6 7 10 5,R(+42.01)C(+119.00)C(+119.00)DHAVGLVVGGKGAVKGKLLAK,sp|Q8IWX5|SGPP2_HUMAN:sp|Q96BZ4|PLD4_HUMAN:sp|Q9BXU3|TX13A_HUMAN:sp|Q9H477|RBSK_HUMAN:sp|Q8N0V5|GNT2A_HUMAN:sp|Q96Q06|PLIN4_HUMAN:sp|P52790|HXK3_HUMAN:sp|Q9BRQ8|FSP1_HUMAN:sp|P37268|FDFT_HUMAN:sp|O60669|MOT2_HUMAN:sp|P35348|ADA1A_HUMAN:sp|Q9HCD6|TANC2_HUMAN:sp|P81605|DCD_HUMAN:sp|Q9Y2P5|S27A5_HUMAN:sp|Q09666|AHNK_HUMAN:sp|O14576|DC1I1_HUMAN:sp|Q8WZ75|ROBO4_HUMAN:sp|Q00403|TF2B_HUMAN:sp|Q9BVI4|NOC4L_HUMAN:sp|Q5SQ80|A20A2_HUMAN:sp|O15211|RGL2_HUMAN:sp|P62079|TSN5_HUMAN:sp|Q9UPM8|AP4E1_HUMAN:sp|Q99523|SORT_HUMAN:sp|Q709C8|VP13C_HUMAN:sp|Q6Y1H2|HACD2_HUMAN:sp|A0PJK1|SC5AA_HUMAN:sp|A6NJG6|ARGFX_HUMAN:sp|Q8WXI3|ASB10_HUMAN:sp|O75911|DHRS3_HUMAN:sp|Q14940|SL9A5_HUMAN:sp|P27448|MARK3_HUMAN:sp|Q5CZ79|AN20B_HUMAN:sp|Q16134|ETFD_HUMAN:sp|Q08554|DSC1_HUMAN:sp|A5YKK6|CNOT1_HUMAN:sp|P07204|TRBM_HUMAN:sp|Q96PD7|DGAT2_HUMAN:TCF7L2_DEL_A-p.K485Sfs*23_::chr10:113165058-113166058_frame=-3:sp|O94956|SO2B1_HUMAN:XYLT2_DEL_C-p.G529Afs*78_::chr17:50356106-50357106_frame=-2:sp|Q9UKF6|CPSF3_HUMAN:sp|A0A5B6|TVB28_HUMAN:sp|O43681|GET3_HUMAN:sp|O14493|CLD4_HUMAN:sp|Q719I0|AHSA2_HUMAN:sp|Q96JW4|S41A2_HUMAN:sp|Q9BYN7|ZN341_HUMAN:sp|Q99490|AGAP2_HUMAN:sp|P23415|GLRA1_HUMAN:sp|Q9Y606|PUS1_HUMAN:sp|Q96QI5|HS3S6_HUMAN:sp|Q9BX84|TRPM6_HUMAN:sp|Q6ZRI0|OTOG_HUMAN:sp|Q12834|CDC20_HUMAN:sp|Q86XN8|MEX3D_HUMAN:sp|P50570|DYN2_HUMAN:sp|P11169|GTR3_HUMAN:sp|A1L020|MEX3A_HUMAN:sp|P53985|MOT1_HUMAN:sp|Q9UBB9|TFP11_HUMAN:sp|Q969S0|S35B4_HUMAN:sp|P23246|SFPQ_HUMAN:sp|Q86UR5|RIMS1_HUMAN:sp|P31371|FGF9_HUMAN:sp|Q06495|NPT2A_HUMAN:sp|Q6ZRH7|CTSRG_HUMAN:sp|Q07617|SPAG1_HUMAN:sp|O60755|GALR3_HUMAN:sp|Q14028|CNGB1_HUMAN:sp|Q14974|IMB1_HUMAN:sp|O14788|TNF11_HUMAN:sp|O95198|KLHL2_HUMAN:sp|Q8WZA9|IRGQ_HUMAN:sp|Q86SQ6|AGRA1_HUMAN:sp|Q15393|SF3B3_HUMAN:sp|Q9P2J3|KLHL9_HUMAN:sp|P22557|HEM0_HUMAN:sp|A6XGL0|YJEN3_HUMAN:sp|Q86VN1|VPS36_HUMAN:sp|P11586|C1TC_HUMAN:sp|Q5VUR7|A20A3_HUMAN:sp|P22033|MUTA_HUMAN:sp|Q8WYQ9|ZCH14_HUMAN:sp|Q9NS98|SEM3G_HUMAN:sp|Q13936|CAC1C_HUMAN:sp|P30876|RPB2_HUMAN:sp|P11215|ITAM_HUMAN:sp|Q7Z442|PK1L2_HUMAN:sp|Q96S37|S22AC_HUMAN:sp|P29376|LTK_HUMAN:sp|Q7Z3G6|PRIC2_HUMAN:sp|Q9H981|ARP8_HUMAN:sp|Q9NTN3|S35D1_HUMAN:sp|Q9UH77|KLHL3_HUMAN:sp|P51398|RT29_HUMAN:sp|Q9UQ16|DYN3_HUMAN:sp|Q6P1J6|PLB1_HUMAN:sp|O14957|QCR10_HUMAN:sp|O75581|LRP6_HUMAN:sp|P50851|LRBA_HUMAN:sp|Q9BQS8|FYCO1_HUMAN:sp|Q7Z5J4|RAI1_HUMAN:sp|Q9P267|MBD5_HUMAN:sp|Q8IXV7|KLD8B_HUMAN:sp|Q8TF17|S3TC2_HUMAN:sp|O60883|G37L1_HUMAN:sp|Q9H0B3|IQCN_HUMAN:sp|P46952|3HAO_HUMAN:sp|Q8NGE5|O10A7_HUMAN:sp|Q92482|AQP3_HUMAN:sp|Q7Z4L0|COX8C_HUMAN:sp|Q7Z4N2|TRPM1_HUMAN:sp|P20618|PSB1_HUMAN:sp|P11166|GTR1_HUMAN:sp|Q9NR48|ASH1L_HUMAN:sp|Q9UKU0|ACSL6_HUMAN:sp|O15553|MEFV_HUMAN:sp|P05121|PAI1_HUMAN:sp|P21781|FGF7_HUMAN,DeepNovo
R(+42.01)EM(+15.99)RHSLFTPETGGPR,114.94,1927.9323,16,68.8,16,-0.7,643.65088,3,37.1147,15.7147,0.80,14216,HFX193_IPP292_GEL_CRC_324_Odd.raw,3.13E6,2.09E7,3,3,3,3,"Acetylation (N-term);Oxidation (M)",,3 1 1 3 5 13 26 30 30 9 9 1 0 0 2 2,R(+42.01)EM(+15.99)RHSLFTPETGGPR,sp|Q86U06|RBM23_HUMAN:sp|Q9P2E2|KIF17_HUMAN:sp|Q70Z35|PREX2_HUMAN:sp|Q8WXI7|MUC16_HUMAN:sp|A4D161|F221A_HUMAN:sp|Q8NFP9|NBEA_HUMAN:sp|Q8TDX9|PK1L1_HUMAN:sp|Q4G1C9|GRPL2_HUMAN:SEC31A_INS_--T_p.I462Nfs*2::chr4:82863911-82864912_frame=2:sp|O43772|MCAT_HUMAN:sp|Q9H7M6|ZSWM4_HUMAN:sp|Q9P0V8|SLAF8_HUMAN:sp|Q96MI6|PPM1M_HUMAN:SAFB2_DEL_G-p.P945Rfs*49_::chr19:5586771-5587771_frame=-2:sp|Q6J272|F166A_HUMAN:sp|Q8NA42|ZN383_HUMAN:sp|P49917|DNLI4_HUMAN:sp|Q9NY59|NSMA2_HUMAN:sp|Q8NG50|RDM1_HUMAN:sp|Q96PF1|TGM7_HUMAN:sp|Q9Y4B6|DCAF1_HUMAN:sp|P06276|CHLE_HUMAN:sp|Q9UBU7|DBF4A_HUMAN:sp|P24723|KPCL_HUMAN:sp|Q8NAX2|KDF1_HUMAN:sp|Q14191|WRN_HUMAN:sp|Q5TF39|MFS4B_HUMAN:sp|Q96MN2|NALP4_HUMAN:sp|Q8N3P4|VPS8_HUMAN:sp|P21583|SCF_HUMAN:sp|Q8N201|INT1_HUMAN:sp|Q92913|FGF13_HUMAN:sp|Q14585|ZN345_HUMAN:sp|Q5HYW2|NHSL2_HUMAN:sp|O60674|JAK2_HUMAN:sp|Q8IWB6|TEX14_HUMAN:sp|P51587|BRCA2_HUMAN:sp|Q86W24|NAL14_HUMAN:sp|Q86X45|DAA11_HUMAN:sp|Q8WXX7|AUTS2_HUMAN:sp|Q12769|NU160_HUMAN:sp|P00747|PLMN_HUMAN:sp|O15014|ZN609_HUMAN:sp|O94915|FRYL_HUMAN:sp|Q9Y2U5|M3K2_HUMAN:sp|Q9HB19|PKHA2_HUMAN:sp|Q92574|TSC1_HUMAN:sp|Q12816|TROP_HUMAN:sp|Q5JR12|PPM1J_HUMAN:sp|Q8NB42|ZN527_HUMAN:sp|Q96Q89|KI20B_HUMAN:sp|Q8IWV7|UBR1_HUMAN:sp|Q9UFB7|ZBT47_HUMAN:sp|Q9ULR3|PPM1H_HUMAN:sp|P07288|KLK3_HUMAN:sp|Q4G0P3|HYDIN_HUMAN:sp|Q92915|FGF14_HUMAN:sp|Q9Y485|DMXL1_HUMAN:sp|Q16740|CLPP_HUMAN:sp|Q9Y574|ASB4_HUMAN:sp|Q9Y3A5|SBDS_HUMAN:sp|Q7L1T6|NB5R4_HUMAN:sp|Q9NS37|ZHANG_HUMAN:sp|O60353|FZD6_HUMAN:sp|O60242|AGRB3_HUMAN:sp|Q8TER5|ARH40_HUMAN:sp|Q8NFW1|COMA1_HUMAN,DeepNovo
R(+42.01)EPGRLLHFAYDGKN(+0.98)Y,81.54,1977.9697,16,62.5,16,1.7,660.33160,3,47.0728,-8.6272,0.13,18248,HFX193_IPP292_GEL_CRC_324_Odd.raw,1.89E6,1.42E7,3,3,2,2,"Acetylation (N-term);Deamidation (NQ)",,2 0 0 54 0 0 0 0 6 7 18 18 54 24 24 5,R(+42.01)EPGRLLHFAYDGKN(+0.98)Y,sp|Q6TFL4|KLH24_HUMAN:sp|Q99466|NOTC4_HUMAN:sp|P04439|HLAA_HUMAN:sp|Q9H2X9|S12A5_HUMAN:sp|P28331|NDUS1_HUMAN:sp|Q9UQK1|PPR3C_HUMAN:sp|P21815|SIAL_HUMAN:sp|P30511|HLAF_HUMAN:sp|P13747|HLAE_HUMAN:sp|Q96G03|PGM2_HUMAN:sp|P61964|WDR5_HUMAN:sp|Q95460|HMR1_HUMAN:sp|Q9UKB1|FBW1B_HUMAN:sp|Q86VZ2|WDR5B_HUMAN:sp|P06756|ITAV_HUMAN:sp|P10321|HLAC_HUMAN:sp|P02675|FIBB_HUMAN:sp|P01889|HLAB_HUMAN:sp|Q9NYQ8|FAT2_HUMAN:sp|P01893|HLAH_HUMAN:sp|P17693|HLAG_HUMAN:sp|Q9Y297|FBW1A_HUMAN,DeepNovo
R(+42.01)FGGKPLRV,22.20,1070.6349,9,66.7,9,3.1,357.88666,3,33.2905,-12.1095,0.69,12661,HFX193_IPP292_GEL_CRC_324_Odd.raw,1.1E5,1.25E6,2,2,1,1,"Acetylation (N-term)",,0 0 0 2 2 13 3 3 5,R(+42.01)FGGKPLRV,sp|P26599|PTBP1_HUMAN:sp|Q9P2D8|UNC79_HUMAN:sp|O00186|STXB3_HUMAN:sp|A6NJQ4|F90A8_HUMAN:sp|Q70Z35|PREX2_HUMAN:sp|O00519|FAAH1_HUMAN:sp|A6NNJ1|F90A9_HUMAN:sp|P21817|RYR1_HUMAN:sp|O00294|TULP1_HUMAN:sp|Q9BUI4|RPC3_HUMAN:sp|Q96JS3|PGBD1_HUMAN:sp|Q658T7|F90A2_HUMAN:sp|Q9NS62|THSD1_HUMAN:sp|Q9C091|GRB1L_HUMAN:sp|Q9Y4D8|HECD4_HUMAN:sp|Q8IYB4|PEX5R_HUMAN:sp|Q86X59|CQ082_HUMAN:sp|A4D2B0|MBLC1_HUMAN:sp|Q96SZ4|ZSC10_HUMAN:sp|P0C7V6|SP202_HUMAN:sp|Q96HC4|PDLI5_HUMAN:sp|Q9HCE1|MOV10_HUMAN:sp|A8MWA6|F90AM_HUMAN:sp|Q9Y6K1|DNM3A_HUMAN:sp|Q92604|LGAT1_HUMAN:sp|Q4VXU2|PAP1L_HUMAN:sp|A8MXJ8|F90A5_HUMAN:sp|P0C7X0|F90AO_HUMAN:sp|Q6F5E8|CARL2_HUMAN:sp|P10586|PTPRF_HUMAN:tr|A0A8V8TPE2|A0A8V8TPE2_HUMAN:sp|Q15744|CEBPE_HUMAN:sp|Q96RT1|ERBIN_HUMAN:sp|Q99470|SDF2_HUMAN:sp|Q9NZM5|NOP53_HUMAN:sp|P0DV73|F90AG_HUMAN:sp|Q96RL6|SIG11_HUMAN:sp|Q14767|LTBP2_HUMAN:tr|A0A8V8TNH8|A0A8V8TNH8_HUMAN:sp|A6NDY2|F90AA_HUMAN:sp|Q99613|EIF3C_HUMAN:sp|O95847|UCP4_HUMAN:sp|Q68DN1|CB016_HUMAN:sp|A0A0B4J2F2|SIK1B_HUMAN:sp|Q02127|PYRD_HUMAN:sp|Q9P2L0|WDR35_HUMAN:sp|Q86YD7|F90A1_HUMAN:sp|Q9NR12|PDLI7_HUMAN:sp|A6NIJ5|F90AK_HUMAN:sp|P55899|FCGRN_HUMAN:sp|Q8NEM0|MCPH1_HUMAN:sp|Q4ZHG4|FNDC1_HUMAN:sp|Q9Y314|NOSIP_HUMAN:sp|Q15058|KIF14_HUMAN:sp|P08243|ASNS_HUMAN:sp|B5ME19|EIFCL_HUMAN:sp|Q92889|XPF_HUMAN:sp|Q6P6C2|ALKB5_HUMAN:sp|Q76LX8|ATS13_HUMAN:sp|Q6IEE7|T132E_HUMAN:sp|Q96LK8|SPT32_HUMAN:sp|Q8NDA2|HMCN2_HUMAN:sp|P35218|CAH5A_HUMAN:sp|O75037|KI21B_HUMAN:sp|P57059|SIK1_HUMAN:sp|Q9HCK5|AGO4_HUMAN:sp|Q8N143|BCL6B_HUMAN:sp|P0C7W8|F90AD_HUMAN:sp|Q15427|SF3B4_HUMAN:sp|P0DV75|F90AI_HUMAN:sp|Q7Z4H4|ADM2_HUMAN:sp|Q8TF42|UBS3B_HUMAN:sp|Q8WWW8|GAB3_HUMAN:sp|Q8IVQ6|ZDH21_HUMAN:sp|A8MXZ1|F90AN_HUMAN:sp|P0DV74|F90AH_HUMAN:sp|Q8N328|PGBD3_HUMAN:sp|P0C7V4|F90AF_HUMAN:sp|O95081|AGFG2_HUMAN:sp|A6NKC0|F90A7_HUMAN:sp|Q9BYK8|HELZ2_HUMAN:sp|P0DV76|F90AJ_HUMAN:sp|Q9UN81|LORF1_HUMAN:sp|Q16288|NTRK3_HUMAN:sp|P56470|LEG4_HUMAN:sp|Q13310|PABP4_HUMAN:sp|Q86XX4|FRAS1_HUMAN,DeepNovo
R(+42.01)FHLSRKYF,32.87,1294.6935,9,44.4,9,1.2,432.57230,3,41.9879,-11.5121,0.28,16218,HFX193_IPP292_GEL_CRC_324_Odd.raw,3.64E5,2.36E6,1,1,1,1,"Acetylation (N-term)",,0 0 4 1 2 0 0 10 5,R(+42.01)FHLSRKYF,,DeepNovo
R(+42.01)FKGRLKY,17.83,1108.6505,8,62.5,8,1.1,370.55786,3,34.3679,2.6679,0.26,13111,HFX193_IPP292_GEL_CRC_324_Even.raw,7.37E5,4.99E6,1,1,1,1,"Acetylation (N-term)",,5 5 1 0 0 6 6 5,R(+42.01)FKGRLKY,,DeepNovo
R(+42.01)FKRWKA,10.92,1032.5981,7,28.6,7,3.8,517.30829,2,22.2187,-18.9813,0.21,8161,HFX193_IPP292_GEL_CRC_324_Even.raw,,,1,1,0,0,"Acetylation (N-term)",,5 0 0 0 0 0 5,R(+42.01)FKRWKA,sp|Q9P289|STK26_HUMAN,DB Search
R(+42.01)FRPKFSR,28.02,1134.6410,8,75.0,8,-1.1,379.22052,3,28.0340,-2.0660,0.43,10540,HFX193_IPP292_GEL_CRC_324_Even.raw,3.58E5,3.63E6,1,1,1,1,"Acetylation (N-term)",,5 0 0 11 11 12 4 4,R(+42.01)FRPKFSR,sp|Q9H251|CAD23_HUMAN:sp|P40238|TPOR_HUMAN:sp|Q6V0I7|FAT4_HUMAN:NDUFC2_DEL_AA-p.F69Cfs*9_::chr11:78072601-78073602_frame=-1:sp|Q9HCL0|PCD18_HUMAN:sp|Q9P225|DYH2_HUMAN:sp|Q9H6X4|TM134_HUMAN:sp|Q9Y5F3|PCDB1_HUMAN:sp|P07332|FES_HUMAN:sp|P16591|FER_HUMAN:sp|P48740|MASP1_HUMAN:sp|Q8WXH0|SYNE2_HUMAN:sp|Q8WXR4|MYO3B_HUMAN:sp|Q17RD7|SYT16_HUMAN:sp|Q7Z4Q2|HEAT3_HUMAN:sp|Q9BXM0|PRAX_HUMAN:sp|P54753|EPHB3_HUMAN:sp|Q8IXQ9|ETKMT_HUMAN:sp|Q15032|R3HD1_HUMAN:sp|Q9Y2E5|MA2B2_HUMAN:sp|Q9UMS6|SYNP2_HUMAN:sp|P62906|RL10A_HUMAN:sp|Q14517|FAT1_HUMAN,DeepNovo
R(+42.01)GKVEAA,17.97,771.4239,7,57.1,7,2.1,386.72003,2,34.1213,40.6213,0.82,13016,HFX193_IPP292_GEL_CRC_324_Odd.raw,,,1,1,0,0,"Acetylation (N-term)",,0 0 0 13 13 15 5,R(+42.01)GKVEAA,sp|Q9UMN6|KMT2B_HUMAN,DB Search
R(+42.01)HLLTAAKSK,43.66,1165.6931,10,70.0,10,-2.3,389.57077,3,19.8914,8.9914,0.18,7267,HFX193_IPP292_GEL_CRC_324_Odd.raw,1.32E5,2.99E6,1,1,1,1,"Acetylation (N-term)",,2 2 0 0 0 13 9 17 9 5,R(+42.01)HLLTAAKSK,sp|Q2M1P5|KIF7_HUMAN:sp|P48741|HSP77_HUMAN:sp|O95479|G6PE_HUMAN:sp|Q6ZRV2|FA83H_HUMAN:sp|Q9NUV9|GIMA4_HUMAN:sp|P42858|HD_HUMAN:sp|O14639|ABLM1_HUMAN:sp|Q9UNF1|MAGD2_HUMAN:sp|Q9NY64|GTR8_HUMAN:sp|Q8TE73|DYH5_HUMAN:sp|O75691|UTP20_HUMAN:sp|P12270|TPR_HUMAN:sp|Q96KJ4|MSLNL_HUMAN:sp|P20929|NEBU_HUMAN:sp|Q9UBM7|DHCR7_HUMAN:sp|P23786|CPT2_HUMAN:sp|Q8TCT8|SPP2A_HUMAN:sp|Q13492|PICAL_HUMAN:sp|Q9H7M6|ZSWM4_HUMAN:sp|P17066|HSP76_HUMAN:sp|P84550|SKOR1_HUMAN:sp|Q96E17|RAB3C_HUMAN:sp|Q16394|EXT1_HUMAN:sp|Q9UH73|COE1_HUMAN:sp|Q68DE3|USF3_HUMAN:sp|P60508|SYCY2_HUMAN:sp|Q9H1Q7|PED1A_HUMAN:sp|Q9BY12|SCAPE_HUMAN:sp|Q09019|DMWD_HUMAN:sp|Q8N398|VW5B2_HUMAN:sp|Q9BY41|HDAC8_HUMAN:sp|Q9BYF1|ACE2_HUMAN:sp|P62081|RS7_HUMAN:sp|Q9NYC9|DYH9_HUMAN:sp|O60706|ABCC9_HUMAN:sp|Q66K41|Z385C_HUMAN:sp|Q8IXM3|RM41_HUMAN:sp|Q9BQW3|COE4_HUMAN:sp|Q12934|BFSP1_HUMAN:sp|Q9H444|CHM4B_HUMAN:sp|Q9UBX7|KLK11_HUMAN:sp|Q29RF7|PDS5A_HUMAN:sp|Q5VZL5|ZMYM4_HUMAN:sp|Q13009|TIAM1_HUMAN:sp|Q9NZT1|CALL5_HUMAN:sp|Q9UI33|SCNBA_HUMAN:sp|Q16539|MK14_HUMAN:sp|A0A087WT01|TVA27_HUMAN:sp|Q14671|PUM1_HUMAN:sp|Q14674|ESPL1_HUMAN:sp|Q15750|TAB1_HUMAN:tr|A0A8V8TLY5|A0A8V8TLY5_HUMAN:sp|Q9H4W6|COE3_HUMAN:sp|Q96RT7|GCP6_HUMAN:sp|Q9GZR1|SENP6_HUMAN:sp|Q15746|MYLK_HUMAN:sp|Q92674|CENPI_HUMAN:sp|Q12830|BPTF_HUMAN:sp|P78536|ADA17_HUMAN:sp|Q8TDN6|BRX1_HUMAN:sp|P11532|DMD_HUMAN:sp|P41226|UBA7_HUMAN:sp|Q8IUG5|MY18B_HUMAN:sp|O15440|MRP5_HUMAN:sp|A6NCL7|AN33B_HUMAN:sp|O75112|LDB3_HUMAN:sp|Q8IYY4|DZI1L_HUMAN:sp|Q96EQ0|SGTB_HUMAN:sp|Q86TE4|LUZP2_HUMAN:sp|Q96C24|SYTL4_HUMAN:sp|O94906|PRP6_HUMAN:sp|O15417|TNC18_HUMAN:sp|Q9H251|CAD23_HUMAN:sp|Q9NRC6|SPTN5_HUMAN:sp|Q6Q759|SPG17_HUMAN:sp|Q9P217|ZSWM5_HUMAN:sp|P83105|HTRA4_HUMAN:sp|O75038|PLCH2_HUMAN:sp|Q9C0D5|TANC1_HUMAN:sp|P11388|TOP2A_HUMAN:sp|O00124|UBXN8_HUMAN:sp|Q8WXH2|JPH3_HUMAN:sp|A0A1B0GTW7|CIROP_HUMAN:sp|Q7L1V2|MON1B_HUMAN:sp|Q9H9A5|CNO10_HUMAN:sp|O95757|HS74L_HUMAN:sp|P34932|HSP74_HUMAN:sp|Q16787|LAMA3_HUMAN:sp|Q9UGN4|CLM8_HUMAN:sp|O00264|PGRC1_HUMAN:sp|Q15059|BRD3_HUMAN:sp|O15264|MK13_HUMAN:sp|Q9NP71|MLXPL_HUMAN:sp|Q9UGM3|DMBT1_HUMAN:sp|Q8TB72|PUM2_HUMAN:sp|Q8IYW2|CFA46_HUMAN:sp|Q9HCJ5|ZSWM6_HUMAN:sp|Q02878|RL6_HUMAN:sp|Q96PZ7|CSMD1_HUMAN:sp|Q14721|KCNB1_HUMAN:sp|Q96Q15|SMG1_HUMAN:sp|P55055|NR1H2_HUMAN,DeepNovo
R(+42.01)KDLSEA,17.66,859.4399,7,71.4,7,0.1,430.72726,2,32.5167,31.2167,0.90,12358,HFX193_IPP292_GEL_CRC_324_Odd.raw,2.66E5,2.87E6,1,1,1,1,"Acetylation (N-term)",,0 0 2 9 6 2 5,R(+42.01)KDLSEA,sp|Q92985|IRF7_HUMAN,DB Search
R(+42.01)KFSFYKF,19.32,1163.6128,8,62.5,8,3.8,582.81586,2,67.9632,-0.3368,0.19,26569,HFX193_IPP292_GEL_CRC_324_Even.raw,,,1,1,0,0,"Acetylation (N-term)",,0 0 0 4 4 8 13 5,R(+42.01)KFSFYKF,sp|Q8NA92|THAP8_HUMAN:sp|P61421|VA0D1_HUMAN:sp|Q6ZR52|ZN493_HUMAN:sp|Q96JP5|ZFP91_HUMAN:sp|P42285|MTREX_HUMAN:sp|Q6ZRQ5|MMS22_HUMAN:sp|Q86Z14|KLOTB_HUMAN,DeepNovo
R(+42.01)KGLPTEL,34.19,954.5498,8,75.0,8,-2.1,478.28116,2,54.8659,-8.5341,0.76,21306,HFX193_IPP292_GEL_CRC_324_Even.raw,3.08E5,2.2E6,1,1,1,1,"Acetylation (N-term)",,5 0 0 9 2 2 4 5,R(+42.01)KGLPTEL,sp|Q9H8U3|ZFAN3_HUMAN:sp|Q8NCG7|DGLB_HUMAN:sp|P38432|COIL_HUMAN:sp|Q8IVF2|AHNK2_HUMAN:sp|Q9UN88|GBRT_HUMAN:sp|Q5TYX0|PRAM5_HUMAN:sp|Q5VXH4|PRAM6_HUMAN:sp|O95625|ZBT11_HUMAN:sp|Q93034|CUL5_HUMAN:sp|P50851|LRBA_HUMAN:sp|O60813|PRA11_HUMAN:sp|Q9H334|FOXP1_HUMAN:sp|Q96LL4|CH048_HUMAN:sp|Q5JPF3|AN36C_HUMAN:sp|Q7L2H7|EIF3M_HUMAN:sp|Q92508|PIEZ1_HUMAN:sp|Q9H208|O10A2_HUMAN:sp|A6QL64|AN36A_HUMAN:sp|Q6UXI9|NPNT_HUMAN:sp|Q9Y4G6|TLN2_HUMAN:sp|Q9HCM3|K1549_HUMAN:sp|Q3KR37|ASTRB_HUMAN:sp|A6NGN4|PRA25_HUMAN:sp|P05113|IL5_HUMAN:sp|Q6UXV4|MIC27_HUMAN:sp|Q9H0B3|IQCN_HUMAN:sp|Q9H6L5|RETR1_HUMAN:sp|Q8N2N9|AN36B_HUMAN:sp|Q9H207|O10A5_HUMAN:sp|Q96G21|IMP4_HUMAN:sp|A3QJZ7|PRA27_HUMAN:sp|Q2LD37|BLTP1_HUMAN:sp|P0DUQ2|PRAM9_HUMAN:sp|Q5VT98|PRA20_HUMAN:sp|Q9Y4C0|NRX3A_HUMAN:sp|O60810|PRAM4_HUMAN:sp|Q8NDB2|BANK1_HUMAN:sp|P0DUQ1|PRA15_HUMAN:sp|Q9H2B4|S26A1_HUMAN:sp|Q6P9G9|ZN449_HUMAN:sp|Q8TER5|ARH40_HUMAN,DeepNovo
R(+42.01)KHKHARGAK,28.46,1229.7217,10,50.0,10,-2.3,410.91357,3,19.9224,5.5224,0.49,7274,HFX193_IPP292_GEL_CRC_324_Odd.raw,,,1,1,0,0,"Acetylation (N-term)",,5 0 0 7 3 0 0 0 9 5,R(+42.01)KHKHARGAK,,DeepNovo
R(+42.01)KLHAGAL,30.08,906.5399,8,37.5,8,0.6,454.27750,2,32.2498,16.4498,0.40,12249,HFX193_IPP292_GEL_CRC_324_Even.raw,5.41E5,4.9E6,1,1,1,1,"Acetylation (N-term)",,0 0 1 10 0 0 26 5,R(+42.01)KLHAGAL,sp|P08048|ZFY_HUMAN:sp|Q6ZW13|CP086_HUMAN:sp|P53597|SUCA_HUMAN:sp|O95714|HERC2_HUMAN:sp|Q9BVR0|HRC23_HUMAN:sp|Q9Y651|SOX21_HUMAN:sp|Q9UNN5|FAF1_HUMAN:sp|Q5UE93|PI3R6_HUMAN:sp|P27815|PDE4A_HUMAN:sp|Q6ZNH5|ZN497_HUMAN:sp|Q96C00|ZBTB9_HUMAN:sp|P46063|RECQ1_HUMAN:sp|Q9UKX5|ITA11_HUMAN:sp|Q6ZT12|UBR3_HUMAN:sp|Q8WTT2|NOC3L_HUMAN:sp|Q8TE82|S3TC1_HUMAN:sp|P17010|ZFX_HUMAN:sp|Q9H582|ZN644_HUMAN:sp|Q03052|PO3F1_HUMAN:sp|Q5SQQ9|VAX1_HUMAN,DeepNovo
R(+42.01)KLLEKY,21.41,990.5862,7,71.4,7,2.4,496.30154,2,36.5961,-6.7039,0.86,14032,HFX193_IPP292_GEL_CRC_324_Odd.raw,2.65E5,2.9E6,1,1,1,1,"Acetylation (N-term)",,2 0 0 7 16 5 5,R(+42.01)KLLEKY,,DeepNovo
R(+42.01)KLSGVVTK,33.96,1028.6342,9,44.4,9,0.5,515.32465,2,36.2884,15.6884,0.77,13889,HFX193_IPP292_GEL_CRC_324_Even.raw,3.28E5,2.82E6,2,2,1,1,"Acetylation (N-term)",,0 0 1 1 1 4 22 13 5,R(+42.01)KLSGVVTK,,DeepNovo
R(+42.01)KLVKGGM(+15.99)LLK,35.39,1299.8060,11,54.5,11,2.1,434.27686,3,34.5784,5.9784,0.49,13186,HFX193_IPP292_GEL_CRC_324_Odd.raw,9.91E5,7.31E6,1,1,1,1,"Acetylation (N-term);Oxidation (M)",,1 1 8 9 8 0 0 0 2 8 5,R(+42.01)KLVKGGM(+15.99)LLK,,DeepNovo
R(+42.01)KTLAGSEV,46.86,1001.5505,9,44.4,9,1.4,501.78326,2,43.8016,13.5016,0.45,16926,HFX193_IPP292_GEL_CRC_324_Odd.raw,2.25E6,1.36E7,1,1,1,1,"Acetylation (N-term)",,0 0 0 24 0 0 14 9 5,R(+42.01)KTLAGSEV,sp|Q03403|TFF2_HUMAN:sp|Q9Y230|RUVB2_HUMAN:sp|Q2M1P5|KIF7_HUMAN:sp|Q9P2E2|KIF17_HUMAN:sp|Q9UPT6|JIP3_HUMAN:sp|Q6ZMW3|EMAL6_HUMAN:sp|Q2VIQ3|KIF4B_HUMAN:sp|A0A286YF58|TM271_HUMAN:sp|Q147U1|ZN846_HUMAN:sp|Q6PIW4|FIGL1_HUMAN:sp|Q96AQ6|PBIP1_HUMAN:sp|P49917|DNLI4_HUMAN:sp|Q2T9J0|TYSD1_HUMAN:sp|Q96L93|KI16B_HUMAN:sp|Q86VH2|KIF27_HUMAN:sp|Q5VYP0|S31A3_HUMAN:sp|O14523|C2C2L_HUMAN:sp|O43526|KCNQ2_HUMAN:sp|O14607|UTY_HUMAN:sp|Q53GS7|GLE1_HUMAN:sp|Q8NG06|TRI58_HUMAN:sp|Q5T7B8|KIF24_HUMAN:sp|Q9Y496|KIF3A_HUMAN:sp|Q15058|KIF14_HUMAN:sp|Q7Z5R6|AB1IP_HUMAN:sp|Q7Z4S6|KI21A_HUMAN:sp|O95907|MOT3_HUMAN:sp|P49321|NASP_HUMAN:sp|Q9NNW5|WDR6_HUMAN:sp|Q5VVP1|S31A6_HUMAN:sp|Q96AC6|KIFC2_HUMAN:sp|O75037|KI21B_HUMAN:sp|O60333|KIF1B_HUMAN:sp|B1AKI9|ISM1_HUMAN:sp|Q06278|AOXA_HUMAN:sp|Q96Q89|KI20B_HUMAN:sp|Q9Y2C5|S17A4_HUMAN:sp|P06576|ATPB_HUMAN:sp|Q9P2P6|STAR9_HUMAN:sp|Q12840|KIF5A_HUMAN:sp|Q5T200|ZC3HD_HUMAN:sp|Q8IY92|SLX4_HUMAN:sp|Q9BVG8|KIFC3_HUMAN:sp|Q96FN5|KIF12_HUMAN:sp|Q6ZS81|WDFY4_HUMAN:sp|P15863|PAX1_HUMAN:sp|O95470|SGPL1_HUMAN:sp|Q8TD94|KLF14_HUMAN:sp|Q8WXI7|MUC16_HUMAN:sp|Q99884|SC6A7_HUMAN:sp|Q9NS87|KIF15_HUMAN:sp|Q86UR5|RIMS1_HUMAN:sp|P33176|KINH_HUMAN:sp|Q8NH02|O2T29_HUMAN:sp|P29317|EPHA2_HUMAN:sp|Q6IEZ7|OR2T5_HUMAN:sp|Q8WV83|S35F5_HUMAN:sp|Q86Y91|KI18B_HUMAN:sp|Q9Y5E6|PCDB3_HUMAN:sp|Q5VU36|S31A5_HUMAN:sp|A6NGE7|URAD_HUMAN:sp|O95235|KI20A_HUMAN:sp|O15066|KIF3B_HUMAN:sp|Q5TZJ5|S31A1_HUMAN:sp|Q02241|KIF23_HUMAN:sp|Q9H2D6|TARA_HUMAN:sp|A6NCF5|KLH33_HUMAN:sp|O15371|EIF3D_HUMAN:sp|Q8NH00|OR2T4_HUMAN:sp|Q2TAC6|KIF19_HUMAN:sp|O00337|S28A1_HUMAN:sp|O43896|KIF1C_HUMAN:sp|Q8IYX4|DND1_HUMAN:sp|Q5RHP9|ERIC3_HUMAN:sp|Q8NGZ2|O14K1_HUMAN:sp|Q6ZMV9|KIF6_HUMAN:sp|Q02224|CENPE_HUMAN:sp|P52732|KIF11_HUMAN:sp|Q9BW19|KIFC1_HUMAN:sp|Q7L1V2|MON1B_HUMAN:sp|Q9UPR3|SMG5_HUMAN:sp|O00624|NPT3_HUMAN:sp|Q9BZC7|ABCA2_HUMAN:sp|P12755|SKI_HUMAN:sp|Q12756|KIF1A_HUMAN:sp|Q8IWB4|S31A7_HUMAN:sp|Q8NI77|KI18A_HUMAN:sp|Q9H1H9|KI13A_HUMAN:sp|Q9NQT8|KI13B_HUMAN:sp|O60282|KIF5C_HUMAN:sp|Q13635|PTC1_HUMAN:sp|O14782|KIF3C_HUMAN:sp|Q68CQ7|GL8D1_HUMAN:sp|Q9NR48|ASH1L_HUMAN:sp|Q9HAS3|S28A3_HUMAN:sp|Q6P4Q7|CNNM4_HUMAN:sp|O75179|ANR17_HUMAN:sp|Q03164|KMT2A_HUMAN:sp|Q9HAQ2|KIF9_HUMAN:sp|O95239|KIF4A_HUMAN:sp|Q86VW2|ARHGP_HUMAN:sp|Q13111|CAF1A_HUMAN:sp|Q14807|KIF22_HUMAN,DeepNovo
R(+42.01)LLAAM(+15.99)C(+119.00)GF,54.03,1157.5032,9,66.7,9,-0.2,579.75873,2,60.4058,-9.7942,0.38,23563,HFX193_IPP292_GEL_CRC_324_Odd.raw,3.17E4,1.05E6,1,1,1,1,"Acetylation (N-term);Oxidation (M);Cysteinylation",,5 5 15 0 0 0 25 25 5,R(+42.01)LLAAM(+15.99)C(+119.00)GF,,DeepNovo
R(+42.01)LLLKEAPAPPKAEAKAKALKAKKA,108.28,2682.6636,25,32.0,25,2.4,671.67474,4,25.5760,-12.7240,0.26,9529,HFX193_IPP292_GEL_CRC_324_Even.raw,1.03E6,6.35E6,1,1,1,1,"Acetylation (N-term)",,0 0 0 0 1 2 5 2 2 2 0 0 0 0 1 1 2 1 1 0 0 0 0 11 5,R(+42.01)LLLKEAPAPPKAEAKAKALKAKKA,sp|O94929|ABLM3_HUMAN:sp|Q2M243|CCD27_HUMAN:sp|Q9BXU3|TX13A_HUMAN:sp|Q0P6D6|CCD15_HUMAN:sp|Q92673|SORL_HUMAN:sp|Q8NGE8|OR4D9_HUMAN:sp|Q8IXK0|PHC2_HUMAN:sp|Q6ZRS2|SRCAP_HUMAN:sp|Q06323|PSME1_HUMAN:sp|Q58FF7|H90B3_HUMAN:sp|Q6ZW31|SYDE1_HUMAN:sp|O60884|DNJA2_HUMAN:sp|Q9UKZ4|TEN1_HUMAN:sp|Q13428|TCOF_HUMAN:sp|Q9ULL0|K1210_HUMAN:MSH3_DEL_A-p.K383Rfs*32_::chr5:80674596-80675596_frame=1:sp|P46013|KI67_HUMAN:sp|Q9H254|SPTN4_HUMAN:sp|Q8N441|FGRL1_HUMAN:sp|Q00872|MYPC1_HUMAN:sp|Q9BXY5|CAYP2_HUMAN:sp|Q6N043|Z280D_HUMAN:sp|Q9UNA1|RHG26_HUMAN:sp|Q5SQI0|ATAT_HUMAN:sp|O75122|CLAP2_HUMAN:MARCKS_DEL_A-p.K155Rfs*12_::chr6:113859534-113860534_frame=2:sp|Q96MN2|NALP4_HUMAN:sp|Q96K62|ZBT45_HUMAN:sp|P39086|GRIK1_HUMAN:sp|Q5TZA2|CROCC_HUMAN:sp|Q8WVB6|CTF18_HUMAN:sp|Q86WI1|PKHL1_HUMAN:sp|Q68CK6|ACS2B_HUMAN:sp|A6NKC9|SH2D7_HUMAN:sp|Q6ZNQ3|LRC69_HUMAN:sp|Q9P2C4|TM181_HUMAN:sp|Q969T3|SNX21_HUMAN:sp|O75037|KI21B_HUMAN:sp|Q12980|NPRL3_HUMAN:sp|P15498|VAV_HUMAN:sp|Q9Y2F5|ICE1_HUMAN:sp|Q13615|MTMR3_HUMAN:NDUFC2_DEL_AA-p.F69Cfs*9_::chr11:78072601-78073602_frame=2:sp|Q96QZ7|MAGI1_HUMAN:sp|Q96RY7|IF140_HUMAN:sp|A6NMB9|FIGL2_HUMAN:sp|O75165|DJC13_HUMAN:sp|P07451|CAH3_HUMAN:sp|A7E2V4|ZSWM8_HUMAN:sp|Q14690|RRP5_HUMAN:sp|Q9UKA4|AKA11_HUMAN:sp|Q7L5Y1|ENOF1_HUMAN:sp|Q8N5Q1|GAR5B_HUMAN:sp|Q9HA47|UCK1_HUMAN:sp|Q9Y4C4|MFHA1_HUMAN:sp|O15054|KDM6B_HUMAN:sp|Q9UN81|LORF1_HUMAN:sp|Q86U86|PB1_HUMAN:sp|P51693|APLP1_HUMAN:sp|Q59H18|TNI3K_HUMAN:sp|P61011|SRP54_HUMAN:sp|Q6ZN28|MACC1_HUMAN:sp|Q86XA9|HTR5A_HUMAN:sp|Q9BQQ3|GORS1_HUMAN:sp|P0DPA3|SNH28_HUMAN:sp|Q00975|CAC1B_HUMAN:sp|Q8IWT6|LRC8A_HUMAN:sp|Q8WUP2|FBLI1_HUMAN:sp|P56270|MAZ_HUMAN:sp|Q8NE09|RGS22_HUMAN:sp|Q9BR39|JPH2_HUMAN:sp|O14525|ASTN1_HUMAN:sp|Q8NDY6|BHE23_HUMAN:sp|P37837|TALDO_HUMAN:sp|Q9H0K1|SIK2_HUMAN:sp|Q9H8X2|IPPK_HUMAN:sp|Q13443|ADAM9_HUMAN:sp|Q0VF96|CGNL1_HUMAN:sp|Q9UPR6|ZFR2_HUMAN:sp|Q16644|MAPK3_HUMAN:sp|Q9NRC6|SPTN5_HUMAN:sp|Q13200|PSMD2_HUMAN:sp|Q3C1V1|CK091_HUMAN:sp|Q8IZA3|H18_HUMAN:MARCKS_DEL_A-p.K155Rfs*12_::chr6:113859534-113860534_frame=3:sp|Q3KQU3|MA7D1_HUMAN:sp|Q8IY63|AMOL1_HUMAN:BAX_DEL_G-p.E41Rfs*19_::chr19:48955214-48956214_frame=-3:sp|Q14872|MTF1_HUMAN:sp|Q8IVW4|CDKL3_HUMAN:sp|O75962|TRIO_HUMAN:sp|O43670|ZN207_HUMAN:sp|P05412|JUN_HUMAN:MSH3_DEL_A-p.K383Rfs*32_::chr5:80674596-80675596_frame=-2:sp|Q6NW34|NEPRO_HUMAN:sp|P49450|CENPA_HUMAN:sp|O95707|RPP29_HUMAN:sp|Q6NUM6|TYW1B_HUMAN:sp|Q8TCU6|PREX1_HUMAN:sp|Q6ZUS5|CC121_HUMAN:sp|Q92667|AKAP1_HUMAN:sp|P0DMU8|CT455_HUMAN:sp|O15078|CE290_HUMAN:sp|Q8TF17|S3TC2_HUMAN:sp|Q8NDW8|TT21A_HUMAN:sp|Q86YR7|MF2L2_HUMAN:sp|Q8WXT5|FX4L4_HUMAN:sp|Q9NQH7|XPP3_HUMAN:sp|Q9NQ90|ANO2_HUMAN:sp|Q9HCH5|SYTL2_HUMAN:sp|P15848|ARSB_HUMAN:MSH3_DEL_A-p.K383Rfs*32_::chr5:80674596-80675596_frame=3:sp|A8MUP2|CSKMT_HUMAN:sp|P49137|MAPK2_HUMAN:sp|Q96PZ7|CSMD1_HUMAN:ZNF518A_DEL_A-p.T929Lfs*2_::chr10:96158599-96159599_frame=-1:sp|Q9H0E3|SP130_HUMAN:sp|Q8NCM8|DYHC2_HUMAN:sp|P50876|R144A_HUMAN:sp|Q00653|NFKB2_HUMAN,DeepNovo
R(+42.01)LLTKAAKLKPPAKPKKATKSPAKPK,85.94,2837.8059,26,42.3,26,-2.2,406.40720,7,20.3346,1.3346,0.25,7606,HFX193_IPP292_GEL_CRC_324_Even.raw,3.86E5,1.46E6,1,1,1,1,"Acetylation (N-term)",,1 0 0 3 3 1 1 1 0 0 0 0 3 3 1 1 5 1 1 1 11 5 3 3 5 5,R(+42.01)LLTKAAKLKPPAKPKKATKSPAKPK,sp|P58107|EPIPL_HUMAN:sp|O14924|RGS12_HUMAN:sp|Q8N8A2|ANR44_HUMAN:sp|Q6ZRS2|SRCAP_HUMAN:sp|Q9UL36|ZN236_HUMAN:sp|P20929|NEBU_HUMAN:sp|P37198|NUP62_HUMAN:sp|Q13428|TCOF_HUMAN:sp|P0DPH9|CX05B_HUMAN:sp|P05204|HMGN2_HUMAN:sp|P16401|H15_HUMAN:sp|Q9NP31|SH22A_HUMAN:sp|O75593|FOXH1_HUMAN:sp|Q6P0Q8|MAST2_HUMAN:sp|Q9NR83|S2A4R_HUMAN:sp|P09919|CSF3_HUMAN:sp|Q8NFD5|ARI1B_HUMAN:sp|Q5T6F2|UBAP2_HUMAN:sp|A0AV02|S12A8_HUMAN:sp|Q86WS4|CL040_HUMAN:sp|Q15835|GRK1_HUMAN:sp|O75151|PHF2_HUMAN:sp|Q96L91|EP400_HUMAN:sp|Q53TS8|CTSRT_HUMAN:sp|P24588|AKAP5_HUMAN:sp|Q9BQG0|MBB1A_HUMAN:sp|A0A1B0GTR3|CX05A_HUMAN:sp|Q9GZU2|PEG3_HUMAN:sp|P51587|BRCA2_HUMAN:sp|Q96T92|INSM2_HUMAN:sp|Q9HC77|CENPJ_HUMAN:sp|Q9BZL4|PP12C_HUMAN:sp|A5YKK6|CNOT1_HUMAN:sp|Q96JD6|AKCL2_HUMAN:sp|Q9NY15|STAB1_HUMAN:sp|P46108|CRK_HUMAN:sp|Q5QJ38|TCHL1_HUMAN:sp|P0C221|CC175_HUMAN:sp|Q86YC2|PALB2_HUMAN:sp|Q8TB24|RIN3_HUMAN:sp|Q9NPJ8|NXT2_HUMAN:sp|Q5SYB0|FRPD1_HUMAN:sp|P24666|PPAC_HUMAN:TEAD2_DEL_G-p.H299Mfs*12_::chr19:49346716-49347716_frame=2:sp|Q96RF0|SNX18_HUMAN:sp|Q5T0F9|C2D1B_HUMAN:sp|Q2KJY2|KI26B_HUMAN:sp|Q96NY9|MUS81_HUMAN:sp|O76021|RL1D1_HUMAN:sp|Q96FZ2|HMCES_HUMAN:sp|P07305|H10_HUMAN:sp|Q9NWT1|PK1IP_HUMAN:sp|Q14690|RRP5_HUMAN:sp|P51993|FUT6_HUMAN:sp|Q6IWH7|ANO7_HUMAN:sp|Q8N3H0|TAFA2_HUMAN:sp|Q6AI39|BICRL_HUMAN:sp|Q8NEE8|TTC16_HUMAN:sp|Q12830|BPTF_HUMAN:sp|Q86XH1|DRC11_HUMAN:sp|Q9UQ35|SRRM2_HUMAN:sp|P16152|CBR1_HUMAN:sp|Q9H2P0|ADNP_HUMAN:sp|P61011|SRP54_HUMAN:sp|Q9BQI9|NRIP2_HUMAN:sp|P30414|NKTR_HUMAN:sp|Q86Z20|CC125_HUMAN:sp|Q9Y2I6|NINL_HUMAN:sp|A0A1B0GWB2|PRT1B_HUMAN:sp|Q7RTS9|DYM_HUMAN:sp|Q8IZF2|AGRF5_HUMAN:sp|Q9H799|CPLN1_HUMAN:sp|A6NGG8|PCARE_HUMAN:sp|Q9P2E3|ZNFX1_HUMAN:sp|Q9P016|THYN1_HUMAN:sp|Q8NFU0|BEST4_HUMAN:sp|O14715|RGPD8_HUMAN:sp|Q9UPR6|ZFR2_HUMAN:sp|Q13887|KLF5_HUMAN:sp|Q13952|NFYC_HUMAN:sp|Q9UJX4|APC5_HUMAN:sp|P13945|ADRB3_HUMAN:sp|Q9NRC6|SPTN5_HUMAN:sp|Q6X4U4|SOSD1_HUMAN:sp|Q7Z739|YTHD3_HUMAN:sp|P33527|MRP1_HUMAN:sp|Q8TAZ6|CKLF2_HUMAN:sp|Q8IY63|AMOL1_HUMAN:sp|P0DJD1|RGPD2_HUMAN:sp|P05412|JUN_HUMAN:sp|Q5T4F4|ZFY27_HUMAN:sp|Q5W0B1|OBI1_HUMAN:sp|Q8N187|CARTF_HUMAN:sp|P34059|GALNS_HUMAN:sp|O60885|BRD4_HUMAN:sp|Q9UC07|ZNF69_HUMAN:sp|P42356|PI4KA_HUMAN:sp|P06315|KV502_HUMAN:sp|P30530|UFO_HUMAN:sp|Q8TF17|S3TC2_HUMAN:sp|P15538|C11B1_HUMAN:sp|P55197|AF10_HUMAN:sp|C9JSJ3|MEIOS_HUMAN:sp|P0C6A0|ZGLP1_HUMAN:sp|P19099|C11B2_HUMAN:sp|Q96A11|G3ST3_HUMAN:sp|Q8IUE1|TF2LX_HUMAN:sp|P25440|BRD2_HUMAN:sp|Q8NDZ0|BEND2_HUMAN:sp|Q6PJ69|TRI65_HUMAN:sp|Q8WYB5|KAT6B_HUMAN:sp|Q9UKU0|ACSL6_HUMAN:sp|Q9NZP6|NPAP1_HUMAN:sp|Q03164|KMT2A_HUMAN:sp|Q09472|EP300_HUMAN:sp|Q5TH69|BIG3_HUMAN:sp|Q9NS37|ZHANG_HUMAN:sp|Q9C0H9|SRCN1_HUMAN:sp|P43007|SATT_HUMAN:sp|Q6ZNC4|ZN704_HUMAN,DeepNovo
R(+42.01)M(+15.99)GGGG,11.65,591.2435,6,0.0,6,1.6,592.25171,1,64.7676,26.5676,0.40,25283,HFX193_IPP292_GEL_CRC_324_Even.raw,8.16E4,6.9E5,1,1,1,1,"Acetylation (N-term);Oxidation (M)",,0 0 0 0 0 0,R(+42.01)M(+15.99)GGGG,sp|P23246|SFPQ_HUMAN,DB Search
R(+42.01)M(+15.99)RKTKLTF,50.44,1237.6965,9,77.8,9,-1.3,413.57224,3,32.3103,-11.7897,0.77,12292,HFX193_IPP292_GEL_CRC_324_Odd.raw,1.59E5,1.9E6,1,1,1,1,"Acetylation (N-term);Oxidation (M)",,0 0 3 3 4 4 22 34 5,R(+42.01)M(+15.99)RKTKLTF,sp|O75343|GCYB2_HUMAN:sp|Q6ZVC0|NYAP1_HUMAN:sp|Q8NDI1|EHBP1_HUMAN:sp|Q5THR3|EFCB6_HUMAN:sp|Q13508|NAR3_HUMAN:sp|Q6ZRI8|RHG36_HUMAN:sp|Q7Z589|EMSY_HUMAN:sp|Q6UXI9|NPNT_HUMAN:sp|Q9UKY1|ZHX1_HUMAN:sp|Q0VDD7|BRME1_HUMAN:sp|Q9Y5Y4|PD2R2_HUMAN:sp|Q9P1Q0|VPS54_HUMAN:sp|Q14432|PDE3A_HUMAN:sp|Q5VU65|P210L_HUMAN:sp|Q9P1Z9|CC180_HUMAN:sp|Q9UNA1|RHG26_HUMAN:sp|P49675|STAR_HUMAN:sp|Q3KNT9|TMM95_HUMAN:sp|Q8NHK3|KI2LB_HUMAN:sp|P25101|EDNRA_HUMAN:sp|Q5VWK0|NBPF6_HUMAN:sp|O95255|MRP6_HUMAN:sp|P0DPF3|NBPF9_HUMAN:sp|P25685|DNJB1_HUMAN:sp|P14060|3BHS1_HUMAN:sp|Q8IZP9|AGRG2_HUMAN:sp|O95292|VAPB_HUMAN:sp|O00139|KIF2A_HUMAN:sp|Q12846|STX4_HUMAN:sp|Q5MY95|ENTP8_HUMAN:sp|Q6ZU69|S31F1_HUMAN:sp|Q3BBV2|NBPF8_HUMAN:sp|A0AVT1|UBA6_HUMAN:sp|Q86XG9|NBPF5_HUMAN:sp|Q8TDW5|SYTL5_HUMAN:sp|Q8IWC1|MA7D3_HUMAN:sp|Q6PEZ8|PONL1_HUMAN:sp|P22914|CRYGS_HUMAN:sp|Q6ZSM3|MOT12_HUMAN:sp|Q8WVC0|LEO1_HUMAN:sp|Q53H47|SETMR_HUMAN:sp|Q8TF47|ZFP90_HUMAN:sp|Q5RL73|RBM48_HUMAN:sp|Q5JSL3|DOC11_HUMAN:sp|Q8N109|KI2LA_HUMAN:sp|Q9Y485|DMXL1_HUMAN:sp|Q6ZS81|WDFY4_HUMAN:sp|P11532|DMD_HUMAN:sp|Q10713|MPPA_HUMAN:sp|A8MXQ7|IQAK1_HUMAN:sp|Q6P3W6|NBPFA_HUMAN:sp|P01275|GLUC_HUMAN:sp|Q8IXQ8|PDZD9_HUMAN:sp|Q3BBV0|NBPF1_HUMAN:sp|Q96M43|NBPF4_HUMAN:sp|A6NHL2|TBAL3_HUMAN:sp|O00294|TULP1_HUMAN:sp|Q96J77|TPD55_HUMAN:sp|O75376|NCOR1_HUMAN:sp|O75129|ASTN2_HUMAN:sp|A0A1B0GVG4|CC194_HUMAN:sp|Q7Z7A1|CNTRL_HUMAN:sp|Q9H0P0|5NT3A_HUMAN:sp|Q8HWS3|RFX6_HUMAN:sp|Q99698|LYST_HUMAN:sp|Q13356|PPIL2_HUMAN:sp|Q9BV73|CP250_HUMAN:sp|Q5TAG4|NBPFC_HUMAN:sp|Q9NS68|TNR19_HUMAN:sp|Q8WZ42|TITIN_HUMAN:sp|Q2M218|ZN630_HUMAN:sp|B4DH59|NBPFP_HUMAN:sp|Q9Y5L3|ENTP2_HUMAN:sp|P22459|KCNA4_HUMAN:sp|Q9ULE0|WWC3_HUMAN:sp|Q8WY36|BBX_HUMAN:sp|Q8WVM7|STAG1_HUMAN:sp|Q9UDY4|DNJB4_HUMAN:sp|P33527|MRP1_HUMAN:sp|P00740|FA9_HUMAN:sp|Q9P2D1|CHD7_HUMAN:sp|O75356|ENTP5_HUMAN:sp|Q9H0D2|ZN541_HUMAN:sp|Q6P3X3|TTC27_HUMAN:sp|A6PVI3|NCB2L_HUMAN:sp|Q5TI25|NBPFE_HUMAN:sp|A0A087WUL8|NBPFJ_HUMAN:sp|Q92614|MY18A_HUMAN:sp|Q86T75|NBPFB_HUMAN:sp|Q9NRJ4|TULP4_HUMAN:sp|O00443|P3C2A_HUMAN:sp|Q6ZXV5|TMTC3_HUMAN:sp|Q8N3K9|CMYA5_HUMAN:sp|Q8NAB2|KBTB3_HUMAN:sp|Q2TB90|HKDC1_HUMAN:sp|Q6R2W3|SCND3_HUMAN:sp|Q8NEM7|SP20H_HUMAN:sp|Q9BX74|TM2D1_HUMAN:sp|Q9BX97|PLVAP_HUMAN:sp|Q8N3R3|TCAIM_HUMAN:sp|Q86XS5|ANGL5_HUMAN:sp|O75953|DNJB5_HUMAN:sp|Q8IV48|ERI1_HUMAN:sp|P56192|SYMC_HUMAN:sp|Q03001|DYST_HUMAN:sp|O60284|ST18_HUMAN,DeepNovo
R(+42.01)PVFVK,22.97,786.4752,6,66.7,6,-3.5,394.24350,2,38.3396,4.2396,0.20,14719,HFX193_IPP292_GEL_CRC_324_Even.raw,2.85E6,1.73E7,1,1,1,1,"Acetylation (N-term)",,5 0 0 2 2 5,R(+42.01)PVFVK,,DeepNovo
R(+42.01)RELDRVKL,33.32,1225.7255,9,66.7,9,1.5,409.58304,3,37.0111,-1.3889,0.14,14204,HFX193_IPP292_GEL_CRC_324_Odd.raw,2.26E5,2.44E6,1,1,1,1,"Acetylation (N-term)",,5 16 10 8 1 0 0 4 5,R(+42.01)RELDRVKL,,DeepNovo
R(+42.01)RYALLDKSEL,30.78,1404.7725,11,72.7,11,3.8,703.39618,2,72.2228,2.2228,0.11,28258,HFX193_IPP292_GEL_CRC_324_Even.raw,,,1,1,0,0,"Acetylation (N-term)",,0 0 0 25 25 15 8 6 6 20 5,R(+42.01)RYALLDKSEL,sp|Q12888|TP53B_HUMAN:sp|Q96AC1|FERM2_HUMAN:sp|A0AVI2|FR1L5_HUMAN:sp|Q9Y5Q9|TF3C3_HUMAN:sp|Q969V4|TEKT1_HUMAN:sp|P0DTE8|AMY1C_HUMAN:sp|B3SHH9|TM114_HUMAN:SEC31A_INS_--T_p.I462Nfs*2::chr4:82863911-82864912_frame=2:sp|P40197|GPV_HUMAN:sp|Q9ULH0|KDIS_HUMAN:sp|Q8IVL5|P3H2_HUMAN:sp|P43354|NR4A2_HUMAN:sp|O75608|LYPA1_HUMAN:sp|Q9NPD5|SO1B3_HUMAN:sp|Q8WXI2|CNKR2_HUMAN:sp|Q86T65|DAAM2_HUMAN:sp|Q8N8V4|ANS4B_HUMAN:sp|P24386|RAE1_HUMAN:tr|A0A8Q3SIG1|A0A8Q3SIG1_HUMAN:sp|O94808|GFPT2_HUMAN:sp|O60312|AT10A_HUMAN:sp|Q96MH6|TMM68_HUMAN:sp|O00401|WASL_HUMAN:sp|P0DTE7|AMY1B_HUMAN:sp|O14525|ASTN1_HUMAN:sp|P22888|LSHR_HUMAN:sp|Q7LDG7|GRP2_HUMAN:sp|P04746|AMYP_HUMAN:sp|Q12906|ILF3_HUMAN:sp|Q8TF05|PP4R1_HUMAN:sp|P78527|PRKDC_HUMAN:sp|O14777|NDC80_HUMAN:sp|Q9UJX4|APC5_HUMAN:sp|P42768|WASP_HUMAN:sp|Q7Z5M5|TMC3_HUMAN:sp|Q7Z4T9|CFA91_HUMAN:sp|Q9NQ29|LUC7L_HUMAN:sp|P53677|AP3M2_HUMAN:sp|O94829|IPO13_HUMAN:sp|P26012|ITB8_HUMAN:sp|Q15269|PWP2_HUMAN:sp|Q9UPU5|UBP24_HUMAN:sp|Q13972|RGRF1_HUMAN:sp|Q3SXY7|LRIT3_HUMAN:sp|Q9C0G6|DYH6_HUMAN:sp|A0AUZ9|KAL1L_HUMAN:sp|O75592|MYCB2_HUMAN:sp|Q96FI4|NEIL1_HUMAN:sp|Q9NV31|IMP3_HUMAN:sp|P04040|CATA_HUMAN:sp|Q16706|MA2A1_HUMAN:sp|Q16348|S15A2_HUMAN:sp|Q96BU1|S1PBP_HUMAN:sp|Q15434|RBMS2_HUMAN:sp|Q86TG7|PEG10_HUMAN:sp|Q8NHQ1|CEP70_HUMAN:sp|Q9Y6Q9|NCOA3_HUMAN:sp|Q6XE24|RBMS3_HUMAN:sp|A2RTY3|HEAT9_HUMAN:sp|Q9Y2T2|AP3M1_HUMAN:sp|Q14693|LPIN1_HUMAN:sp|P49641|MA2A2_HUMAN:sp|Q8IZJ3|CPMD8_HUMAN:sp|P21359|NF1_HUMAN:sp|Q96NJ3|ZN285_HUMAN:sp|Q86YD5|LRAD3_HUMAN:sp|Q8NFR7|CC148_HUMAN:sp|E5RQL4|FONG_HUMAN:sp|Q9Y2G5|OFUT2_HUMAN:sp|P15056|BRAF_HUMAN:sp|P17252|KPCA_HUMAN:sp|Q5GH77|XKR3_HUMAN:sp|Q96QZ7|MAGI1_HUMAN:sp|Q9Y490|TLN1_HUMAN:sp|Q7L099|RUFY3_HUMAN:sp|P0DUB6|AMY1A_HUMAN:sp|Q6NUM9|RETST_HUMAN:sp|Q9UBN7|HDAC6_HUMAN:sp|Q9UFN0|NPS3A_HUMAN:sp|P22061|PIMT_HUMAN:sp|Q8N328|PGBD3_HUMAN:sp|Q12830|BPTF_HUMAN:sp|P19961|AMY2B_HUMAN:sp|Q7Z6Z7|HUWE1_HUMAN:sp|Q15596|NCOA2_HUMAN:sp|Q86XH1|DRC11_HUMAN:sp|Q9NR09|BIRC6_HUMAN:sp|Q7Z745|MRO2B_HUMAN:sp|Q6DT37|MRCKG_HUMAN:sp|P29558|RBMS1_HUMAN:sp|Q7Z628|ARHG8_HUMAN:sp|Q8WXA3|RUFY2_HUMAN:sp|P78539|SRPX_HUMAN,DeepNovo
R(+42.01)SDLELR,20.32,929.4930,7,71.4,7,0.2,465.75388,2,35.8083,-8.2917,0.51,13686,HFX193_IPP292_GEL_CRC_324_Even.raw,4.29E6,2.67E7,2,2,2,2,"Acetylation (N-term)",,1 1 2 3 3 3 3,R(+42.01)SDLELR,sp|Q96N67|DOCK7_HUMAN:sp|Q96CN9|GCC1_HUMAN:sp|Q96BY7|ATG2B_HUMAN:sp|Q9BQP9|BPIA3_HUMAN:sp|Q9NR16|C163B_HUMAN:sp|Q8NEP3|DAAF1_HUMAN:sp|Q9BT25|HAUS8_HUMAN:sp|Q96RW7|HMCN1_HUMAN:sp|A0A2R8YFL7|OSP4A_HUMAN:sp|Q13469|NFAC2_HUMAN:sp|Q14764|MVP_HUMAN:sp|Q96SN8|CK5P2_HUMAN:sp|Q9UHI8|ATS1_HUMAN:sp|Q12918|KLRB1_HUMAN:sp|Q6P2Q9|PRP8_HUMAN:sp|Q9HCS7|SYF1_HUMAN:sp|Q86VB7|C163A_HUMAN:sp|Q14934|NFAC4_HUMAN:sp|Q15772|SPEG_HUMAN:sp|Q9Y5H2|PCDGB_HUMAN:sp|Q86TW2|ADCK1_HUMAN:sp|Q8NC56|LEMD2_HUMAN:sp|Q8WZ42|TITIN_HUMAN:sp|P01185|NEU2_HUMAN:sp|Q1MSJ5|CSPP1_HUMAN:sp|Q12968|NFAC3_HUMAN:sp|Q9H0A0|NAT10_HUMAN:sp|Q13936|CAC1C_HUMAN:sp|Q8IYE0|CC146_HUMAN:sp|Q96MT3|PRIC1_HUMAN:sp|Q9Y600|CSAD_HUMAN:sp|O95644|NFAC1_HUMAN:sp|Q8IZC4|RTKN2_HUMAN:sp|Q15075|EEA1_HUMAN:sp|Q9NQX4|MYO5C_HUMAN:sp|Q9UQB3|CTND2_HUMAN:sp|Q86TG7|PEG10_HUMAN:sp|Q8IWU2|LMTK2_HUMAN,DeepNovo
R(+42.01)SDLERLK,37.93,1057.5880,8,75.0,8,1.2,353.53702,3,29.7910,-6.3090,0.67,11243,HFX193_IPP292_GEL_CRC_324_Even.raw,,,1,1,0,0,"Acetylation (N-term)",,1 1 9 21 13 5 6 5,R(+42.01)SDLERLK,sp|Q9Y4I1|MYO5A_HUMAN,DB Search
R(+42.01)SSYKL,17.36,794.4286,6,50.0,6,1.7,398.22229,2,33.1784,1.5784,0.90,12630,HFX193_IPP292_GEL_CRC_324_Even.raw,2.85E5,2.66E6,1,1,1,1,"Acetylation (N-term)",,0 0 0 8 11 5,R(+42.01)SSYKL,,DeepNovo
R(+42.01)SVDVTATGG,51.62,1003.4934,10,60.0,10,0.2,502.75409,2,36.2344,6.4344,0.37,13874,HFX193_IPP292_GEL_CRC_324_Odd.raw,7.66E5,5.09E6,1,1,1,1,"Acetylation (N-term)",,0 0 2 2 28 26 22 47 0 0,R(+42.01)SVDVTATGG,sp|Q14315|FLNC_HUMAN:sp|O15156|ZBT7B_HUMAN:sp|Q16658|FSCN1_HUMAN:sp|Q12873|CHD3_HUMAN:sp|Q92575|UBXN4_HUMAN:sp|P55317|FOXA1_HUMAN:sp|Q9P2K8|E2AK4_HUMAN:sp|Q9UMN6|KMT2B_HUMAN:sp|P59052|B3AS1_HUMAN:sp|O95613|PCNT_HUMAN,DeepNovo
R(+42.01)SVTTTSL,17.25,905.4818,8,62.5,8,1.5,453.74887,2,44.5509,-10.6491,0.64,17234,HFX193_IPP292_GEL_CRC_324_Even.raw,2.57E5,2.26E6,1,1,1,1,"Acetylation (N-term)",,0 0 0 2 6 5 38 5,R(+42.01)SVTTTSL,sp|Q6XYQ8|SYT10_HUMAN:sp|Q8NGS8|O13C5_HUMAN:sp|Q8WXI7|MUC16_HUMAN:sp|Q8IUH5|ZDH17_HUMAN:sp|Q6UXF1|TM108_HUMAN:sp|O95625|ZBT11_HUMAN:sp|Q9C0E4|GRIP2_HUMAN:sp|Q9BXT8|RNF17_HUMAN:sp|Q96FS4|SIPA1_HUMAN:sp|Q9NY37|ASIC5_HUMAN:sp|P0CF97|F200B_HUMAN:sp|P14410|SUIS_HUMAN:sp|P08575|PTPRC_HUMAN:sp|Q7Z5P9|MUC19_HUMAN:sp|Q86W25|NAL13_HUMAN:sp|Q8N149|LIRA2_HUMAN:sp|Q96MR6|CFA57_HUMAN:sp|Q8NGT0|O13C9_HUMAN:sp|Q04837|SSBP_HUMAN:sp|Q9H251|CAD23_HUMAN:sp|Q969P6|TOP1M_HUMAN:sp|Q8IYW2|CFA46_HUMAN:sp|Q96D42|HAVR1_HUMAN:sp|Q9P2D3|HTR5B_HUMAN:sp|Q8N3P4|VPS8_HUMAN:sp|Q8IWY9|CDAN1_HUMAN:sp|Q9Y4C0|NRX3A_HUMAN:sp|Q12830|BPTF_HUMAN:sp|O60706|ABCC9_HUMAN:sp|Q8NGS9|O13C2_HUMAN,DeepNovo
R(+42.01)TLYHL,17.89,843.4603,6,66.7,6,3.5,422.73889,2,68.3923,11.4923,0.15,26753,HFX193_IPP292_GEL_CRC_324_Even.raw,7.34E4,4.69E5,1,1,1,1,"Acetylation (N-term)",,0 0 15 37 8 5,R(+42.01)TLYHL,sp|O95299|NDUAA_HUMAN,DB Search
R(+42.01)TSLARSL,18.33,944.5403,8,50.0,8,3.0,473.27887,2,55.7509,-0.4491,0.12,21657,HFX193_IPP292_GEL_CRC_324_Even.raw,1.07E6,6.58E6,1,1,1,1,"Acetylation (N-term)",,0 0 0 0 6 2 2 5,R(+42.01)TSLARSL,,DeepNovo
R(+42.01)TVFKGGKLLR,41.69,1315.8088,11,27.3,11,2.2,658.91315,2,31.4890,-13.1110,0.23,11961,HFX193_IPP292_GEL_CRC_324_Odd.raw,6.95E5,6.89E6,2,2,2,2,"Acetylation (N-term)",,0 0 3 4 4 0 0 1 0 0 1,R(+42.01)TVFKGGKLLR,sp|P35568|IRS1_HUMAN:sp|Q6ZRS4|ITPI1_HUMAN:sp|Q9ULM3|YETS2_HUMAN:sp|Q6UXZ4|UNC5D_HUMAN:sp|Q16650|TBR1_HUMAN:sp|Q7Z589|EMSY_HUMAN:sp|P48378|RFX2_HUMAN:sp|P48380|RFX3_HUMAN:sp|Q6R327|RICTR_HUMAN:sp|Q86XP3|DDX42_HUMAN:sp|P09848|LPH_HUMAN:sp|Q8ND61|CC020_HUMAN:sp|Q5VYJ5|MALR1_HUMAN:sp|O00442|RTCA_HUMAN:sp|Q9C093|SPEF2_HUMAN:sp|O60658|PDE8A_HUMAN:sp|P42338|PK3CB_HUMAN:sp|P21754|ZP3_HUMAN:sp|Q09666|AHNK_HUMAN:sp|Q6V1X1|DPP8_HUMAN:sp|Q12766|HMGX3_HUMAN:sp|Q96BN8|OTUL_HUMAN:sp|O95255|MRP6_HUMAN:sp|Q8TCU5|NMD3A_HUMAN:sp|Q5VW36|FOCAD_HUMAN:sp|Q8N393|ZN786_HUMAN:sp|Q8N3P4|VPS8_HUMAN:sp|Q8IUZ5|AT2L2_HUMAN:sp|Q53TS8|CTSRT_HUMAN:sp|P39086|GRIK1_HUMAN:sp|Q68EN5|MACA1_HUMAN:sp|Q9H4K7|MTG2_HUMAN:sp|Q9NS82|AAA1_HUMAN:sp|Q9NX05|F120C_HUMAN:sp|Q9NVX2|NLE1_HUMAN:sp|Q96KN4|LRAT1_HUMAN:sp|Q92890|UFD1_HUMAN:sp|Q9NXF1|TEX10_HUMAN:sp|P49753|ACOT2_HUMAN:sp|Q96RW7|HMCN1_HUMAN:sp|P31150|GDIA_HUMAN:sp|Q8NDH2|CC168_HUMAN:sp|Q15572|TAF1C_HUMAN:sp|Q96SE0|ABHD1_HUMAN:sp|P58658|EVA1C_HUMAN:sp|Q9P1Y6|PHRF1_HUMAN:sp|A4D1E9|GTPBA_HUMAN:sp|Q9UBY8|CLN8_HUMAN:sp|Q07020|RL18_HUMAN:sp|Q86UD5|SL9B2_HUMAN:sp|Q8WW38|FOG2_HUMAN:sp|Q8WZA2|RPGF4_HUMAN:sp|Q8TDM6|DLG5_HUMAN:sp|Q9Y6F7|CDY2_HUMAN:sp|O14732|IMPA2_HUMAN:sp|Q9Y5B0|CTDP1_HUMAN:sp|P06576|ATPB_HUMAN:sp|Q14690|RRP5_HUMAN:sp|Q6ZRI0|OTOG_HUMAN:sp|Q13286|CLN3_HUMAN:sp|O75648|MTU1_HUMAN:sp|P38567|HYALP_HUMAN:sp|Q6ZQN7|SO4C1_HUMAN:sp|Q99728|BARD1_HUMAN:sp|Q9NZC2|TREM2_HUMAN:sp|O43315|AQP9_HUMAN:sp|Q08945|SSRP1_HUMAN:sp|O96020|CCNE2_HUMAN:sp|Q9BQI0|AIF1L_HUMAN:sp|Q14517|FAT1_HUMAN:sp|Q8NBP7|PCSK9_HUMAN:sp|Q8IVL1|NAV2_HUMAN:sp|P22670|RFX1_HUMAN:sp|Q9Y4A8|NF2L3_HUMAN:sp|P50395|GDIB_HUMAN:sp|Q9Y6F8|CDY1_HUMAN:sp|Q9BXT8|RNF17_HUMAN:sp|Q8N6M5|ALLC_HUMAN:sp|Q9UHN6|CEIP2_HUMAN:sp|Q14028|CNGB1_HUMAN:sp|Q9P2M7|CING_HUMAN:sp|Q15393|SF3B3_HUMAN:sp|Q6MZQ0|PRR5L_HUMAN:sp|Q8WZ42|TITIN_HUMAN:sp|Q96I99|SUCB2_HUMAN:sp|Q9C0A1|ZFHX2_HUMAN:sp|P49588|SYAC_HUMAN:sp|P0DPD7|EFMT4_HUMAN:sp|Q96GX5|GWL_HUMAN:sp|P52848|NDST1_HUMAN:sp|O75445|USH2A_HUMAN:sp|Q9NWS1|PARI_HUMAN:sp|Q9HD20|AT131_HUMAN:sp|Q8NFA0|UBP32_HUMAN:sp|Q9BUQ8|DDX23_HUMAN:sp|Q86US8|EST1A_HUMAN:sp|O95936|EOMES_HUMAN:sp|P31639|SC5A2_HUMAN:sp|Q9H6R7|WDCP_HUMAN:sp|Q12899|TRI26_HUMAN:sp|Q4ZHG4|FNDC1_HUMAN:sp|P46060|RAGP1_HUMAN:sp|Q9BSM1|PCGF1_HUMAN:sp|O95185|UNC5C_HUMAN:sp|Q3ZCN5|OTOGL_HUMAN:sp|Q9NZJ4|SACS_HUMAN:sp|O60721|NCKX1_HUMAN:sp|Q63HN8|RN213_HUMAN:sp|Q9Y623|MYH4_HUMAN:sp|Q6UXI7|VITRN_HUMAN:sp|Q16555|DPYL2_HUMAN:sp|Q9UBK8|MTRR_HUMAN:sp|Q9Y286|SIGL7_HUMAN:sp|Q8IV35|WDR49_HUMAN:sp|P49773|HINT1_HUMAN:sp|Q96I25|SPF45_HUMAN:sp|Q9NZB2|F120A_HUMAN:sp|Q6UXA7|CF015_HUMAN:sp|Q9Y303|NAGA_HUMAN:sp|Q96JC9|EAF1_HUMAN,DeepNovo
R(+42.01)TVFKGGKLR,37.70,1202.7247,10,60.0,10,1.3,401.91605,3,26.6513,-0.9487,0.47,9961,HFX193_IPP292_GEL_CRC_324_Even.raw,3.24E6,2.35E7,2,2,2,2,"Acetylation (N-term)",,0 0 9 25 26 0 0 9 4 4,R(+42.01)TVFKGGKLR,,DeepNovo
R(+42.01)TVVKF,21.21,790.4701,6,100.0,6,3.8,396.24384,2,66.5994,18.6994,0.12,25986,HFX193_IPP292_GEL_CRC_324_Even.raw,1.66E6,8.33E6,1,1,1,1,"Acetylation (N-term)",,3 3 14 14 6 5,R(+42.01)TVVKF,sp|P07359|GP1BA_HUMAN,DB Search
R(+42.01)VAGSGVY,22.76,849.4344,8,37.5,8,0.3,425.72461,2,42.5061,-0.3939,0.66,16404,HFX193_IPP292_GEL_CRC_324_Odd.raw,4.5E5,3.88E6,1,1,1,1,"Acetylation (N-term)",,1 1 1 3 1 1 17 5,R(+42.01)VAGSGVY,,DeepNovo
R(+42.01)VLLLKKLK,10.95,1151.8118,9,88.9,9,-0.9,576.91266,2,58.7512,-1.7488,0.13,22880,HFX193_IPP292_GEL_CRC_324_Odd.raw,,,1,1,0,0,"Acetylation (N-term)",,5 0 2 3 2 2 3 4 5,R(+42.01)VLLLKKLK,sp|Q96HM7|PED1B_HUMAN:MNS1_DEL_TT-p.K202Afs*5_::chr15:56444025-56445026_frame=2:sp|O94901|SUN1_HUMAN:sp|Q6UVJ0|SAS6_HUMAN:sp|P48637|GSHB_HUMAN:sp|Q504T8|MIDN_HUMAN:sp|P42858|HD_HUMAN:sp|Q8NFU5|IPMK_HUMAN:sp|Q86TI0|TBCD1_HUMAN:sp|Q8NEA9|GMCL2_HUMAN:TVP23A_DEL_A-p.F140Lfs*7_::chr16:10772846-10773846_frame=-1:sp|P51817|PRKX_HUMAN:sp|Q6ZW31|SYDE1_HUMAN:sp|Q49AG3|ZBED5_HUMAN:sp|Q9H254|SPTN4_HUMAN:sp|Q96TA1|NIBA2_HUMAN:sp|Q9C093|SPEF2_HUMAN:sp|Q9P1Z9|CC180_HUMAN:SEC31A_INS_--T_p.I462Nfs*2::chr4:82863911-82864912_frame=-2:sp|Q5SQ80|A20A2_HUMAN:sp|Q7Z6W1|TMCO2_HUMAN:sp|Q9Y2K7|KDM2A_HUMAN:sp|Q9BQG0|MBB1A_HUMAN:sp|Q96Q35|FACC1_HUMAN:sp|Q96H20|SNF8_HUMAN:NDUFC2_DEL_AA-p.F69Cfs*9_::chr11:78072601-78073602_frame=3:sp|P02671|FIBA_HUMAN:sp|Q96QH2|PRAM_HUMAN:sp|A6NFF2|NP1L6_HUMAN:sp|Q8TCG1|CIP2A_HUMAN:sp|Q3SY84|K2C71_HUMAN:sp|Q99570|PI3R4_HUMAN:sp|Q92900|RENT1_HUMAN:sp|Q9BQI6|SLF1_HUMAN:sp|Q08554|DSC1_HUMAN:sp|Q99467|CD180_HUMAN:sp|Q6ZNQ3|LRC69_HUMAN:sp|P30520|PURA2_HUMAN:sp|Q9NZN5|ARHGC_HUMAN:sp|O75037|KI21B_HUMAN:sp|P51692|STA5B_HUMAN:sp|Q8IZ52|CHSS2_HUMAN:sp|Q8N1K5|THMS1_HUMAN:sp|Q9NYW0|T2R10_HUMAN:sp|Q96QK1|VPS35_HUMAN:sp|Q8IY17|PLPL6_HUMAN:sp|Q86UD5|SL9B2_HUMAN:sp|I6L899|GOG8R_HUMAN:sp|Q15404|RSU1_HUMAN:sp|A7E2V4|ZSWM8_HUMAN:sp|O75469|NR1I2_HUMAN:sp|Q14680|MELK_HUMAN:sp|Q5T7W7|TSTD2_HUMAN:sp|Q6AI39|BICRL_HUMAN:sp|Q8TDY2|RBCC1_HUMAN:sp|P48643|TCPE_HUMAN:sp|Q9ULV3|CIZ1_HUMAN:sp|Q96EY8|MMAB_HUMAN:sp|A6NNP5|CC169_HUMAN:sp|Q6ZN28|MACC1_HUMAN:sp|Q14257|RCN2_HUMAN:sp|O94818|NOL4_HUMAN:sp|Q15042|RB3GP_HUMAN:sp|Q8N5C6|SRBD1_HUMAN:sp|Q8IYU2|HACE1_HUMAN:sp|Q8TEQ8|PIGO_HUMAN:ENO4_DEL_A-p.K207Rfs*32_::chr10:116858617-116859617_frame=2:sp|O95622|ADCY5_HUMAN:sp|Q96NT1|NP1L5_HUMAN:PDS5B_INS_--A_p.N1390Kfs*13::chr13:32770249-32771250_frame=1:sp|Q8NE09|RGS22_HUMAN:sp|Q9P2K8|E2AK4_HUMAN:sp|Q9UQ05|KCNH4_HUMAN:sp|P37837|TALDO_HUMAN:sp|Q5VU43|MYOME_HUMAN:sp|Q70Z53|F10C1_HUMAN:sp|Q8N9H8|MUT7_HUMAN:sp|Q3KR16|PKHG6_HUMAN:sp|Q9BY66|KDM5D_HUMAN:sp|P02549|SPTA1_HUMAN:sp|Q5VVC0|SPO16_HUMAN:sp|Q13936|CAC1C_HUMAN:sp|Q9NRC6|SPTN5_HUMAN:sp|P30876|RPB2_HUMAN:sp|Q9H7L9|SDS3_HUMAN:sp|Q6P996|PDXD1_HUMAN:sp|Q9Y6E2|5MP1_HUMAN:sp|Q14258|TRI25_HUMAN:sp|Q15075|EEA1_HUMAN:sp|Q14872|MTF1_HUMAN:sp|Q9NQ66|PLCB1_HUMAN:AKAP7_DEL_A-p.K79Rfs*21_::chr6:131159636-131160636_frame=-1:sp|O75962|TRIO_HUMAN:sp|O75420|GGYF1_HUMAN:ZBTB20_DEL_G-p.P692Lfs*43_::chr3:114338656-114339656_frame=2:sp|P42345|MTOR_HUMAN:sp|Q9HCX4|TRPC7_HUMAN:sp|Q16401|PSMD5_HUMAN:sp|Q9Y4R7|TTLL3_HUMAN:sp|O95466|FMNL1_HUMAN:sp|Q9UGI6|KCNN3_HUMAN:sp|Q9Y253|POLH_HUMAN:sp|Q9C030|TRIM6_HUMAN:sp|P24278|ZBT25_HUMAN:sp|Q9HCE3|ZN532_HUMAN:sp|P32780|TF2H1_HUMAN:sp|Q86UK0|ABCAC_HUMAN:sp|Q32MK0|MYLK3_HUMAN:sp|Q13488|VPP3_HUMAN:sp|Q9HB15|KCNKC_HUMAN:sp|Q8IV76|PASD1_HUMAN:sp|P0DW85|H2BN1_HUMAN:sp|Q8WYB5|KAT6B_HUMAN:sp|Q7Z443|PK1L3_HUMAN:sp|O15117|FYB1_HUMAN:sp|Q4W5G0|TIGD2_HUMAN:sp|Q9UNF0|PACN2_HUMAN:ZNF518A_DEL_A-p.T929Lfs*2_::chr10:96158599-96159599_frame=-1:sp|Q96M89|CC138_HUMAN:sp|Q00653|NFKB2_HUMAN,DeepNovo
R(+42.01)VVTLRLPGL,9.31,1164.7343,10,10.0,10,4.5,389.25375,3,42.6850,-79.4150,0.08,16475,HFX193_IPP292_GEL_CRC_324_Even.raw,1.39E6,4.22E6,1,1,1,1,"Acetylation (N-term)",,0 0 0 0 0 0 0 0 1 2,R(+42.01)VVTLRLPGL,sp|Q5XPI4|RN123_HUMAN,DB Search
R(+42.01)YLRVL,17.99,860.5232,6,66.7,6,-3.1,431.26755,2,56.2197,9.9197,0.33,21852,HFX193_IPP292_GEL_CRC_324_Even.raw,4.29E5,3.79E6,1,1,1,1,"Acetylation (N-term)",,0 0 30 7 6 5,R(+42.01)YLRVL,sp|Q9Y238|DLEC1_HUMAN,DB Search
R(+42.01)YLRVLGGTGGLDKKKTLTE,103.27,2246.2747,20,40.0,20,-1.3,562.57520,4,54.8150,-0.0850,0.10,21278,HFX193_IPP292_GEL_CRC_324_Even.raw,2.24E6,1.3E7,1,1,1,1,"Acetylation (N-term)",,0 0 29 6 17 11 0 0 5 0 0 1 1 0 0 0 0 88 6 5,R(+42.01)YLRVLGGTGGLDKKKTLTE,sp|Q9NXK8|FXL12_HUMAN:sp|Q96MW5|COG8_HUMAN:sp|Q5VZ46|K1614_HUMAN:sp|Q92611|EDEM1_HUMAN:sp|Q02153|GCYB1_HUMAN:sp|P16157|ANK1_HUMAN:sp|P48547|KCNC1_HUMAN:sp|I3L3R5|CCER2_HUMAN:sp|Q15003|CND2_HUMAN:sp|Q9BWW8|APOL6_HUMAN:sp|Q6EMB2|TTLL5_HUMAN:sp|P33992|MCM5_HUMAN:sp|Q7Z5K2|WAPL_HUMAN:sp|Q5VU65|P210L_HUMAN:sp|P41145|OPRK_HUMAN:sp|Q9Y5I4|PCDC2_HUMAN:sp|Q5U651|RAIN_HUMAN:sp|Q6UXB1|IGFL3_HUMAN:sp|P04114|APOB_HUMAN:sp|P00519|ABL1_HUMAN:sp|B4DZS4|T11X1_HUMAN:sp|P07225|PROS_HUMAN:sp|Q9UI40|NCKX2_HUMAN:sp|Q92831|KAT2B_HUMAN:sp|Q5TCQ9|MAGI3_HUMAN:sp|O94822|LTN1_HUMAN:sp|O76075|DFFB_HUMAN:sp|O95428|PPN_HUMAN:sp|Q96FK6|WDR89_HUMAN:sp|Q05513|KPCZ_HUMAN:sp|A2A288|ZC12D_HUMAN:sp|Q9BQG0|MBB1A_HUMAN:sp|Q86WQ0|NR2CA_HUMAN:sp|Q16819|MEP1A_HUMAN:sp|Q8NGS0|OR1N1_HUMAN:sp|P59044|NLRP6_HUMAN:sp|Q8WWM7|ATX2L_HUMAN:sp|Q86U38|NOP9_HUMAN:sp|Q9P0G3|KLK14_HUMAN:sp|Q6KC79|NIPBL_HUMAN:sp|Q5T8D3|ACBD5_HUMAN:sp|Q9UBS0|KS6B2_HUMAN:sp|Q9UI33|SCNBA_HUMAN:sp|O14917|PCD17_HUMAN:sp|Q6PJG9|LRFN4_HUMAN:sp|Q9NRW7|VPS45_HUMAN:sp|O75078|ADA11_HUMAN:sp|Q0D2K2|KLH30_HUMAN:sp|Q9UPQ9|TNR6B_HUMAN:sp|Q14690|RRP5_HUMAN:sp|Q96PR1|KCNC2_HUMAN:sp|P12111|CO6A3_HUMAN:sp|Q86SQ9|DHDDS_HUMAN:sp|P48509|CD151_HUMAN:sp|Q7Z6Z7|HUWE1_HUMAN:sp|Q9H4F1|SIA7D_HUMAN:sp|Q8N2Y8|RUSC2_HUMAN:sp|Q9BSR8|YIPF4_HUMAN:sp|Q12767|TMM94_HUMAN:sp|Q03721|KCNC4_HUMAN:sp|Q9UPU3|SORC3_HUMAN:sp|Q9P2E3|ZNFX1_HUMAN:sp|Q7KZ85|SPT6H_HUMAN:sp|Q8N159|NAGS_HUMAN:sp|Q9BZQ6|EDEM3_HUMAN:sp|A5PLN7|F149A_HUMAN:sp|Q8IY81|SPB1_HUMAN:sp|O14678|ABCD4_HUMAN:sp|Q9NTX9|F217B_HUMAN:sp|Q9NZ32|ARP10_HUMAN:sp|Q8IYG6|LRC56_HUMAN:sp|P24723|KPCL_HUMAN:sp|Q9NRC6|SPTN5_HUMAN:sp|A6NC98|CC88B_HUMAN:sp|A6NNN8|S38A8_HUMAN:sp|Q96HA9|PX11C_HUMAN:sp|Q99856|ARI3A_HUMAN:sp|P01031|CO5_HUMAN:sp|P08590|MYL3_HUMAN:sp|Q8N201|INT1_HUMAN:sp|P23443|KS6B1_HUMAN:sp|Q96G42|KLD7B_HUMAN:sp|P52179|MYOM1_HUMAN:sp|Q7Z406|MYH14_HUMAN:sp|Q68DQ2|CRBG3_HUMAN:sp|O75962|TRIO_HUMAN:sp|Q92830|KAT2A_HUMAN:sp|Q05086|UBE3A_HUMAN:sp|Q9NYQ6|CELR1_HUMAN:sp|Q9HCS5|E41LA_HUMAN:sp|Q9NZJ6|COQ3_HUMAN:sp|Q9Y4W6|AFG32_HUMAN:sp|P42345|MTOR_HUMAN:sp|P22105|TENX_HUMAN:sp|Q92629|SGCD_HUMAN:sp|Q96L92|SNX27_HUMAN:sp|P42684|ABL2_HUMAN:sp|Q14003|KCNC3_HUMAN:sp|Q8N1P7|CRBG2_HUMAN:sp|Q8TD19|NEK9_HUMAN:sp|P35998|PRS7_HUMAN:sp|P41743|KPCI_HUMAN:sp|O00219|HYAS3_HUMAN:sp|Q8WVI0|UQCC5_HUMAN:sp|Q96FX8|PERP_HUMAN:sp|G2XKQ0|SUMO5_HUMAN:sp|Q13608|PEX6_HUMAN:sp|Q8IZ73|RUSD2_HUMAN:sp|P35749|MYH11_HUMAN:sp|Q5H9J9|T11X2_HUMAN:sp|Q9BQS2|SYT15_HUMAN:sp|O75077|ADA23_HUMAN:sp|Q96K49|TM87B_HUMAN:sp|P50748|KNTC1_HUMAN:sp|Q8TDW7|FAT3_HUMAN:sp|Q9H6K5|PRR36_HUMAN:sp|Q8N3A8|PARP8_HUMAN:sp|Q9NQQ7|S35C2_HUMAN:sp|P28330|ACADL_HUMAN:sp|P12829|MYL4_HUMAN,DeepNovo
R(+42.01)YPLRHAL,23.60,1066.6035,8,50.0,8,4.6,356.54343,3,28.8077,-8.3923,0.04,10841,HFX193_IPP292_GEL_CRC_324_Odd.raw,8.42E5,7.18E6,2,2,2,2,"Acetylation (N-term)",,0 0 4 1 1 5 16 5,R(+42.01)YPLRHAL,sp|Q9H228|S1PR5_HUMAN:sp|O75197|LRP5_HUMAN:sp|Q9BR26|OCSTP_HUMAN:sp|P40238|TPOR_HUMAN:sp|O43283|M3K13_HUMAN:sp|Q6ZSI9|CAN12_HUMAN:sp|O00167|EYA2_HUMAN:sp|P06681|CO2_HUMAN:sp|O75581|LRP6_HUMAN:sp|Q12852|M3K12_HUMAN:sp|Q70EK8|UBP53_HUMAN:sp|Q07864|DPOE1_HUMAN:sp|Q969T3|SNX21_HUMAN:sp|Q9HBL6|LRTM1_HUMAN:sp|Q9Y223|GLCNE_HUMAN:sp|P22888|LSHR_HUMAN:sp|B1AJZ9|FHAD1_HUMAN:sp|Q9P2J9|PDP2_HUMAN:sp|O43296|ZN264_HUMAN:sp|Q92615|LAR4B_HUMAN,DeepNovo
R(+42.01)YVRAGLL,35.98,988.5818,8,50.0,8,-1.7,495.29730,2,55.6484,-9.4516,0.16,21621,HFX193_IPP292_GEL_CRC_324_Even.raw,2.91E5,1.94E6,1,1,1,1,"Acetylation (N-term)",,0 0 25 3 0 0 18 5,R(+42.01)YVRAGLL,,DeepNovo
S(+42.01)AAHVGKLL,40.54,936.5392,9,55.6,9,4.0,469.27875,2,66.3908,-3.9092,0.32,25923,HFX193_IPP292_GEL_CRC_324_Even.raw,1.31E6,7.12E6,1,1,1,1,"Acetylation (N-term)",,0 0 0 0 12 3 3 6 5,S(+42.01)AAHVGKLL,sp|Q9P0V3|SH3B4_HUMAN:sp|P09417|DHPR_HUMAN:sp|Q9H490|PIGU_HUMAN:sp|Q7Z478|DHX29_HUMAN:sp|Q8NFT2|STEA2_HUMAN:sp|B1APH4|ZN487_HUMAN:sp|P46939|UTRN_HUMAN:sp|Q9Y6P5|SESN1_HUMAN:sp|O75691|UTP20_HUMAN:sp|Q9HBU9|POPD2_HUMAN:sp|Q15393|SF3B3_HUMAN:sp|Q5FYA8|ARSH_HUMAN:sp|Q9BX73|TM2D2_HUMAN:sp|Q8NCS4|TM35B_HUMAN:sp|Q14149|MORC3_HUMAN:sp|Q9H254|SPTN4_HUMAN:sp|Q7RTT9|S29A4_HUMAN:sp|Q8WZ42|TITIN_HUMAN:sp|P00352|AL1A1_HUMAN:sp|P05423|RPC4_HUMAN:sp|Q6V1P9|PCD23_HUMAN:sp|P08397|HEM3_HUMAN:sp|A6NJB7|PRR19_HUMAN:sp|P43115|PE2R3_HUMAN:sp|O75525|KHDR3_HUMAN:sp|P07093|GDN_HUMAN:sp|P30838|AL3A1_HUMAN:sp|Q9H977|WDR54_HUMAN:sp|A8MUH7|PDZ1P_HUMAN:sp|Q7Z3F1|GP155_HUMAN:sp|Q8TDZ2|MICA1_HUMAN:sp|Q9NYZ3|GTSE1_HUMAN:sp|Q8NE01|CNNM3_HUMAN:sp|Q5S007|LRRK2_HUMAN:sp|Q9UPI3|FLVC2_HUMAN:sp|P08842|STS_HUMAN:sp|Q02880|TOP2B_HUMAN:sp|O94788|AL1A2_HUMAN:sp|P46379|BAG6_HUMAN:sp|O60361|NDK8_HUMAN:sp|P24855|DNAS1_HUMAN:sp|O95876|FRITZ_HUMAN:sp|Q96FN4|CPNE2_HUMAN:sp|Q9BXL6|CAR14_HUMAN:sp|Q9NW08|RPC2_HUMAN:sp|P57679|EVC_HUMAN:sp|Q8NHU6|TDRD7_HUMAN:sp|Q6ZW61|BBS12_HUMAN:sp|Q9NXF1|TEX10_HUMAN:sp|P35498|SCN1A_HUMAN:sp|P49753|ACOT2_HUMAN:sp|P49454|CENPF_HUMAN:sp|Q5XKL5|BTBD8_HUMAN:sp|Q8NDA8|MROH1_HUMAN:sp|Q9Y2A9|B3GN3_HUMAN:sp|Q9NUL7|DDX28_HUMAN:sp|Q7Z7L9|ZSCA2_HUMAN:sp|P54577|SYYC_HUMAN:sp|Q92540|SMG7_HUMAN:sp|Q9BR11|ZSWM1_HUMAN:sp|Q58EX7|PKHG4_HUMAN:sp|Q9UBQ5|EIF3K_HUMAN:sp|O00264|PGRC1_HUMAN:sp|Q9P0Z9|SOX_HUMAN:sp|Q9BRR8|GPTC1_HUMAN:sp|Q8WXI4|ACO11_HUMAN:sp|Q07666|KHDR1_HUMAN:sp|Q6ZUX3|TGRM2_HUMAN:sp|Q5VWX1|KHDR2_HUMAN:sp|B4DYI2|S31C2_HUMAN:sp|Q9NY28|GALT8_HUMAN:sp|P54793|ARSF_HUMAN:sp|Q7Z6Z7|HUWE1_HUMAN:sp|Q2VIR3|IF2GL_HUMAN:sp|O14511|NRG2_HUMAN:sp|Q96JJ3|ELMO2_HUMAN:sp|P41226|UBA7_HUMAN:sp|Q8WYP5|ELYS_HUMAN:sp|Q6ZUB1|S31E1_HUMAN:sp|O95477|ABCA1_HUMAN:sp|Q7RTY1|MOT9_HUMAN,DeepNovo
S(+42.01)AERLV,16.77,715.3864,6,50.0,6,0.7,358.70074,2,33.0748,-21.7252,0.29,12571,HFX193_IPP292_GEL_CRC_324_Even.raw,2.03E5,1.68E6,1,1,1,1,"Acetylation (N-term)",,0 0 8 1 15 5,S(+42.01)AERLV,sp|O15315|RA51B_HUMAN,DB Search
S(+42.01)AFKRPGL,25.87,916.5130,8,50.0,8,4.9,459.26605,2,38.1004,-11.8996,0.11,14637,HFX193_IPP292_GEL_CRC_324_Odd.raw,5.02E5,3.09E6,1,1,1,1,"Acetylation (N-term)",,5 10 0 0 0 0 17 5,S(+42.01)AFKRPGL,,DeepNovo
S(+42.01)AGTYHAKL,28.49,988.4978,9,66.7,9,0.2,330.50659,3,31.1641,2.1641,0.43,11821,HFX193_IPP292_GEL_CRC_324_Even.raw,2.93E5,2.55E6,1,1,1,1,"Acetylation (N-term)",,0 0 0 10 21 27 34 16 5,S(+42.01)AGTYHAKL,sp|Q14789|GOGB1_HUMAN:sp|Q9Y3S1|WNK2_HUMAN:sp|P20700|LMNB1_HUMAN:sp|P52179|MYOM1_HUMAN:sp|Q9UL45|BL1S6_HUMAN:sp|Q9NXF7|DCA16_HUMAN,DeepNovo
S(+42.01)AHAKVRL,45.16,922.5349,8,100.0,8,1.5,462.27536,2,27.0598,12.7598,0.49,10112,HFX193_IPP292_GEL_CRC_324_Even.raw,3.52E6,2.5E7,1,1,1,1,"Acetylation (N-term)",,5 19 59 34 12 6 5 5,S(+42.01)AHAKVRL,sp|P25874|UCP1_HUMAN:sp|P98160|PGBM_HUMAN:sp|Q92797|SYMPK_HUMAN:sp|Q9Y5S2|MRCKB_HUMAN:sp|P55916|UCP3_HUMAN:sp|O60502|OGA_HUMAN:sp|Q9BZH6|WDR11_HUMAN:sp|P59827|BPIB4_HUMAN:sp|Q9NT68|TEN2_HUMAN:sp|Q9H2S1|KCNN2_HUMAN:sp|Q96H35|RBM18_HUMAN:sp|P46199|IF2M_HUMAN:sp|Q9UGI6|KCNN3_HUMAN:sp|Q6ZRY4|RBPS2_HUMAN:sp|Q9H7P9|PKHG2_HUMAN:sp|P33991|MCM4_HUMAN:sp|Q9UEF7|KLOT_HUMAN:sp|P20700|LMNB1_HUMAN:sp|O14529|CUX2_HUMAN:sp|Q13151|ROA0_HUMAN:sp|Q8IVL6|P3H3_HUMAN:sp|Q6Q0C1|S2547_HUMAN:sp|Q96EH8|NEUL3_HUMAN:sp|Q6V9R5|ZN562_HUMAN:sp|Q96B67|ARRD3_HUMAN:sp|P62195|PRS8_HUMAN:sp|Q14623|IHH_HUMAN:sp|Q9P2D7|DYH1_HUMAN:sp|P82650|RT22_HUMAN:sp|Q9H9K5|MER34_HUMAN:sp|Q08830|FGL1_HUMAN:sp|P55851|UCP2_HUMAN:sp|Q9NVE5|UBP40_HUMAN:sp|Q6NVV3|NIPA3_HUMAN:sp|Q86TM3|DDX53_HUMAN:sp|P20290|BTF3_HUMAN:sp|P52756|RBM5_HUMAN:sp|Q9NRJ7|PCDBG_HUMAN:sp|Q8IY63|AMOL1_HUMAN:sp|Q9P2G9|KLHL8_HUMAN:sp|P08729|K2C7_HUMAN:sp|Q00325|MPCP_HUMAN:sp|Q96K17|BT3L4_HUMAN:sp|P98161|PKD1_HUMAN:sp|Q6UB35|C1TM_HUMAN,DeepNovo
S(+42.01)AHARLHL,28.21,945.5144,8,87.5,8,1.5,473.76520,2,30.7661,2.2661,0.40,11656,HFX193_IPP292_GEL_CRC_324_Odd.raw,2.16E5,2.92E6,1,1,1,1,"Acetylation (N-term)",,5 8 21 5 1 5 7 5,S(+42.01)AHARLHL,sp|Q9NSD4|ZN275_HUMAN:sp|Q96QT6|PHF12_HUMAN:sp|Q7L1V2|MON1B_HUMAN:sp|Q5T160|SYRM_HUMAN:sp|Q6ZTB9|ZN833_HUMAN:sp|P23769|GATA2_HUMAN:sp|Q13485|SMAD4_HUMAN:sp|Q9NVE7|PANK4_HUMAN:sp|Q86UW1|OSTA_HUMAN:sp|Q8TF17|S3TC2_HUMAN:sp|Q8NA42|ZN383_HUMAN:sp|Q8WZ42|TITIN_HUMAN:sp|Q499Z4|ZN672_HUMAN:sp|P49736|MCM2_HUMAN:sp|Q9NP31|SH22A_HUMAN:sp|Q8NCA9|ZN784_HUMAN:sp|O75578|ITA10_HUMAN:sp|Q9NQL2|RRAGD_HUMAN:sp|Q2VPB7|AP5B1_HUMAN:sp|Q9NXL9|MCM9_HUMAN:sp|P32245|MC4R_HUMAN:SAFB2_DEL_G-p.P945Rfs*49_::chr19:5586771-5587771_frame=2:sp|P00451|FA8_HUMAN:sp|Q2V2M9|FHOD3_HUMAN:sp|O14842|FFAR1_HUMAN:sp|Q9Y4C5|CHST2_HUMAN:sp|Q96PN7|TREF1_HUMAN:sp|Q8TDW7|FAT3_HUMAN:sp|Q6ZMU5|TRI72_HUMAN:sp|Q4G0Z9|MCMD2_HUMAN:sp|Q96RL7|VP13A_HUMAN:sp|Q96MU6|ZN778_HUMAN:sp|O43306|ADCY6_HUMAN:sp|Q15208|STK38_HUMAN:sp|Q7Z6J4|FGD2_HUMAN,DeepNovo
S(+42.01)AKARAEL,24.39,886.4872,8,87.5,8,1.0,444.25131,2,27.2090,18.0090,0.45,10212,HFX193_IPP292_GEL_CRC_324_Odd.raw,4.76E5,3.12E6,1,1,1,1,"Acetylation (N-term)",,5 15 22 7 0 4 4 5,S(+42.01)AKARAEL,sp|O75478|TAD2A_HUMAN:sp|P58107|EPIPL_HUMAN:sp|Q53SZ7|PRR30_HUMAN:sp|O94901|SUN1_HUMAN:sp|Q92786|PROX1_HUMAN:sp|Q9NYF5|FA13B_HUMAN:sp|O95704|APBB3_HUMAN:sp|Q9UNF1|MAGD2_HUMAN:sp|Q9UGP5|DPOLL_HUMAN:sp|O94993|SOX30_HUMAN:sp|Q99457|NP1L3_HUMAN:sp|Q9Y4A5|TRRAP_HUMAN:sp|A6NM11|L37A2_HUMAN:sp|Q9BWW8|APOL6_HUMAN:sp|P19823|ITIH2_HUMAN:sp|O00292|LFTY2_HUMAN:sp|Q8IWN7|RP1L1_HUMAN:sp|O60309|L37A3_HUMAN:sp|Q86YV9|HPS6_HUMAN:sp|P55268|LAMB2_HUMAN:sp|P14373|TRI27_HUMAN:sp|Q8IV32|CCD71_HUMAN:sp|Q6IBS0|TWF2_HUMAN:sp|Q8IWR0|Z3H7A_HUMAN:sp|Q9UPS6|SET1B_HUMAN:sp|Q641Q2|WAC2A_HUMAN:sp|Q96N66|MBOA7_HUMAN:sp|O15069|NACAD_HUMAN:sp|Q9Y496|KIF3A_HUMAN:sp|Q8NA72|POC5_HUMAN:sp|A6NKP2|D42E2_HUMAN:sp|Q8NCF0|CL18C_HUMAN:sp|P41229|KDM5C_HUMAN:sp|P30518|V2R_HUMAN:sp|Q02833|RASF7_HUMAN:sp|Q8TES7|FBF1_HUMAN:sp|O60333|KIF1B_HUMAN:sp|O75970|MPDZ_HUMAN:sp|Q8IZ52|CHSS2_HUMAN:sp|Q96P20|NLRP3_HUMAN:sp|P20813|CP2B6_HUMAN:sp|Q14980|NUMA1_HUMAN:sp|Q494U1|PKHN1_HUMAN:sp|Q9NRR4|RNC_HUMAN:sp|Q9H6N6|MYH16_HUMAN:sp|A6NN90|CB081_HUMAN:sp|O95359|TACC2_HUMAN:sp|Q969P6|TOP1M_HUMAN:sp|Q13526|PIN1_HUMAN:sp|Q8N2Y8|RUSC2_HUMAN:sp|Q99575|POP1_HUMAN:sp|A1L020|MEX3A_HUMAN:sp|A2RRP1|NBAS_HUMAN:sp|Q6ZUA9|MROH5_HUMAN:sp|O14646|CHD1_HUMAN:sp|Q8IY37|DHX37_HUMAN:sp|Q00975|CAC1B_HUMAN:sp|O00294|TULP1_HUMAN:sp|Q9Y2I6|NINL_HUMAN:sp|Q9Y4E1|WAC2C_HUMAN:sp|Q6ZN17|LN28B_HUMAN:sp|Q8WZ64|ARAP2_HUMAN:sp|Q05215|EGR4_HUMAN:sp|Q8N1B4|VPS52_HUMAN:sp|Q9HAY2|MAGF1_HUMAN:sp|Q9Y2L9|LRCH1_HUMAN:sp|P78563|RED1_HUMAN:sp|Q7Z4P5|GDF7_HUMAN:sp|Q9UNI6|DUS12_HUMAN:sp|O95460|MATN4_HUMAN:sp|Q9UGR2|Z3H7B_HUMAN:sp|Q8TDX7|NEK7_HUMAN:sp|Q9BY66|KDM5D_HUMAN:sp|Q96EX3|DC2I2_HUMAN:sp|A5D8T8|CL18A_HUMAN:sp|P22459|KCNA4_HUMAN:sp|Q96PV4|PNMA5_HUMAN:sp|Q7Z4T9|CFA91_HUMAN:sp|Q6PKC3|TXD11_HUMAN:sp|Q8WTV0|SCRB1_HUMAN:sp|Q8IUL8|CILP2_HUMAN:sp|O75936|BODG_HUMAN:sp|Q9UPU5|UBP24_HUMAN:sp|Q7Z442|PK1L2_HUMAN:sp|P07196|NFL_HUMAN:sp|O75264|SIM24_HUMAN:sp|O95155|UBE4B_HUMAN:sp|Q8IYS4|DAAF8_HUMAN:sp|Q8IXH8|CAD26_HUMAN:sp|Q6P995|F171B_HUMAN:sp|Q9H0W5|CCDC8_HUMAN:sp|Q5TEZ5|CF163_HUMAN:sp|O60437|PEPL_HUMAN:sp|A7E2Y1|MYH7B_HUMAN:sp|Q3LXA3|TKFC_HUMAN:sp|Q9ULG3|CFA92_HUMAN:sp|Q96KV7|WDR90_HUMAN:sp|P11172|UMPS_HUMAN:sp|Q9NY74|ETAA1_HUMAN:sp|Q9NXH8|TOR4A_HUMAN:sp|A6NEL2|SWAHB_HUMAN:sp|O14647|CHD2_HUMAN:sp|Q7Z5L2|R3HCL_HUMAN:sp|O95251|KAT7_HUMAN:sp|Q6UXF7|CL18B_HUMAN:sp|Q32MK0|MYLK3_HUMAN:sp|Q9Y238|DLEC1_HUMAN:sp|Q8NEQ6|SRARP_HUMAN:sp|Q14761|PTCA_HUMAN:sp|Q10571|MN1_HUMAN:sp|Q12929|EPS8_HUMAN:sp|Q8TC12|RDH11_HUMAN:sp|P37231|PPARG_HUMAN:sp|P35749|MYH11_HUMAN:sp|Q9BWS9|CHID1_HUMAN:sp|O43602|DCX_HUMAN:sp|P55851|UCP2_HUMAN:sp|A6NMS7|L37A1_HUMAN:sp|Q16204|CCDC6_HUMAN:sp|Q9UPN3|MACF1_HUMAN,DeepNovo
S(+42.01)AKKLERL,27.46,985.5920,8,100.0,8,1.3,329.53836,3,26.8560,12.6560,0.51,10048,HFX193_IPP292_GEL_CRC_324_Even.raw,7.57E5,5.53E6,1,1,1,1,"Acetylation (N-term)",,2 2 4 8 11 6 6 5,S(+42.01)AKKLERL,sp|P54284|CACB3_HUMAN:sp|Q9BXU3|TX13A_HUMAN:sp|Q2M3C6|TM266_HUMAN:sp|Q96DU3|SLAF6_HUMAN:sp|Q15120|PDK3_HUMAN:sp|Q8TCN5|ZN507_HUMAN:sp|Q9Y6B2|EID1_HUMAN:sp|Q9BUF5|TBB6_HUMAN:sp|B7ZC32|KIF28_HUMAN:sp|Q92626|PXDN_HUMAN:sp|Q6R327|RICTR_HUMAN:sp|Q460N5|PAR14_HUMAN:sp|O00635|TRI38_HUMAN:sp|Q9H0J9|PAR12_HUMAN:sp|Q9ULU8|CAPS1_HUMAN:sp|Q9UHI6|DDX20_HUMAN:sp|Q6NSJ2|PHLB3_HUMAN:sp|P38398|BRCA1_HUMAN:sp|Q9P1Z9|CC180_HUMAN:sp|P06744|G6PI_HUMAN:sp|Q9P2I0|CPSF2_HUMAN:sp|O75678|RFPL2_HUMAN:sp|Q5SQ80|A20A2_HUMAN:sp|Q6IBS0|TWF2_HUMAN:sp|P04350|TBB4A_HUMAN:sp|Q9C0G6|DYH6_HUMAN:sp|O75460|ERN1_HUMAN:sp|Q96Q35|FACC1_HUMAN:sp|Q13620|CUL4B_HUMAN:sp|Q13554|KCC2B_HUMAN:sp|P20248|CCNA2_HUMAN:sp|Q96T92|INSM2_HUMAN:sp|P19087|GNAT2_HUMAN:sp|Q9NUU7|DD19A_HUMAN:sp|Q9BVR0|HRC23_HUMAN:sp|Q5TEA3|DAAF9_HUMAN:sp|Q9BRD0|BUD13_HUMAN:sp|Q9UHR5|S30BP_HUMAN:sp|Q96JD6|AKCL2_HUMAN:sp|Q5JPF3|AN36C_HUMAN:sp|P52954|LBX1_HUMAN:sp|Q5T0F9|C2D1B_HUMAN:sp|Q92828|COR2A_HUMAN:sp|O14792|HS3S1_HUMAN:sp|Q8TDM6|DLG5_HUMAN:sp|Q9P2P6|STAR9_HUMAN:sp|Q9BYC5|FUT8_HUMAN:sp|Q5T9S5|CCD18_HUMAN:sp|Q8TD31|CCHCR_HUMAN:sp|P11532|DMD_HUMAN:sp|Q9NTJ3|SMC4_HUMAN:sp|O14964|HGS_HUMAN:sp|Q9H875|PKRI1_HUMAN:sp|Q14863|PO6F1_HUMAN:sp|P16949|STMN1_HUMAN:MARCKS_DEL_A-p.K155Rfs*12_::chr6:113859534-113860534_frame=-1:sp|Q96FZ7|CHMP6_HUMAN:sp|Q92953|KCNB2_HUMAN:sp|Q00975|CAC1B_HUMAN:sp|Q9BVA1|TBB2B_HUMAN:sp|O95992|CH25H_HUMAN:sp|A6NKT7|RGPD3_HUMAN:sp|Q5T280|CI114_HUMAN:sp|Q8TD22|SFXN5_HUMAN:sp|P40197|GPV_HUMAN:sp|O95622|ADCY5_HUMAN:sp|Q6PH85|DCNL2_HUMAN:sp|Q9UFH2|DYH17_HUMAN:sp|Q96RU2|UBP28_HUMAN:sp|P14543|NID1_HUMAN:sp|Q96PY5|FMNL2_HUMAN:sp|A2VDJ0|T131L_HUMAN:sp|P27338|AOFB_HUMAN:sp|O75764|TCEA3_HUMAN:sp|Q9UM13|APC10_HUMAN:sp|Q9UQ05|KCNH4_HUMAN:sp|O14715|RGPD8_HUMAN:sp|O00154|BACH_HUMAN:sp|P50914|RL14_HUMAN:sp|Q9BTE3|MCMBP_HUMAN:sp|Q5VUR7|A20A3_HUMAN:sp|Q9ULJ3|ZBT21_HUMAN:sp|Q9UJP4|KLH21_HUMAN:sp|O15016|TRI66_HUMAN:sp|Q6ZUV0|BACHL_HUMAN:sp|Q9NPI9|KCJ16_HUMAN:sp|Q9Y3P4|RHBD3_HUMAN:sp|A6NNZ2|TBB8B_HUMAN:sp|P0C7X3|CCYL3_HUMAN:sp|Q7Z406|MYH14_HUMAN:sp|Q9Y3P9|RBGP1_HUMAN:sp|P0DJD1|RGPD2_HUMAN:sp|Q9BY49|PECR_HUMAN:sp|P05412|JUN_HUMAN:sp|P62191|PRS4_HUMAN:sp|Q9NPB8|GPCP1_HUMAN:sp|P35580|MYH10_HUMAN:sp|P78424|PO6F2_HUMAN:sp|Q8N1V8|CJ085_HUMAN:sp|Q9NZJ4|SACS_HUMAN:sp|Q9NUQ8|ABCF3_HUMAN:sp|A6QL64|AN36A_HUMAN:sp|Q8NGD1|OR4N2_HUMAN:sp|P15509|CSF2R_HUMAN:sp|P83436|COG7_HUMAN:sp|Q8IW52|SLIK4_HUMAN:sp|Q9H4M9|EHD1_HUMAN:sp|Q9BTV4|TMM43_HUMAN:sp|Q6X4W1|NSMF_HUMAN:sp|O94979|SC31A_HUMAN:sp|Q5HYC2|K2026_HUMAN:sp|Q14123|PDE1C_HUMAN:sp|Q09161|NCBP1_HUMAN:sp|Q6W4X9|MUC6_HUMAN:sp|Q9UKL3|C8AP2_HUMAN:sp|Q52LJ0|FA98B_HUMAN:sp|P06400|RB_HUMAN:sp|Q8NCU4|CC191_HUMAN:sp|Q8TD10|MIPO1_HUMAN:sp|Q96JM2|ZN462_HUMAN,DeepNovo
S(+42.01)AKRHLLAGV,54.92,1092.6404,10,100.0,10,2.2,547.32867,2,32.9748,-0.3252,0.44,12536,HFX193_IPP292_GEL_CRC_324_Odd.raw,1.3E6,8.21E6,2,2,1,1,"Acetylation (N-term)",,5 7 6 3 4 5 22 4 3 5,S(+42.01)AKRHLLAGV,sp|Q6ZPD9|D19L3_HUMAN:sp|O14654|IRS4_HUMAN:sp|Q92624|APBP2_HUMAN:sp|Q2VIQ3|KIF4B_HUMAN:sp|P41252|SYIC_HUMAN:sp|P55198|AF17_HUMAN:sp|P20929|NEBU_HUMAN:sp|Q96DT7|ZBT10_HUMAN:sp|Q9ULG1|INO80_HUMAN:sp|Q9UKZ4|TEN1_HUMAN:sp|Q5J8X5|M4A13_HUMAN:sp|Q9Y6I9|TX264_HUMAN:sp|Q562E7|WDR81_HUMAN:sp|Q7RTT9|S29A4_HUMAN:sp|Q5T3F8|CSCL2_HUMAN:sp|O43933|PEX1_HUMAN:sp|Q8NGG4|OR8H1_HUMAN:sp|Q9BXP8|PAPP2_HUMAN:sp|Q9H2D1|MFTC_HUMAN:sp|Q9H4I2|ZHX3_HUMAN:sp|Q6N022|TEN4_HUMAN:sp|Q15697|ZN174_HUMAN:sp|Q9BY84|DUS16_HUMAN:sp|Q96QP1|ALPK1_HUMAN:sp|Q9BWW9|APOL5_HUMAN:sp|Q6W2J9|BCOR_HUMAN:sp|Q4LDE5|SVEP1_HUMAN:sp|Q5TIE3|VW5B1_HUMAN:sp|O60279|SUSD5_HUMAN:sp|Q96K62|ZBT45_HUMAN:sp|Q9P1A6|DLGP2_HUMAN:sp|Q8WWQ8|STAB2_HUMAN:sp|Q9Y678|COPG1_HUMAN:sp|Q9UBB6|NCDN_HUMAN:sp|Q8TB36|GDAP1_HUMAN:sp|O95870|ABHGA_HUMAN:sp|Q5JNZ3|ZN311_HUMAN:sp|Q9NYG8|KCNK4_HUMAN:sp|P08048|ZFY_HUMAN:sp|Q99467|CD180_HUMAN:sp|Q9H0I9|TKTL2_HUMAN:sp|Q6ZMD2|SPNS3_HUMAN:sp|P09529|INHBB_HUMAN:sp|Q9NY15|STAB1_HUMAN:sp|Q01831|XPC_HUMAN:sp|O75603|GCM2_HUMAN:sp|Q9C0D4|Z518B_HUMAN:sp|Q495B1|AKD1A_HUMAN:sp|Q86YC2|PALB2_HUMAN:sp|Q04671|P_HUMAN:sp|O60673|REV3L_HUMAN:sp|Q9NRR4|RNC_HUMAN:sp|Q14765|STAT4_HUMAN:sp|A6NK97|S22AK_HUMAN:sp|Q6IWH7|ANO7_HUMAN:sp|Q702N8|XIRP1_HUMAN:sp|P21453|S1PR1_HUMAN:sp|O94886|CSCL1_HUMAN:sp|A2A3K4|PTPC1_HUMAN:sp|Q9NY35|CLDN1_HUMAN:sp|Q14832|GRM3_HUMAN:sp|P24821|TENA_HUMAN:sp|Q96NL6|SCLT1_HUMAN:sp|Q8NCQ7|PRCA1_HUMAN:sp|Q7LC44|ARC_HUMAN:sp|Q6P2Q9|PRP8_HUMAN:sp|O95221|OR5F1_HUMAN:sp|Q6ZSB9|ZBT49_HUMAN:sp|Q9Y462|ZN711_HUMAN:sp|Q7Z333|SETX_HUMAN:sp|Q9NP62|GCM1_HUMAN:sp|Q9HCE6|ARGAL_HUMAN:sp|Q16769|QPCT_HUMAN:sp|P59103|DAOA_HUMAN:sp|P16435|NCPR_HUMAN:sp|A0A0U1RRA0|ZNOS_HUMAN:sp|P17010|ZFX_HUMAN:sp|Q96P48|ARAP1_HUMAN:sp|Q5T2Q4|CCYL2_HUMAN:sp|Q08AF3|SLFN5_HUMAN:sp|Q4U2R8|S22A6_HUMAN:sp|P08581|MET_HUMAN:sp|Q6ZMH5|S39A5_HUMAN:sp|Q9BTV6|DPH7_HUMAN:sp|Q6PKC3|TXD11_HUMAN:sp|Q7RTY3|PRS45_HUMAN:sp|Q96MU5|CQ077_HUMAN:sp|Q2TAC6|KIF19_HUMAN:sp|Q86YW9|MD12L_HUMAN:sp|Q96GA7|SDSL_HUMAN:sp|Q9UBE0|SAE1_HUMAN:sp|P57057|G6PT2_HUMAN:sp|Q9H5P4|PDZD7_HUMAN:sp|O60337|MARH6_HUMAN:sp|Q92633|LPAR1_HUMAN:sp|P56945|BCAR1_HUMAN:sp|Q9BSJ5|CQ080_HUMAN:MIS18BP1_DEL_T-p.K157Nfs*24_::chr14:45246316-45247316_frame=-2:sp|Q7RTW8|OTOAN_HUMAN:sp|Q4ADV7|RIC1_HUMAN:sp|Q96C10|DHX58_HUMAN:sp|Q15652|JHD2C_HUMAN:sp|P35658|NU214_HUMAN:sp|Q9H0B3|IQCN_HUMAN:sp|Q9BRZ2|TRI56_HUMAN:sp|Q13415|ORC1_HUMAN:sp|Q93074|MED12_HUMAN:sp|Q99986|VRK1_HUMAN:sp|P46089|GPR3_HUMAN:sp|Q969S9|RRF2M_HUMAN:sp|Q14324|MYPC2_HUMAN:sp|Q10469|MGAT2_HUMAN:sp|O15530|PDPK1_HUMAN:sp|Q9NQG7|HPS4_HUMAN:sp|Q8WTT2|NOC3L_HUMAN:sp|Q14689|DIP2A_HUMAN:sp|O95239|KIF4A_HUMAN:sp|Q9H2B4|S26A1_HUMAN:sp|Q00653|NFKB2_HUMAN:sp|Q86YA3|ZGRF1_HUMAN,DeepNovo
S(+42.01)AKRKEFL,35.86,1019.5764,8,75.0,8,1.4,510.79614,2,29.5825,11.7825,0.21,11172,HFX193_IPP292_GEL_CRC_324_Odd.raw,1.59E6,1.29E7,2,2,2,2,"Acetylation (N-term)",,5 7 4 1 1 3 7 5,S(+42.01)AKRKEFL,,DeepNovo
S(+42.01)AKVRVYKL,23.26,1104.6655,9,66.7,9,0.5,369.22928,3,34.4261,-9.8739,0.19,13151,HFX193_IPP292_GEL_CRC_324_Odd.raw,4.32E5,3.19E6,1,1,1,1,"Acetylation (N-term)",,2 2 6 0 0 1 3 4 5,S(+42.01)AKVRVYKL,sp|O75533|SF3B1_HUMAN:sp|Q9BPW5|RSLBB_HUMAN:sp|Q9Y5S2|MRCKB_HUMAN:sp|O43592|XPOT_HUMAN:sp|Q8N0V4|LGI2_HUMAN:sp|O94813|SLIT2_HUMAN:sp|Q5VST9|OBSCN_HUMAN:sp|O75094|SLIT3_HUMAN:sp|Q8N884|CGAS_HUMAN:sp|Q1MSJ5|CSPP1_HUMAN,DeepNovo
S(+42.01)ALERV,18.57,715.3864,6,100.0,6,0.3,358.70059,2,34.5227,-18.4773,0.68,13156,HFX193_IPP292_GEL_CRC_324_Even.raw,2.78E6,1.77E7,2,2,2,2,"Acetylation (N-term)",,3 3 59 37 5 5,S(+42.01)ALERV,sp|O15439|MRP4_HUMAN,DB Search
S(+42.01)ALETREKL,47.28,1087.5873,9,88.9,9,1.4,544.80170,2,34.1615,-11.6385,0.47,13035,HFX193_IPP292_GEL_CRC_324_Even.raw,6.71E5,2.8E6,1,1,1,1,"Acetylation (N-term)",,5 5 12 6 6 1 3 8 5,S(+42.01)ALETREKL,sp|Q96QU8|XPO6_HUMAN:sp|Q9BZF9|UACA_HUMAN:sp|Q14390|GGTL2_HUMAN:sp|Q9GZU1|MCLN1_HUMAN:sp|P56915|GSC_HUMAN:sp|Q8WXA9|SREK1_HUMAN:sp|Q6P9F5|TRI40_HUMAN:sp|O43933|PEX1_HUMAN:sp|O00327|BMAL1_HUMAN:sp|O94804|STK10_HUMAN:sp|P19440|GGT1_HUMAN:sp|Q9P225|DYH2_HUMAN:sp|Q86X10|RLGPB_HUMAN:sp|Q6P2E9|EDC4_HUMAN:sp|Q86WZ6|ZN227_HUMAN:sp|Q9BX51|GGTL1_HUMAN:sp|Q9UJX6|ANC2_HUMAN:sp|P78363|ABCA4_HUMAN:sp|O14523|C2C2L_HUMAN:sp|Q6ZP82|CC141_HUMAN:sp|Q9NVE5|UBP40_HUMAN:sp|Q8NB25|F184A_HUMAN:sp|O95996|APCL_HUMAN:sp|Q15465|SHH_HUMAN:sp|P49902|5NTC_HUMAN:sp|P49640|EVX1_HUMAN:sp|A6NN14|ZN729_HUMAN:sp|Q5T8R8|DOAS1_HUMAN:sp|O75881|CP7B1_HUMAN:sp|Q16630|CPSF6_HUMAN:sp|A6NKF2|ARI3C_HUMAN:sp|Q9UBR1|BUP1_HUMAN:sp|Q9UFE4|CCD39_HUMAN:sp|O60447|EVI5_HUMAN:sp|Q9C099|LRCC1_HUMAN:sp|O60563|CCNT1_HUMAN:sp|Q96P20|NLRP3_HUMAN:sp|Q14980|NUMA1_HUMAN:sp|P16234|PGFRA_HUMAN:sp|Q14232|EI2BA_HUMAN:sp|O75879|GATB_HUMAN:sp|Q12816|TROP_HUMAN:sp|Q5VZ66|JKIP3_HUMAN:sp|Q6ZVH7|ESPNL_HUMAN:sp|Q7L1I2|SV2B_HUMAN:sp|Q8NGN5|O10G8_HUMAN:sp|Q9Y4D7|PLXD1_HUMAN:sp|Q8WUA2|PPIL4_HUMAN:sp|Q9UH36|SRR1L_HUMAN:sp|O60504|VINEX_HUMAN:sp|Q8N859|ZN713_HUMAN:sp|Q8TD16|BICD2_HUMAN:sp|O95900|TRUB2_HUMAN:sp|O60583|CCNT2_HUMAN:sp|P11532|DMD_HUMAN:sp|Q8TCT7|SPP2B_HUMAN:sp|Q7Z2Z2|EFL1_HUMAN:sp|Q1ZYL8|IZUM4_HUMAN:sp|Q9NR97|TLR8_HUMAN:sp|Q14134|TRI29_HUMAN:sp|Q9ULL5|PRR12_HUMAN:sp|Q8WXI7|MUC16_HUMAN:sp|Q86Y97|KMT5C_HUMAN:sp|Q86W11|ZSC30_HUMAN:sp|Q86XI8|ZSWM9_HUMAN:sp|Q9P2M7|CING_HUMAN:sp|Q99698|LYST_HUMAN:sp|Q86VN1|VPS36_HUMAN:sp|O95447|LCA5L_HUMAN:sp|B4DX44|ZN736_HUMAN:sp|O95613|PCNT_HUMAN:sp|P47895|AL1A3_HUMAN:sp|Q9Y2R0|COA3_HUMAN:sp|Q9NZ01|TECR_HUMAN:sp|Q92835|SHIP1_HUMAN:sp|Q9NU22|MDN1_HUMAN:sp|Q9BXM0|PRAX_HUMAN:sp|O15296|LX15B_HUMAN:sp|Q63ZY3|KANK2_HUMAN:sp|P36268|GGT2_HUMAN:sp|Q6ZTQ3|RASF6_HUMAN:sp|Q9HAW0|BRF2_HUMAN:sp|Q5RHP9|ERIC3_HUMAN:sp|Q8TDX6|CGAT1_HUMAN:sp|Q8IYT3|CC170_HUMAN:sp|Q9Y3R0|GRIP1_HUMAN:sp|Q96N22|ZN681_HUMAN:sp|O94915|FRYL_HUMAN:sp|P49840|GSK3A_HUMAN:sp|Q9HCC9|LST2_HUMAN:sp|Q8WVS4|DC2I1_HUMAN:sp|Q99460|PSMD1_HUMAN:sp|Q86UB2|BIVM_HUMAN:sp|Q9HAZ2|PRD16_HUMAN:sp|Q6P9A3|ZN549_HUMAN:sp|O95571|ETHE1_HUMAN:sp|Q8NDW8|TT21A_HUMAN:sp|Q7Z3Z4|PIWL4_HUMAN:sp|Q2TB90|HKDC1_HUMAN:sp|Q05D60|DEUP1_HUMAN:sp|Q96MA6|KAD8_HUMAN:sp|Q96N16|JKIP1_HUMAN:sp|A6NGU5|GGT3_HUMAN:sp|Q9NXG0|CNTLN_HUMAN:sp|Q9Y666|S12A7_HUMAN:sp|Q13023|AKAP6_HUMAN:sp|O94972|TRI37_HUMAN:sp|Q03828|EVX2_HUMAN:sp|A0JNW5|BLT3B_HUMAN:sp|O95619|YETS4_HUMAN:sp|P49841|GSK3B_HUMAN:sp|Q5TH69|BIG3_HUMAN:sp|Q9NR30|DDX21_HUMAN:sp|B5MD39|GGTL3_HUMAN:sp|Q9ULH7|MRTFB_HUMAN:sp|Q9UPN6|SCAF8_HUMAN:sp|Q9NRU3|CNNM1_HUMAN:sp|Q14586|ZN267_HUMAN,DeepNovo
S(+42.01)ALKKKVL,30.01,927.6117,8,100.0,8,1.2,464.81369,2,27.5227,11.0227,0.37,10322,HFX193_IPP292_GEL_CRC_324_Even.raw,3.11E5,3.11E6,1,1,1,1,"Acetylation (N-term)",,5 12 8 7 5 5 11 5,S(+42.01)ALKKKVL,sp|Q8IYA2|C144C_HUMAN:sp|P0C7W6|CC172_HUMAN:sp|Q2M243|CCD27_HUMAN:sp|Q8TCE6|DEN10_HUMAN:sp|Q8IX94|CTGE4_HUMAN:sp|Q96JB8|MPP4_HUMAN:sp|P42858|HD_HUMAN:sp|Q8NBP0|TTC13_HUMAN:sp|Q8NF37|PCAT1_HUMAN:sp|Q8NFU5|IPMK_HUMAN:sp|Q9NV96|CC50A_HUMAN:sp|Q8IXK0|PHC2_HUMAN:sp|P04275|VWF_HUMAN:sp|P46013|KI67_HUMAN:sp|P35268|RL22_HUMAN:sp|B1AK76|SNUFL_HUMAN:sp|Q9C093|SPEF2_HUMAN:sp|Q32NB8|PGPS1_HUMAN:sp|Q9NZ71|RTEL1_HUMAN:sp|Q8NI99|ANGL6_HUMAN:sp|Q15744|CEBPE_HUMAN:sp|A6NF36|CC182_HUMAN:sp|Q8NFD5|ARI1B_HUMAN:sp|Q6N022|TEN4_HUMAN:sp|Q86YD1|PTOV1_HUMAN:sp|A4UGR9|XIRP2_HUMAN:sp|Q641Q2|WAC2A_HUMAN:sp|Q2PPJ7|RGPA2_HUMAN:sp|Q5JU00|DRC5_HUMAN:sp|Q8WVB6|CTF18_HUMAN:sp|P43304|GPDM_HUMAN:sp|Q9ULI4|KI26A_HUMAN:sp|Q96R48|OR2A5_HUMAN:sp|Q9H582|ZN644_HUMAN:sp|P51587|BRCA2_HUMAN:sp|Q15025|TNIP1_HUMAN:sp|P20248|CCNA2_HUMAN:sp|Q92730|RND1_HUMAN:sp|P0CAP2|GRL1A_HUMAN:MIS18BP1_DEL_T-p.K157Nfs*24_::chr14:45246316-45247316_frame=-3:sp|Q6P5Z2|PKN3_HUMAN:sp|P32314|FOXN2_HUMAN:sp|P46063|RECQ1_HUMAN:sp|O60333|KIF1B_HUMAN:sp|P0C221|CC175_HUMAN:sp|P51692|STA5B_HUMAN:sp|Q9HA90|EFCC1_HUMAN:sp|Q13615|MTMR3_HUMAN:sp|Q3B820|F161A_HUMAN:sp|O95486|SC24A_HUMAN:sp|Q16513|PKN2_HUMAN:sp|P0DPB3|SCHI1_HUMAN:sp|Q0ZGT2|NEXN_HUMAN:sp|P51531|SMCA2_HUMAN:sp|Q8TD16|BICD2_HUMAN:sp|Q9P2P6|STAR9_HUMAN:sp|Q9P2V4|LRIT1_HUMAN:sp|Q9H1I8|ASCC2_HUMAN:MIS18BP1_DEL_TT-p.K157Ifs*8_::chr14:45246316-45247317_frame=-1:sp|Q9ULV3|CIZ1_HUMAN:sp|P19404|NDUV2_HUMAN:sp|A8MUZ8|Z705G_HUMAN:sp|P11532|DMD_HUMAN:sp|Q8IUG5|MY18B_HUMAN:sp|Q8N960|CE120_HUMAN:sp|Q86UV5|UBP48_HUMAN:sp|Q13368|MPP3_HUMAN:sp|Q08117|TLE5_HUMAN:sp|P00738|HPT_HUMAN:sp|Q12851|M4K2_HUMAN:sp|Q8N5C6|SRBD1_HUMAN:sp|Q8TDG4|HELQ_HUMAN:RPL22_DEL_T-p.K15Rfs*5_::chr1:6197225-6198225_frame=-1:sp|Q6ZTU2|E400N_HUMAN:sp|Q96JM4|LRIQ1_HUMAN:sp|Q14439|GP176_HUMAN:sp|Q9BY66|KDM5D_HUMAN:sp|Q15390|MTFR1_HUMAN:sp|Q8WYQ9|ZCH14_HUMAN:sp|Q9NS73|MBIP1_HUMAN:sp|Q9Y4D1|DAAM1_HUMAN:sp|Q8WTV0|SCRB1_HUMAN:sp|P40763|STAT3_HUMAN:sp|Q15431|SYCP1_HUMAN:sp|P15813|CD1D_HUMAN:sp|O75962|TRIO_HUMAN:sp|O75410|TACC1_HUMAN:sp|P05412|JUN_HUMAN:sp|Q9NSD4|ZN275_HUMAN:sp|Q8NEL0|CCD54_HUMAN:sp|Q9BZW7|TSG10_HUMAN:sp|Q8IYT3|CC170_HUMAN:sp|P15559|NQO1_HUMAN:sp|P42345|MTOR_HUMAN:sp|A6NCN8|TEX52_HUMAN:sp|Q8IY33|MILK2_HUMAN:sp|Q6UXY1|BI2L2_HUMAN:sp|Q569K4|Z385B_HUMAN:sp|Q5BJE1|CC178_HUMAN:sp|Q9HCE3|ZN532_HUMAN:sp|P46782|RS5_HUMAN:sp|Q7Z5J4|RAI1_HUMAN:sp|Q8IW52|SLIK4_HUMAN:sp|Q1MSJ5|CSPP1_HUMAN:sp|A6NDZ8|MB3L4_HUMAN:sp|Q9BSC4|NOL10_HUMAN:sp|A0ZSE6|CC50C_HUMAN:sp|A6NJ08|MB3L5_HUMAN:sp|Q96AX1|VP33A_HUMAN:sp|O94910|AGRL1_HUMAN:sp|Q8IZ41|RASEF_HUMAN:sp|Q9NXP7|GIN1_HUMAN:sp|Q9HCM4|E41L5_HUMAN:sp|Q09472|EP300_HUMAN:sp|Q8WXX5|DNJC9_HUMAN:sp|Q13202|DUS8_HUMAN:RBM27_DEL_A-p.K816Nfs*5_::chr5:146267257-146268257_frame=1:sp|Q9Y3C0|WASC3_HUMAN:sp|O95239|KIF4A_HUMAN:sp|Q2KHM9|MOONR_HUMAN,DeepNovo
S(+42.01)ALLKRKL,23.07,969.6335,8,62.5,8,1.3,485.82465,2,32.3620,-6.5380,0.52,12308,HFX193_IPP292_GEL_CRC_324_Odd.raw,4.3E5,3.25E6,1,1,1,1,"Acetylation (N-term)",,5 5 6 6 0 0 0 5,S(+42.01)ALLKRKL,,DeepNovo
S(+42.01)ALRHAGAL,36.68,936.5141,9,55.6,9,1.1,469.26483,2,30.3931,-5.6069,0.35,11467,HFX193_IPP292_GEL_CRC_324_Even.raw,1.83E7,1.2E8,2,2,2,2,"Acetylation (N-term)",,3 0 0 2 11 0 0 38 5,S(+42.01)ALRHAGAL,sp|P08048|ZFY_HUMAN:sp|Q6ZW13|CP086_HUMAN:sp|Q9C0C4|SEM4C_HUMAN:sp|P53597|SUCA_HUMAN:sp|Q6ZNJ1|NBEL2_HUMAN:sp|O95714|HERC2_HUMAN:sp|Q9BVR0|HRC23_HUMAN:sp|Q9UNN5|FAF1_HUMAN:sp|Q5UE93|PI3R6_HUMAN:sp|Q15878|CAC1E_HUMAN:sp|P01133|EGF_HUMAN:sp|Q96C00|ZBTB9_HUMAN:sp|Q9UKX5|ITA11_HUMAN:sp|Q6ZT12|UBR3_HUMAN:sp|Q9Y5Y2|NUBP2_HUMAN:sp|Q8TB24|RIN3_HUMAN:XYLT2_DEL_C-p.G529Afs*78_::chr17:50356106-50357106_frame=1:sp|P17010|ZFX_HUMAN,DeepNovo
S(+42.01)APPDHEGFGGVDKK,79.21,1581.7423,15,46.7,15,-1.2,528.25409,3,26.4470,3.8470,0.19,9884,HFX193_IPP292_GEL_CRC_324_Even.raw,5.35E5,4.07E6,1,1,1,1,"Acetylation (N-term)",,0 0 0 0 0 0 6 21 21 0 0 9 9 24 5,S(+42.01)APPDHEGFGGVDKK,sp|O75369|FLNB_HUMAN:sp|P24043|LAMA2_HUMAN:sp|P22087|FBRL_HUMAN:sp|Q9H2J7|S6A15_HUMAN:sp|Q9Y6D5|BIG2_HUMAN:sp|Q8N8A6|DDX51_HUMAN:sp|P0DTE8|AMY1C_HUMAN:sp|Q969E8|TSR2_HUMAN:sp|Q8TCH9|YV004_HUMAN:sp|Q9Y5Y7|LYVE1_HUMAN:sp|Q9UKU7|ACAD8_HUMAN:sp|O43772|MCAT_HUMAN:sp|Q13751|LAMB3_HUMAN:sp|P12955|PEPD_HUMAN:sp|P0DTE7|AMY1B_HUMAN:sp|A6NHQ2|FBLL1_HUMAN:sp|P04746|AMYP_HUMAN:sp|Q14667|BLTP2_HUMAN:sp|P33993|MCM7_HUMAN:sp|O95180|CAC1H_HUMAN:sp|P26045|PTN3_HUMAN:sp|Q9H1V8|S6A17_HUMAN:sp|Q6ZMT9|DTHD1_HUMAN:sp|Q8TEL6|TP4AP_HUMAN:sp|Q8WXG6|MADD_HUMAN:sp|Q58DX5|NADL2_HUMAN:sp|Q9P2K5|MYEF2_HUMAN:sp|Q02127|PYRD_HUMAN:sp|Q8WWQ8|STAB2_HUMAN:sp|P28066|PSA5_HUMAN:sp|P32242|OTX1_HUMAN:sp|Q7Z7M0|MEGF8_HUMAN:sp|O15014|ZN609_HUMAN:sp|P42575|CASP2_HUMAN:sp|O43497|CAC1G_HUMAN:sp|P20142|PEPC_HUMAN:sp|Q14934|NFAC4_HUMAN:sp|P35658|NU214_HUMAN:sp|Q86UW1|OSTA_HUMAN:sp|Q01201|RELB_HUMAN:sp|Q96AE7|TTC17_HUMAN:sp|P12236|ADT3_HUMAN:sp|Q04695|K1C17_HUMAN:sp|Q9NQ69|LHX9_HUMAN:sp|P0DUB6|AMY1A_HUMAN:sp|P05141|ADT2_HUMAN:sp|P19961|AMY2B_HUMAN:sp|Q9NRH2|SNRK_HUMAN:sp|O43295|SRGP3_HUMAN:sp|O60664|PLIN3_HUMAN:sp|Q8TCC7|S22A8_HUMAN:sp|Q8TER5|ARH40_HUMAN,DeepNovo
S(+42.01)ASSEL,16.12,634.2810,6,66.7,6,3.1,635.29022,1,37.7896,-4.5104,0.50,14498,HFX193_IPP292_GEL_CRC_324_Odd.raw,3.67E5,3.08E6,1,1,1,1,"Acetylation (N-term)",,0 0 6 6 43 5,S(+42.01)ASSEL,sp|Q63HR2|TENS2_HUMAN:sp|Q8N1G2|CMTR1_HUMAN:sp|Q63HN8|RN213_HUMAN:sp|Q5T6S3|PHF19_HUMAN,DB Search
S(+42.01)ATHPDLTRL,28.88,1151.5935,10,60.0,10,1.7,576.80499,2,67.3361,0.0361,0.83,26387,HFX193_IPP292_GEL_CRC_324_Even.raw,1.06E5,7.33E5,1,1,1,1,"Acetylation (N-term)",,0 0 0 0 13 13 4 2 2 5,S(+42.01)ATHPDLTRL,sp|P31641|SC6A6_HUMAN:sp|Q2M1Z3|RHG31_HUMAN:sp|P42694|HELZ_HUMAN:sp|P04234|CD3D_HUMAN:sp|Q8TEU7|RPGF6_HUMAN:sp|Q14204|DYHC1_HUMAN:sp|A6NI79|CCD69_HUMAN:sp|Q7Z7M0|MEGF8_HUMAN:sp|O75626|PRDM1_HUMAN:sp|Q9H892|TTC12_HUMAN:sp|Q86Z14|KLOTB_HUMAN:sp|Q711Q0|CEFIP_HUMAN:sp|P09017|HXC4_HUMAN:sp|Q86TB3|ALPK2_HUMAN:sp|O95789|ZMYM6_HUMAN:sp|Q9HCE6|ARGAL_HUMAN:sp|Q8TD19|NEK9_HUMAN:sp|P43080|GUC1A_HUMAN:sp|Q9ULK5|VANG2_HUMAN:sp|Q2TB18|ASTE1_HUMAN:sp|Q3SYG4|PTHB1_HUMAN:sp|Q63HR2|TENS2_HUMAN:sp|Q9NWQ8|PHAG1_HUMAN:sp|Q569K6|CC157_HUMAN:sp|Q4G0X9|CCD40_HUMAN:sp|Q5TGY3|AHDC1_HUMAN:sp|Q6P2E9|EDC4_HUMAN:sp|Q6PFW1|VIP1_HUMAN:sp|P60228|EIF3E_HUMAN:sp|P98088|MUC5A_HUMAN:sp|Q99456|K1C12_HUMAN:sp|Q5XKE5|K2C79_HUMAN:sp|C9J302|CD051_HUMAN:sp|P24928|RPB1_HUMAN:sp|Q9H5V8|CDCP1_HUMAN:sp|Q7L775|EPMIP_HUMAN:sp|Q9H5I5|PIEZ2_HUMAN:sp|O15013|ARHGA_HUMAN:sp|P29597|TYK2_HUMAN:sp|Q66K14|TBC9B_HUMAN:sp|Q9P2P5|HECW2_HUMAN:sp|Q9BRR6|ADPGK_HUMAN:sp|Q9H2S5|RNF39_HUMAN:sp|Q6ZQR2|CFA77_HUMAN:sp|Q96KP4|CNDP2_HUMAN,DeepNovo
S(+42.01)ATLRKAL,32.49,900.5392,8,75.0,8,-1.0,451.27646,2,39.5521,-4.3479,0.25,15219,HFX193_IPP292_GEL_CRC_324_Odd.raw,2.12E5,1.54E6,1,1,1,1,"Acetylation (N-term)",,5 0 0 19 3 3 12 5,S(+42.01)ATLRKAL,DOCK3_DEL_C-p.P1852Qfs*45_::chr3:51379673-51380673_frame=2:sp|Q8WZ82|OVCA2_HUMAN:sp|P10746|HEM4_HUMAN:sp|Q9ULM3|YETS2_HUMAN:sp|A2RU30|TESP1_HUMAN:sp|Q12772|SRBP2_HUMAN:sp|Q14129|DGCR6_HUMAN:sp|P28676|GRAN_HUMAN:sp|Q96C03|MID49_HUMAN:sp|Q9H254|SPTN4_HUMAN:sp|Q9Y233|PDE10_HUMAN:sp|Q5TDP6|LGSN_HUMAN:sp|Q96RD0|OR8B2_HUMAN:sp|O75382|TRIM3_HUMAN:sp|Q8NA58|PNDC1_HUMAN:sp|Q6PJG2|MDEAS_HUMAN:sp|Q99645|EPYC_HUMAN:sp|Q9NQ36|SCUB2_HUMAN:sp|P09913|IFIT2_HUMAN:sp|Q8N398|VW5B2_HUMAN:sp|Q8N7X0|ADGB_HUMAN:sp|Q7RTX1|TS1R1_HUMAN:sp|Q9BQE5|APOL2_HUMAN:sp|Q8NE31|FA13C_HUMAN:sp|A6NHC0|CAN8_HUMAN:sp|Q92523|CPT1B_HUMAN:sp|Q86YF9|DZIP1_HUMAN:sp|O00206|TLR4_HUMAN:sp|Q8IZ40|RCOR2_HUMAN:sp|P21580|TNAP3_HUMAN:sp|O95405|ZFYV9_HUMAN:sp|P21359|NF1_HUMAN:sp|Q6GQQ9|OTU7B_HUMAN:sp|Q7Z2Y5|NRK_HUMAN:sp|P0DN82|O12D1_HUMAN:sp|P50336|PPOX_HUMAN:sp|Q7Z736|PKHH3_HUMAN:sp|Q6AWC2|WWC2_HUMAN:sp|Q92793|CBP_HUMAN:sp|Q13572|ITPK1_HUMAN:sp|Q9Y618|NCOR2_HUMAN:sp|O14732|IMPA2_HUMAN:sp|P04798|CP1A1_HUMAN:sp|Q70J99|UN13D_HUMAN:sp|P10745|RET3_HUMAN:sp|Q9UGI0|ZRAN1_HUMAN:sp|Q04656|ATP7A_HUMAN:sp|Q8NER5|ACV1C_HUMAN:sp|O94806|KPCD3_HUMAN:sp|Q6ZS81|WDFY4_HUMAN:sp|Q9ULD8|KCNH3_HUMAN:sp|Q86UV5|UBP48_HUMAN:sp|Q96F44|TRI11_HUMAN:sp|Q14008|CKAP5_HUMAN:sp|Q6ZMV5|P4R3C_HUMAN:sp|Q96MI9|CBPC4_HUMAN:sp|Q13671|RIN1_HUMAN:sp|O75376|NCOR1_HUMAN:sp|Q8NGI7|O10V1_HUMAN:sp|P0C869|PA24B_HUMAN:sp|Q86T65|DAAM2_HUMAN:sp|Q9P2M7|CING_HUMAN:sp|Q01970|PLCB3_HUMAN:sp|Q9Y4I1|MYO5A_HUMAN:sp|O60391|NMD3B_HUMAN:sp|Q5VU43|MYOME_HUMAN:sp|O95235|KI20A_HUMAN:sp|A8TX70|CO6A5_HUMAN:sp|O43143|DHX15_HUMAN:sp|Q9BY66|KDM5D_HUMAN:sp|O94906|PRP6_HUMAN:sp|Q8IVH2|FOXP4_HUMAN:sp|A6NKF1|SAC31_HUMAN:sp|Q9GZQ6|NPFF1_HUMAN:sp|Q9C0J1|B3GN4_HUMAN:sp|Q9BZL6|KPCD2_HUMAN:sp|O15321|TM9S1_HUMAN:sp|A8K8P3|SFI1_HUMAN:sp|Q9ULL1|PKHG1_HUMAN:sp|Q9UPU5|UBP24_HUMAN:sp|P42680|TEC_HUMAN:sp|H7BZ55|CRCC2_HUMAN:sp|A6NES4|MRO2A_HUMAN:sp|O60645|EXOC3_HUMAN:sp|Q3ZCT8|KBTBC_HUMAN:sp|Q13426|XRCC4_HUMAN:sp|O00231|PSD11_HUMAN:sp|Q8TE82|S3TC1_HUMAN:sp|Q96DR4|STAR4_HUMAN:sp|Q68DK2|ZFY26_HUMAN:sp|Q5VYY1|ANR22_HUMAN:sp|Q7L576|CYFP1_HUMAN:sp|Q8TE49|OTU7A_HUMAN:sp|Q13724|MOGS_HUMAN:sp|Q14204|DYHC1_HUMAN:sp|Q96HA4|CA159_HUMAN:sp|Q9Y5E3|PCDB6_HUMAN:sp|Q02156|KPCE_HUMAN:sp|Q8TBP0|TBC16_HUMAN:sp|Q9BWP8|COL11_HUMAN:sp|Q9Y2I1|NISCH_HUMAN:sp|Q6ZN54|DEFI8_HUMAN:sp|Q8TF17|S3TC2_HUMAN:sp|Q53GL7|PAR10_HUMAN:sp|P12755|SKI_HUMAN:sp|Q96AE7|TTC17_HUMAN:sp|P52209|6PGD_HUMAN:sp|Q8IVS8|GLCTK_HUMAN:sp|Q92482|AQP3_HUMAN:sp|P29590|PML_HUMAN:sp|Q8WWW0|RASF5_HUMAN:sp|O95153|RIMB1_HUMAN:sp|P10155|RO60_HUMAN:sp|Q99962|SH3G2_HUMAN:sp|Q13459|MYO9B_HUMAN:sp|P52789|HXK2_HUMAN:sp|Q9BYK8|HELZ2_HUMAN:sp|P40616|ARL1_HUMAN:sp|Q09472|EP300_HUMAN:sp|P13671|CO6_HUMAN,DeepNovo
S(+42.01)AVKKHLL,40.34,936.5756,8,100.0,8,0.4,469.29526,2,28.0363,8.4363,0.47,10509,HFX193_IPP292_GEL_CRC_324_Even.raw,4.9E5,5.52E6,1,1,1,1,"Acetylation (N-term)",,5 13 17 9 9 11 7 5,S(+42.01)AVKKHLL,sp|Q9ULD5|ZN777_HUMAN:sp|Q8NEQ5|CA162_HUMAN:sp|Q9H8W4|PKHF2_HUMAN:sp|Q8WWZ7|ABCA5_HUMAN:sp|O14730|RIOK3_HUMAN:sp|Q6NW29|RWDD4_HUMAN:sp|Q9GZR7|DDX24_HUMAN:sp|Q5D0E6|DALD3_HUMAN:sp|P20929|NEBU_HUMAN:sp|C9JQI7|TM232_HUMAN:sp|Q13029|PRDM2_HUMAN:sp|B2RU33|POTEC_HUMAN:sp|Q9Y4A5|TRRAP_HUMAN:sp|Q562E7|WDR81_HUMAN:sp|Q9H254|SPTN4_HUMAN:sp|Q00872|MYPC1_HUMAN:sp|Q08050|FOXM1_HUMAN:sp|Q13018|PLA2R_HUMAN:sp|Q9UL54|TAOK2_HUMAN:sp|P08476|INHBA_HUMAN:sp|Q9Y3Q0|NALD2_HUMAN:sp|O43749|OR1F1_HUMAN:sp|Q14185|DOCK1_HUMAN:sp|Q9UNQ2|DIM1_HUMAN:sp|Q9HCJ0|TNR6C_HUMAN:sp|O60346|PHLP1_HUMAN:sp|Q53TS8|CTSRT_HUMAN:sp|Q17RC7|EX3L4_HUMAN:sp|Q9H2A7|CXL16_HUMAN:sp|P63133|POK8_HUMAN:sp|A6NKD9|CC85C_HUMAN:sp|Q5TZA2|CROCC_HUMAN:sp|Q9BQW3|COE4_HUMAN:sp|Q8WYN0|ATG4A_HUMAN:sp|Q9UQG0|POK11_HUMAN:sp|Q96ST3|SIN3A_HUMAN:sp|P51587|BRCA2_HUMAN:sp|Q9NW08|RPC2_HUMAN:sp|Q6YHU6|THADA_HUMAN:sp|Q96K83|ZN521_HUMAN:sp|O60281|ZN292_HUMAN:sp|Q9H082|RB33B_HUMAN:sp|Q92574|TSC1_HUMAN:sp|Q9UKL4|CXD2_HUMAN:sp|P20333|TNR1B_HUMAN:sp|Q8IWZ8|SUGP1_HUMAN:sp|Q9H4E5|RHOJ_HUMAN:sp|Q16513|PKN2_HUMAN:sp|Q9H4W6|COE3_HUMAN:sp|Q8N9R8|SCAI_HUMAN:sp|Q9BYW2|SETD2_HUMAN:sp|Q9H0B6|KLC2_HUMAN:sp|Q9BX84|TRPM6_HUMAN:sp|Q8N7F7|UBL4B_HUMAN:sp|Q01433|AMPD2_HUMAN:sp|Q2M1K9|ZN423_HUMAN:sp|Q8N323|NXPE1_HUMAN:sp|Q8N960|CE120_HUMAN:sp|Q8IUA7|ABCA9_HUMAN:sp|Q86UQ4|ABCAD_HUMAN:sp|Q9BPX3|CND3_HUMAN:sp|Q5K131|CLLU1_HUMAN:sp|Q9NUQ3|TXLNG_HUMAN:sp|P23378|GCSP_HUMAN:sp|Q96EK2|PF21B_HUMAN:sp|Q9Y2I6|NINL_HUMAN:sp|P11047|LAMC1_HUMAN:sp|Q4KMG0|CDON_HUMAN:sp|P14859|PO2F1_HUMAN:sp|Q9Y4I1|MYO5A_HUMAN:sp|Q15619|OR1C1_HUMAN:sp|Q8WZ42|TITIN_HUMAN:sp|P36542|ATPG_HUMAN:sp|Q8IVH2|FOXP4_HUMAN:sp|Q8TC44|POC1B_HUMAN:sp|A0A0A6YYL3|POTEB_HUMAN:sp|P23109|AMPD1_HUMAN:sp|P0DI82|TPC2B_HUMAN:sp|Q9NRC6|SPTN5_HUMAN:sp|Q9NV70|EXOC1_HUMAN:sp|O75147|OBSL1_HUMAN:sp|Q9BXR3|POK6_HUMAN:sp|Q5GAN6|RNS10_HUMAN:sp|O60890|OPHN1_HUMAN:sp|Q6ZU65|UBN2_HUMAN:sp|Q537H7|SPT45_HUMAN:sp|Q96GA7|SDSL_HUMAN:sp|Q68DK2|ZFY26_HUMAN:sp|Q16706|MA2A1_HUMAN:sp|O95258|UCP5_HUMAN:sp|Q5BKZ1|ZN326_HUMAN:sp|Q9H204|MED28_HUMAN:sp|Q96PU4|UHRF2_HUMAN:sp|O95625|ZBT11_HUMAN:sp|Q96F81|DISP1_HUMAN:sp|Q709F0|ACD11_HUMAN:sp|Q9P267|MBD5_HUMAN:sp|Q63HN8|RN213_HUMAN:sp|Q9UKT6|FXL21_HUMAN:sp|Q96AE7|TTC17_HUMAN:sp|Q15911|ZFHX3_HUMAN:sp|Q92585|MAML1_HUMAN:sp|O15259|NPHP1_HUMAN:sp|Q92800|EZH1_HUMAN:sp|O43379|WDR62_HUMAN:sp|P0DI81|TPC2A_HUMAN:RPL22_DEL_T-p.K15Rfs*5_::chr1:6197225-6198225_frame=-2:sp|Q9NQ90|ANO2_HUMAN:sp|Q16206|ENOX2_HUMAN:sp|H3BUK9|POTB2_HUMAN:sp|Q8N3R3|TCAIM_HUMAN:sp|Q9NXP7|GIN1_HUMAN:sp|Q9Y6V0|PCLO_HUMAN:sp|Q4W5G0|TIGD2_HUMAN:sp|Q9UNF0|PACN2_HUMAN:sp|Q69YI7|NAIF1_HUMAN:sp|Q9ULU4|ZMYD8_HUMAN:sp|Q8IZT6|ASPM_HUMAN:sp|P13611|CSPG2_HUMAN:sp|Q86YA3|ZGRF1_HUMAN,DeepNovo
S(+42.01)AYTKLHRL,22.35,1129.6244,9,55.6,9,1.0,377.54910,3,33.6013,-2.8987,0.60,12794,HFX193_IPP292_GEL_CRC_324_Odd.raw,1.27E6,8.82E6,1,1,1,1,"Acetylation (N-term)",,0 0 1 0 24 21 5 2 2,S(+42.01)AYTKLHRL,sp|Q9H871|RMD5A_HUMAN:sp|Q9BU02|THTPA_HUMAN:sp|Q9Y6J9|TAF6L_HUMAN:sp|P59046|NAL12_HUMAN:sp|P46939|UTRN_HUMAN:sp|Q8N6G6|ATL1_HUMAN:sp|Q8WXI2|CNKR2_HUMAN:sp|Q96JH8|RADIL_HUMAN:sp|Q9H668|STN1_HUMAN:sp|Q8NFI3|ENASE_HUMAN:sp|Q9NVX7|KBTB4_HUMAN:sp|Q9BZE4|GTPB4_HUMAN:sp|Q494U1|PKHN1_HUMAN:sp|Q8IYX8|CE57L_HUMAN:sp|Q8WZ42|TITIN_HUMAN:sp|Q9P0Z9|SOX_HUMAN:sp|Q96G75|RMD5B_HUMAN:sp|P46721|SO1A2_HUMAN:sp|Q9UBP9|GULP1_HUMAN:sp|Q9BWU0|NADAP_HUMAN:sp|Q9NYK5|RM39_HUMAN:sp|Q9BTA0|F167B_HUMAN:sp|P61221|ABCE1_HUMAN:sp|Q6P3X8|PGBD2_HUMAN:sp|Q86WG5|MTMRD_HUMAN:sp|O15534|PER1_HUMAN:sp|Q14197|ICT1_HUMAN:sp|P59510|ATS20_HUMAN:sp|P22223|CADH3_HUMAN:sp|P11532|DMD_HUMAN:sp|P54619|AAKG1_HUMAN:sp|Q9BVS4|RIOK2_HUMAN:sp|Q9P2U7|VGLU1_HUMAN:sp|Q9GZT5|WN10A_HUMAN:sp|Q03001|DYST_HUMAN:sp|Q9NQ89|CL004_HUMAN:sp|O15055|PER2_HUMAN:sp|Q9UGJ0|AAKG2_HUMAN,DeepNovo
S(+42.01)C(+119.00)GGHLKDKHLL,60.73,1467.6962,12,66.7,12,3.7,490.24115,3,32.3620,12.3620,0.20,12314,HFX193_IPP292_GEL_CRC_324_Odd.raw,3.95E5,3.3E6,1,1,1,1,"Acetylation (N-term);Cysteinylation",,5 0 0 0 0 52 15 11 11 12 4 4,S(+42.01)C(+119.00)GGHLKDKHLL,sp|Q6P1K8|T2H2L_HUMAN:sp|Q9UBR4|LHX3_HUMAN:sp|Q9BZP6|CHIA_HUMAN:sp|B1APH4|ZN487_HUMAN:sp|P46939|UTRN_HUMAN:sp|Q14515|SPRL1_HUMAN:ESRP1_DEL_A-p.N512Tfs*2_::chr8:94673883-94674883_frame=2:sp|Q5D1E8|ZC12A_HUMAN:sp|Q0VFZ6|CF210_HUMAN:sp|Q8TD84|DSCL1_HUMAN:sp|Q53ET0|CRTC2_HUMAN:sp|Q9UKN8|TF3C4_HUMAN:sp|Q92918|M4K1_HUMAN:sp|Q8N752|KC1AL_HUMAN:sp|Q4KMQ1|TPRN_HUMAN:sp|Q96M63|ODAD1_HUMAN:sp|A8TX70|CO6A5_HUMAN:sp|O95714|HERC2_HUMAN:sp|O14936|CSKP_HUMAN:sp|Q9H2D1|MFTC_HUMAN:sp|Q15034|HERC3_HUMAN:sp|Q8IYM0|F186B_HUMAN:sp|O94880|PHF14_HUMAN:sp|P51532|SMCA4_HUMAN:sp|Q92835|SHIP1_HUMAN:sp|Q7Z3F1|GP155_HUMAN:sp|Q9Y334|VWA7_HUMAN:sp|Q8NB66|UN13C_HUMAN:sp|Q9UDR5|AASS_HUMAN:sp|Q92754|AP2C_HUMAN:sp|Q8NGK2|O52B4_HUMAN:sp|O15123|ANGP2_HUMAN:sp|Q15849|UT2_HUMAN:sp|Q68CR1|SE1L3_HUMAN:sp|Q68CP9|ARID2_HUMAN:sp|Q9Y3D9|RT23_HUMAN:sp|Q01082|SPTB2_HUMAN:sp|P62258|1433E_HUMAN:sp|A4D1E1|Z804B_HUMAN:sp|Q8N1P7|CRBG2_HUMAN:sp|Q92574|TSC1_HUMAN:sp|Q86UK0|ABCAC_HUMAN:sp|Q5T1N1|AKND1_HUMAN:sp|Q8NI77|KI18A_HUMAN:sp|Q6UB99|ANR11_HUMAN:sp|O14782|KIF3C_HUMAN:sp|Q9Y224|RTRAF_HUMAN:sp|P51531|SMCA2_HUMAN:sp|B2RXH4|BTBDI_HUMAN:sp|Q9Y2H8|ZN510_HUMAN:sp|Q13888|TF2H2_HUMAN:sp|Q8WV60|PTCD2_HUMAN:sp|Q9Y3S1|WNK2_HUMAN:sp|Q6NUP7|PP4R4_HUMAN:sp|Q8TDW7|FAT3_HUMAN:sp|Q5SXH7|PKHS1_HUMAN:sp|A0A0B4J249|TVA5_HUMAN:sp|O15357|SHIP2_HUMAN:sp|P16949|STMN1_HUMAN:sp|Q8N1G0|ZN687_HUMAN:sp|Q9BZ29|DOCK9_HUMAN:sp|Q8IY18|SMC5_HUMAN:sp|Q9HCZ1|ZN334_HUMAN:sp|Q49A17|GLTL6_HUMAN:sp|Q14517|FAT1_HUMAN:sp|P34998|CRFR1_HUMAN,DeepNovo
S(+42.01)C(+119.00)VTHGAGL,73.87,1004.4055,9,77.8,9,1.4,503.21072,2,31.7975,-11.1025,0.52,12039,HFX193_IPP292_GEL_CRC_324_Odd.raw,4.27E6,2.82E7,2,2,2,2,"Acetylation (N-term);Cysteinylation",,5 5 60 33 17 0 0 21 5,S(+42.01)C(+119.00)VTHGAGL,sp|Q8NBP7|PCSK9_HUMAN:sp|O14773|TPP1_HUMAN:sp|P23467|PTPRB_HUMAN:sp|P08183|MDR1_HUMAN:sp|P78524|DEN2B_HUMAN:sp|O15015|ZN646_HUMAN:sp|Q7Z7G8|VP13B_HUMAN:sp|Q9H9Z2|LN28A_HUMAN:sp|Q92824|PCSK5_HUMAN:sp|Q96DL1|NXPE2_HUMAN:sp|Q8IWZ3|ANKH1_HUMAN:sp|Q5NDL2|EOGT_HUMAN:sp|Q8WTW3|COG1_HUMAN:sp|O14786|NRP1_HUMAN:sp|Q9UL54|TAOK2_HUMAN:sp|Q8IYG6|LRC56_HUMAN:sp|Q9NWY4|HPF1_HUMAN:sp|Q6P2E9|EDC4_HUMAN:sp|P48634|PRC2A_HUMAN:sp|Q96FZ5|CKLF7_HUMAN:sp|Q7RTX1|TS1R1_HUMAN:sp|Q6DD87|ZN787_HUMAN:sp|O75173|ATS4_HUMAN:sp|Q9NYQ8|FAT2_HUMAN,DeepNovo
S(+42.01)DFKRM(+15.99)TAL,41.78,1125.5488,9,55.6,9,1.6,563.78259,2,46.0558,6.2558,0.36,17840,HFX193_IPP292_GEL_CRC_324_Even.raw,2.34E7,7.33E7,2,2,2,2,"Acetylation (N-term);Oxidation (M)",,0 0 5 5 3 0 0 5 5,S(+42.01)DFKRM(+15.99)TAL,,DeepNovo
S(+42.01)DGGVAFR,39.97,849.3981,8,75.0,8,1.2,425.70682,2,37.8258,-12.5742,0.42,14503,HFX193_IPP292_GEL_CRC_324_Even.raw,9.56E5,6.62E6,1,1,1,1,"Acetylation (N-term)",,3 3 0 0 79 29 24 5,S(+42.01)DGGVAFR,sp|P08727|K1C19_HUMAN:sp|O15050|TRNK1_HUMAN:sp|Q96BD6|SPSB1_HUMAN:sp|Q96A44|SPSB4_HUMAN:sp|P0C2W1|FBSP1_HUMAN:sp|P49190|PTH2R_HUMAN,DeepNovo
S(+42.01)DGRHLTL,37.96,939.4774,8,50.0,8,0.4,470.74615,2,38.2387,-10.9613,0.72,14669,HFX193_IPP292_GEL_CRC_324_Even.raw,1.34E6,1.1E7,2,2,2,2,"Acetylation (N-term)",,0 0 0 0 2 12 11 5,S(+42.01)DGRHLTL,,DeepNovo
S(+42.01)DHVRTEL,42.24,997.4828,8,75.0,8,1.8,499.74960,2,35.0376,4.5376,0.43,13344,HFX193_IPP292_GEL_CRC_324_Even.raw,4.7E6,3E7,1,1,1,1,"Acetylation (N-term)",,1 1 43 20 3 4 4 5,S(+42.01)DHVRTEL,sp|Q9HBF4|ZFYV1_HUMAN:sp|O43283|M3K13_HUMAN:sp|Q07890|SOS2_HUMAN:sp|P42858|HD_HUMAN:sp|Q9NPC3|CIP1_HUMAN:sp|O00159|MYO1C_HUMAN:sp|Q02643|GHRHR_HUMAN:sp|Q6PXP3|GTR7_HUMAN:sp|Q9BZQ8|NIBA1_HUMAN:sp|P07204|TRBM_HUMAN:sp|P35579|MYH9_HUMAN:sp|Q9P1A2|PP4RL_HUMAN:sp|Q16566|KCC4_HUMAN:sp|Q6UXB4|CLC4G_HUMAN:sp|P62745|RHOB_HUMAN:sp|Q15935|ZNF77_HUMAN:sp|Q8TF17|S3TC2_HUMAN:sp|Q9H313|TTYH1_HUMAN:sp|Q9Y6X8|ZHX2_HUMAN:sp|Q5UIP0|RIF1_HUMAN,DeepNovo
S(+42.01)DKLERVAK,34.11,1086.6033,9,55.6,9,1.6,544.30981,2,27.8807,18.0807,0.81,10444,HFX193_IPP292_GEL_CRC_324_Even.raw,2.94E7,1.85E8,4,4,4,4,"Acetylation (N-term)",,1 1 1 5 4 1 2 3 5,S(+42.01)DKLERVAK,tr|A0A1W2PRN1|A0A1W2PRN1_HUMAN:sp|Q6JQN1|ACD10_HUMAN:sp|Q13395|TARB1_HUMAN:sp|Q96NL6|SCLT1_HUMAN:sp|P46939|UTRN_HUMAN:sp|Q15413|RYR3_HUMAN:sp|H3BPF8|GOG8S_HUMAN:sp|P35968|VGFR2_HUMAN:sp|Q18PE1|DOK7_HUMAN:sp|H3BV12|GOG8Q_HUMAN:sp|A7E2F4|GOG8A_HUMAN:sp|Q7Z410|TMPS9_HUMAN:sp|Q6P158|DHX57_HUMAN:sp|Q8N6Q8|MET25_HUMAN:sp|Q9H0J9|PAR12_HUMAN:sp|Q9NV06|DCA13_HUMAN:sp|Q6N069|NAA16_HUMAN:sp|Q8WZ42|TITIN_HUMAN:sp|A6NMD2|GOG8J_HUMAN:sp|Q15050|RRS1_HUMAN:sp|Q86VI1|EX3L1_HUMAN:sp|O15020|SPTN2_HUMAN:sp|Q0D2H9|GOG8D_HUMAN:sp|Q9UK96|FBX10_HUMAN:sp|Q15061|WDR43_HUMAN:sp|F8WBI6|GOG8N_HUMAN:sp|Q6EMK4|VASN_HUMAN:sp|O43390|HNRPR_HUMAN:sp|Q9NY33|DPP3_HUMAN:sp|Q13523|PRP4B_HUMAN:sp|Q5VUG0|SMBT2_HUMAN:sp|Q08AF8|GOG8F_HUMAN:sp|Q13610|PWP1_HUMAN:sp|Q96DX7|TRI44_HUMAN:sp|Q9NYB9|ABI2_HUMAN:sp|O95208|EPN2_HUMAN:sp|Q9UPN4|CP131_HUMAN:sp|Q8NAF0|ZN579_HUMAN:sp|P04196|HRG_HUMAN:sp|Q96RI9|TAAR9_HUMAN:sp|Q9BQC3|DPH2_HUMAN:sp|Q5TB30|DEP1A_HUMAN:sp|Q8NDG6|TDRD9_HUMAN:sp|Q9BXX0|EMIL2_HUMAN:sp|Q96BK5|PINX1_HUMAN:sp|Q8N6T7|SIR6_HUMAN:sp|Q66K64|DCA15_HUMAN:sp|Q9BV20|MTNA_HUMAN:sp|Q6ZMV9|KIF6_HUMAN:sp|Q6ZNJ1|NBEL2_HUMAN:sp|P0CJ92|GOG8H_HUMAN:sp|Q7L523|RRAGA_HUMAN:sp|Q8N434|SVOPL_HUMAN:sp|Q5VZM2|RRAGB_HUMAN:sp|Q9BZH6|WDR11_HUMAN:sp|O60506|HNRPQ_HUMAN:sp|Q9UFE4|CCD39_HUMAN:sp|Q8NDA2|HMCN2_HUMAN:sp|Q8TE76|MORC4_HUMAN:sp|Q9BYN8|RT26_HUMAN:sp|Q9H7P9|PKHG2_HUMAN:sp|Q16363|LAMA4_HUMAN:sp|O60716|CTND1_HUMAN:sp|P46782|RS5_HUMAN:sp|Q8NAV1|PR38A_HUMAN:sp|Q14980|NUMA1_HUMAN:sp|A8MQT2|GOG8B_HUMAN:sp|P15538|C11B1_HUMAN:sp|A6NCC3|GOG8O_HUMAN:sp|A6NC78|GOG8I_HUMAN:sp|I6L899|GOG8R_HUMAN:sp|Q15375|EPHA7_HUMAN:sp|Q13158|FADD_HUMAN:sp|Q5VYK3|ECM29_HUMAN:sp|Q9BU70|TRMO_HUMAN:sp|Q9BX10|GTPB2_HUMAN:sp|Q3B820|F161A_HUMAN:sp|Q9P272|TRM9B_HUMAN:sp|Q9NPE6|SPAG4_HUMAN:sp|Q9Y597|KCTD3_HUMAN:sp|H3BSY2|GOG8M_HUMAN:sp|Q9UHB4|NDOR1_HUMAN:sp|Q9BX97|PLVAP_HUMAN:sp|A6NN73|GOG8C_HUMAN:sp|Q2LD37|BLTP1_HUMAN:sp|Q3B7T1|EDRF1_HUMAN:sp|O75145|LIPA3_HUMAN:sp|Q10471|GALT2_HUMAN:sp|A8MXD5|GRCR1_HUMAN:sp|Q9H0M0|WWP1_HUMAN:sp|Q9UJQ7|SCP2D_HUMAN:sp|Q15149|PLEC_HUMAN,DeepNovo
S(+42.01)DKLLLR,28.69,885.5283,7,42.9,7,1.5,443.77213,2,46.8341,-14.9659,0.72,18175,HFX193_IPP292_GEL_CRC_324_Even.raw,2.61E5,1.7E6,1,1,1,1,"Acetylation (N-term)",,0 0 13 10 3 1 1,S(+42.01)DKLLLR,sp|Q9UKF6|CPSF3_HUMAN,DB Search
S(+42.01)DLERVA,28.81,830.4134,7,100.0,7,1.2,416.21448,2,39.7328,-16.0672,0.81,15283,HFX193_IPP292_GEL_CRC_324_Even.raw,8.54E5,5.62E6,1,1,1,1,"Acetylation (N-term)",,2 2 50 18 3 3 5,S(+42.01)DLERVA,tr|A0A1W2PRN1|A0A1W2PRN1_HUMAN:sp|Q13395|TARB1_HUMAN:sp|H3BPF8|GOG8S_HUMAN:sp|P35968|VGFR2_HUMAN:sp|H3BV12|GOG8Q_HUMAN:sp|Q8HWS3|RFX6_HUMAN:sp|A7E2F4|GOG8A_HUMAN:sp|Q7Z410|TMPS9_HUMAN:sp|Q96BJ8|ELMO3_HUMAN:sp|Q9H3S1|SEM4A_HUMAN:sp|Q8N6Q8|MET25_HUMAN:sp|Q13838|DX39B_HUMAN:sp|Q8IWT3|CUL9_HUMAN:sp|A6NMD2|GOG8J_HUMAN:sp|Q0D2H9|GOG8D_HUMAN:sp|Q15061|WDR43_HUMAN:sp|F8WBI6|GOG8N_HUMAN:sp|Q92561|PHYIP_HUMAN:sp|Q13523|PRP4B_HUMAN:sp|Q08AF8|GOG8F_HUMAN:sp|Q9NYB9|ABI2_HUMAN:sp|Q8NBH2|KY_HUMAN:sp|Q8NAF0|ZN579_HUMAN:sp|P04196|HRG_HUMAN:sp|Q9BQC3|DPH2_HUMAN:sp|Q5TB30|DEP1A_HUMAN:sp|Q9BXX0|EMIL2_HUMAN:sp|Q68CJ6|SLIP_HUMAN:sp|Q9BV20|MTNA_HUMAN:sp|Q8NAA5|LR75A_HUMAN:sp|Q6ZNJ1|NBEL2_HUMAN:sp|P0CJ92|GOG8H_HUMAN:sp|Q8N434|SVOPL_HUMAN:sp|Q8NDA2|HMCN2_HUMAN:sp|P00492|HPRT_HUMAN:sp|Q9H7P9|PKHG2_HUMAN:sp|P46782|RS5_HUMAN:sp|Q99502|EYA1_HUMAN:sp|P26010|ITB7_HUMAN:sp|A8MQT2|GOG8B_HUMAN:sp|P15538|C11B1_HUMAN:sp|A6NCC3|GOG8O_HUMAN:sp|Q9H9C1|SPE39_HUMAN:sp|A6NC78|GOG8I_HUMAN:sp|O00148|DX39A_HUMAN:sp|Q9NX55|HYPK_HUMAN:sp|I6L899|GOG8R_HUMAN:sp|Q9P0U4|CXXC1_HUMAN:sp|Q2M3G4|SHRM1_HUMAN:sp|Q9Y597|KCTD3_HUMAN:sp|Q6NT76|HMBX1_HUMAN:sp|H3BSY2|GOG8M_HUMAN:sp|O95677|EYA4_HUMAN:sp|Q9BX97|PLVAP_HUMAN:sp|Q6IE81|JADE1_HUMAN:sp|A6NN73|GOG8C_HUMAN:sp|Q92613|JADE3_HUMAN:sp|Q3B7T1|EDRF1_HUMAN:sp|O75145|LIPA3_HUMAN:sp|Q10471|GALT2_HUMAN:sp|P54252|ATX3_HUMAN:sp|Q9NQC1|JADE2_HUMAN:sp|Q14807|KIF22_HUMAN,DeepNovo
S(+42.01)DLERVAK,49.11,958.5084,8,75.0,8,1.5,480.26218,2,32.0948,1.2948,0.68,12164,HFX193_IPP292_GEL_CRC_324_Even.raw,7.83E6,5.39E7,2,2,2,2,"Acetylation (N-term)",,0 0 35 12 2 7 12 5,S(+42.01)DLERVAK,sp|Q13395|TARB1_HUMAN:sp|P09493|TPM1_HUMAN:sp|P35968|VGFR2_HUMAN:sp|Q8TD57|DYH3_HUMAN:sp|Q9UGL1|KDM5B_HUMAN:sp|A7E2F4|GOG8A_HUMAN:sp|Q7Z410|TMPS9_HUMAN:sp|Q6P158|DHX57_HUMAN:sp|Q8N6Q8|MET25_HUMAN:sp|Q13838|DX39B_HUMAN:sp|Q9Y6J0|CABIN_HUMAN:sp|P11488|GNAT1_HUMAN:sp|Q15050|RRS1_HUMAN:sp|Q15386|UBE3C_HUMAN:sp|O15020|SPTN2_HUMAN:sp|Q92561|PHYIP_HUMAN:sp|Q08AF8|GOG8F_HUMAN:sp|Q9NYB9|ABI2_HUMAN:sp|O95208|EPN2_HUMAN:sp|Q8NBH2|KY_HUMAN:sp|Q8NAF0|ZN579_HUMAN:sp|P04196|HRG_HUMAN:sp|P01258|CALC_HUMAN:sp|Q9BW71|HIRP3_HUMAN:sp|Q5TB30|DEP1A_HUMAN:sp|Q8NDG6|TDRD9_HUMAN:sp|Q9BXX0|EMIL2_HUMAN:sp|Q68CJ6|SLIP_HUMAN:sp|Q96BK5|PINX1_HUMAN:sp|Q9BV20|MTNA_HUMAN:sp|Q5M775|CYTSB_HUMAN:sp|P0CJ92|GOG8H_HUMAN:sp|Q9H0I9|TKTL2_HUMAN:sp|Q9NPI6|DCP1A_HUMAN:sp|Q8NDA2|HMCN2_HUMAN:sp|Q9Y315|DEOC_HUMAN:sp|Q9H7P9|PKHG2_HUMAN:sp|Q14980|NUMA1_HUMAN:sp|A8MQT2|GOG8B_HUMAN:sp|A6NCC3|GOG8O_HUMAN:sp|Q9H9C1|SPE39_HUMAN:sp|A7MCY6|TBKB1_HUMAN:sp|Q9NX55|HYPK_HUMAN:sp|I6L899|GOG8R_HUMAN:sp|Q3B820|F161A_HUMAN:sp|Q8IYR2|SMYD4_HUMAN:sp|Q9Y597|KCTD3_HUMAN:sp|Q6NT76|HMBX1_HUMAN:sp|O76009|KT33A_HUMAN:sp|O95677|EYA4_HUMAN:sp|A6NN73|GOG8C_HUMAN:sp|Q3B7T1|EDRF1_HUMAN:sp|Q14525|KT33B_HUMAN:sp|Q15149|PLEC_HUMAN:tr|A0A1W2PRN1|A0A1W2PRN1_HUMAN:sp|Q6JQN1|ACD10_HUMAN:sp|H3BPF8|GOG8S_HUMAN:sp|Q18PE1|DOK7_HUMAN:sp|H3BV12|GOG8Q_HUMAN:sp|Q8HWS3|RFX6_HUMAN:sp|Q96BJ8|ELMO3_HUMAN:sp|Q9Y4I1|MYO5A_HUMAN:sp|Q9H3S1|SEM4A_HUMAN:sp|Q8IWT3|CUL9_HUMAN:sp|A6NMD2|GOG8J_HUMAN:sp|Q86VI1|EX3L1_HUMAN:sp|Q0D2H9|GOG8D_HUMAN:sp|Q9UK96|FBX10_HUMAN:sp|Q15061|WDR43_HUMAN:sp|F8WBI6|GOG8N_HUMAN:sp|Q12967|GNDS_HUMAN:sp|Q13523|PRP4B_HUMAN:sp|P29144|TPP2_HUMAN:sp|Q96DX7|TRI44_HUMAN:sp|Q9Y343|SNX24_HUMAN:sp|Q9UPN4|CP131_HUMAN:sp|Q96RI9|TAAR9_HUMAN:sp|Q8NHH9|ATLA2_HUMAN:sp|Q9BQC3|DPH2_HUMAN:sp|Q6ZMV9|KIF6_HUMAN:sp|Q8NAA5|LR75A_HUMAN:sp|Q6ZNJ1|NBEL2_HUMAN:sp|Q8N434|SVOPL_HUMAN:sp|Q8TF30|WHAMM_HUMAN:sp|P00492|HPRT_HUMAN:sp|Q9C030|TRIM6_HUMAN:sp|Q05329|DCE2_HUMAN:sp|P46782|RS5_HUMAN:sp|Q99502|EYA1_HUMAN:sp|P26010|ITB7_HUMAN:sp|P15538|C11B1_HUMAN:sp|A6NC78|GOG8I_HUMAN:sp|O00148|DX39A_HUMAN:sp|Q9P0U4|CXXC1_HUMAN:sp|Q2M3G4|SHRM1_HUMAN:sp|Q9NPE6|SPAG4_HUMAN:sp|Q9ULE4|F184B_HUMAN:sp|H3BSY2|GOG8M_HUMAN:sp|Q9UHB4|NDOR1_HUMAN:sp|Q9BX97|PLVAP_HUMAN:sp|Q6IE81|JADE1_HUMAN:sp|Q92613|JADE3_HUMAN:sp|O75145|LIPA3_HUMAN:sp|Q10471|GALT2_HUMAN:sp|P54252|ATX3_HUMAN:sp|Q6NUP7|PP4R4_HUMAN:sp|Q15323|K1H1_HUMAN:sp|Q9NQC1|JADE2_HUMAN:sp|Q14807|KIF22_HUMAN:sp|Q15036|SNX17_HUMAN:sp|Q96C55|ZN524_HUMAN,DeepNovo
S(+42.01)DLKRDAKL,35.57,1086.6033,9,66.7,9,0.6,363.20859,3,31.2993,6.2993,0.28,11860,HFX193_IPP292_GEL_CRC_324_Even.raw,,,1,1,0,0,"Acetylation (N-term)",,3 3 16 1 0 1 2 2 5,S(+42.01)DLKRDAKL,,DeepNovo
S(+42.01)DLRHGGL,41.84,895.4512,8,75.0,8,0.7,448.73318,2,33.2820,1.0820,0.71,12682,HFX193_IPP292_GEL_CRC_324_Even.raw,1.21E5,1.53E6,1,1,1,1,"Acetylation (N-term)",,0 0 13 6 7 10 5 5,S(+42.01)DLRHGGL,,DeepNovo
S(+42.01)DRVAQ(+0.98)F,26.80,864.3977,7,71.4,7,0.2,433.20624,2,42.7132,-11.5868,0.46,16484,HFX193_IPP292_GEL_CRC_324_Odd.raw,1.66E6,9.48E6,1,1,1,1,"Acetylation (N-term);Deamidation (NQ)",,5 0 0 4 4 9 5,S(+42.01)DRVAQ(+0.98)F,sp|Q9H2M9|RBGPR_HUMAN:sp|P17706|PTN2_HUMAN:sp|Q5SZK8|FREM2_HUMAN,DeepNovo
S(+42.01)DVRRAPL,41.54,954.5247,8,12.5,8,1.6,478.27036,2,33.2820,2.5820,0.79,12650,HFX193_IPP292_GEL_CRC_324_Even.raw,1.01E6,8.24E6,1,1,1,1,"Acetylation (N-term)",,1 1 0 0 0 2 1 1,S(+42.01)DVRRAPL,,DeepNovo
S(+42.01)ETAPAAPAAPAPAEKTPVKKKARK,57.46,2556.4387,25,36.0,25,0.8,640.11749,4,30.3411,25.9411,0.30,11487,HFX193_IPP292_GEL_CRC_324_Even.raw,2.58E5,2.89E6,1,1,1,1,"Acetylation (N-term)",,0 0 2 3 7 7 23 10 10 18 0 0 0 0 0 0 2 0 0 0 0 1 1 0 0,S(+42.01)ETAPAAPAAPAPAEKTPVKKKARK,sp|P10412|H14_HUMAN,DB Search
S(+42.01)EYVKARL,51.23,1006.5447,8,50.0,8,1.1,504.28021,2,34.7822,-21.5177,0.64,13268,HFX193_IPP292_GEL_CRC_324_Even.raw,6.24E5,5.09E6,1,1,1,1,"Acetylation (N-term)",,1 1 38 38 17 1 1 5,S(+42.01)EYVKARL,sp|O75829|CNMD_HUMAN:sp|Q9UPW5|CBPC1_HUMAN:sp|Q15646|OASL_HUMAN:sp|Q8IVL5|P3H2_HUMAN:sp|Q9UPV0|CE164_HUMAN:sp|P02787|TRFE_HUMAN:sp|Q8N5F7|NKAP_HUMAN:sp|P63145|GAK24_HUMAN:sp|Q6Q788|APOA5_HUMAN:sp|Q9UIL4|KIF25_HUMAN:tr|A0A8Q3SIG1|A0A8Q3SIG1_HUMAN:sp|P15382|KCNE1_HUMAN:sp|Q8NF50|DOCK8_HUMAN:sp|Q7L5N1|CSN6_HUMAN:sp|Q6ZMP0|THSD4_HUMAN:sp|Q86WN1|FCSD1_HUMAN:sp|P62684|GA113_HUMAN:sp|Q9NR99|MXRA5_HUMAN:sp|O14863|ZNT4_HUMAN:sp|O95498|VNN2_HUMAN:sp|P63128|POK9_HUMAN:sp|Q96T68|SETB2_HUMAN:sp|P06132|DCUP_HUMAN:sp|O76014|KRT37_HUMAN:sp|Q9UNN5|FAF1_HUMAN:sp|Q8NEG2|CG057_HUMAN:sp|Q7RTY3|PRS45_HUMAN:sp|P22681|CBL_HUMAN:sp|Q96GQ7|DDX27_HUMAN:sp|Q9H5I5|PIEZ2_HUMAN:sp|A0A087WTH5|KCE1B_HUMAN:sp|P51786|ZN157_HUMAN:sp|Q99633|PRP18_HUMAN:sp|Q9HDB9|GAK5_HUMAN:sp|Q96RL7|VP13A_HUMAN:sp|Q5M9Q1|NKAPL_HUMAN:sp|Q8IZY2|ABCA7_HUMAN:sp|Q7Z6J4|FGD2_HUMAN:sp|Q6A162|K1C40_HUMAN:sp|Q6ZR08|DYH12_HUMAN:sp|O43688|PLPP2_HUMAN:sp|Q5XKP0|MIC13_HUMAN:sp|Q8TEM1|PO210_HUMAN:sp|Q14204|DYHC1_HUMAN:sp|Q6UY14|ATL4_HUMAN:sp|O75581|LRP6_HUMAN:sp|Q15714|T22D1_HUMAN:sp|Q86SX3|TEDC1_HUMAN:sp|O60281|ZN292_HUMAN:sp|P09529|INHBB_HUMAN:sp|O60447|EVI5_HUMAN:sp|O76013|KRT36_HUMAN:sp|P05177|CP1A2_HUMAN:sp|Q9H074|PAIP1_HUMAN:sp|Q9Y4G6|TLN2_HUMAN:sp|O43314|VIP2_HUMAN:sp|Q9BWL3|CA043_HUMAN:sp|Q5GFL6|VWA2_HUMAN:sp|Q6ZVT0|TTL10_HUMAN:sp|P33076|C2TA_HUMAN:sp|Q13813|SPTN1_HUMAN:sp|Q6PFW1|VIP1_HUMAN:sp|Q9Y490|TLN1_HUMAN:sp|Q9Y4F4|TGRM1_HUMAN:sp|Q8NG27|PJA1_HUMAN:sp|Q96AY4|TTC28_HUMAN:sp|Q99456|K1C12_HUMAN:sp|Q13191|CBLB_HUMAN:sp|Q7Z3C6|ATG9A_HUMAN:sp|Q6IA69|NADE_HUMAN:sp|O75143|ATG13_HUMAN:sp|Q7Z6Z7|HUWE1_HUMAN:sp|P14635|CCNB1_HUMAN:sp|O15228|GNPAT_HUMAN:sp|Q9BWV3|CDAC1_HUMAN:sp|Q8TEZ7|PAQR8_HUMAN:sp|O95470|SGPL1_HUMAN:sp|Q03001|DYST_HUMAN:sp|Q96M89|CC138_HUMAN:sp|Q9Y4B4|ARIP4_HUMAN:sp|Q86VF7|NRAP_HUMAN,DeepNovo
S(+42.01)FKTKYKL,21.92,1055.6016,8,100.0,8,0.4,528.80823,2,35.4570,-13.9430,0.34,13572,HFX193_IPP292_GEL_CRC_324_Odd.raw,1.03E6,8.4E6,2,2,2,2,"Acetylation (N-term)",,5 2 2 2 2 2 3 5,S(+42.01)FKTKYKL,sp|Q9NX01|TXN4B_HUMAN:sp|Q13231|CHIT1_HUMAN:sp|Q02763|TIE2_HUMAN:sp|O95985|TOP3B_HUMAN:sp|P0DKL9|A14EL_HUMAN:sp|Q7Z478|DHX29_HUMAN:sp|Q4FZB7|KMT5B_HUMAN:sp|Q8NCM2|KCNH5_HUMAN:sp|Q9P219|DAPLE_HUMAN:sp|P09884|DPOLA_HUMAN:sp|Q99469|STAC_HUMAN:sp|Q9Y5Y3|GPR45_HUMAN:sp|P51530|DNA2_HUMAN:sp|P04114|APOB_HUMAN:sp|Q7Z794|K2C1B_HUMAN:sp|Q8N3Z6|ZCHC7_HUMAN:sp|Q9BXM9|FSD1L_HUMAN:sp|Q8WZ04|TOMT_HUMAN:sp|Q9WJR5|POK19_HUMAN:sp|Q9UMQ6|CAN11_HUMAN:sp|Q9BZ95|NSD3_HUMAN:sp|Q9Y2L5|TPPC8_HUMAN:sp|Q9NYW2|TA2R8_HUMAN:sp|P15822|ZEP1_HUMAN:sp|Q96MF0|YO028_HUMAN:sp|Q5T1R4|ZEP3_HUMAN:sp|Q9Y239|NOD1_HUMAN:sp|Q9BWQ8|LFG2_HUMAN:sp|O75962|TRIO_HUMAN:sp|P51587|BRCA2_HUMAN:sp|Q8N1N4|K2C78_HUMAN:sp|Q7Z402|TMC7_HUMAN:sp|Q9BYZ6|RHBT2_HUMAN:sp|O15068|MCF2L_HUMAN:sp|P10911|MCF2_HUMAN:sp|P19013|K2C4_HUMAN:sp|O95757|HS74L_HUMAN:sp|Q9H422|HIPK3_HUMAN:sp|A6NE02|BTBDH_HUMAN:sp|Q9Y243|AKT3_HUMAN:sp|P21802|FGFR2_HUMAN:sp|Q8IYD8|FANCM_HUMAN:sp|Q15029|U5S1_HUMAN:sp|Q92598|HS105_HUMAN:sp|Q8N357|S35F6_HUMAN:sp|P31277|HXD11_HUMAN:sp|Q8N8C0|ZN781_HUMAN:sp|O60229|KALRN_HUMAN:sp|Q5CZC0|FSIP2_HUMAN:sp|Q86XM0|CTSRD_HUMAN:sp|P08922|ROS1_HUMAN:sp|Q9H7R0|ZN442_HUMAN:sp|Q99504|EYA3_HUMAN:sp|P48664|EAA4_HUMAN:sp|P31629|ZEP2_HUMAN:sp|P31270|HXA11_HUMAN:sp|O94844|RHBT1_HUMAN:sp|Q8N1G0|ZN687_HUMAN:sp|Q2KHM9|MOONR_HUMAN,DeepNovo
S(+42.01)FPKDDPSKPVHL,46.39,1507.7671,13,38.5,13,-0.6,503.59598,3,36.8910,-25.7090,0.13,14143,HFX193_IPP292_GEL_CRC_324_Even.raw,2.81E5,2.75E6,1,1,1,1,"Acetylation (N-term)",,0 0 0 0 9 9 14 5 5 0 0 1 1,S(+42.01)FPKDDPSKPVHL,sp|P39023|RL3_HUMAN,DB Search
S(+42.01)FPKYKPSSLR,58.15,1350.7296,11,100.0,11,2.0,451.25137,3,43.8269,-7.3731,0.47,16957,HFX193_IPP292_GEL_CRC_324_Even.raw,5.03E5,3.37E6,1,1,1,1,"Acetylation (N-term)",,5 15 17 17 8 8 21 7 2 2 5,S(+42.01)FPKYKPSSLR,sp|O95168|NDUB4_HUMAN,DB Search
S(+42.01)FPKYKPSSLRTLPETLDPAEY,59.77,2580.3110,22,13.6,22,-0.4,861.11066,3,66.9666,-51.5334,0.30,26157,HFX193_IPP292_GEL_CRC_324_Even.raw,4.82E5,2.52E6,1,1,1,1,"Acetylation (N-term)",,0 0 0 0 0 2 0 0 0 0 0 0 0 0 0 0 0 6 0 0 1 2,S(+42.01)FPKYKPSSLRTLPETLDPAEY,sp|O95168|NDUB4_HUMAN,DB Search
S(+42.01)GAAGKRLSSL,49.90,1087.5985,11,54.5,11,0.8,544.80701,2,31.2153,-14.2847,0.28,11807,HFX193_IPP292_GEL_CRC_324_Even.raw,6.08E6,3.95E7,1,1,1,1,"Acetylation (N-term)",,2 0 0 0 0 9 0 2 2 5 5,S(+42.01)GAAGKRLSSL,MARCKS_DEL_A-p.K155Rfs*12_::chr6:113859534-113860534_frame=1:sp|P58107|EPIPL_HUMAN:sp|P35503|UD13_HUMAN:sp|Q70Z35|PREX2_HUMAN:sp|Q14683|SMC1A_HUMAN:sp|Q9BWM7|SFXN3_HUMAN:sp|Q9Y5F9|PCDGI_HUMAN:sp|Q96N68|CR015_HUMAN:sp|Q8IWZ3|ANKH1_HUMAN:sp|Q9Y4A5|TRRAP_HUMAN:sp|Q14957|NMDE3_HUMAN:sp|Q9UHX3|AGRE2_HUMAN:sp|Q92615|LAR4B_HUMAN:sp|A0A075B6V5|TVA36_HUMAN:sp|Q86UQ8|NFE4_HUMAN:sp|Q9BWX5|GATA5_HUMAN:sp|Q8IX21|SLF2_HUMAN:sp|Q9P225|DYH2_HUMAN:sp|Q7RTU4|BHA09_HUMAN:sp|P41273|TNFL9_HUMAN:sp|O14513|NCKP5_HUMAN:sp|Q86WS4|CL040_HUMAN:sp|Q9BY84|DUS16_HUMAN:sp|O75151|PHF2_HUMAN:sp|Q8NE01|CNNM3_HUMAN:sp|Q9H2A7|CXL16_HUMAN:sp|Q86Y79|PTH_HUMAN:SAFB2_DEL_G-p.P945Rfs*49_::chr19:5586771-5587771_frame=3:sp|Q5M9Q1|NKAPL_HUMAN:sp|Q68CK6|ACS2B_HUMAN:sp|Q9Y5G9|PCDG4_HUMAN:sp|Q8IZL8|PELP1_HUMAN:sp|Q86SH2|ZAR1_HUMAN:sp|P51587|BRCA2_HUMAN:sp|Q9Y5G5|PCDG8_HUMAN:sp|Q8NF64|ZMIZ2_HUMAN:sp|P21359|NF1_HUMAN:sp|Q9BY89|K1671_HUMAN:sp|Q9P246|STIM2_HUMAN:sp|Q8IWC1|MA7D3_HUMAN:sp|Q8NDH2|CC168_HUMAN:sp|Q9UDY8|MALT1_HUMAN:sp|Q9Y5H2|PCDGB_HUMAN:sp|Q8N4S0|CCD82_HUMAN:sp|Q9H2T7|RBP17_HUMAN:sp|P11441|UBL4A_HUMAN:sp|Q86TJ5|ZN554_HUMAN:sp|Q96JI7|SPTCS_HUMAN:sp|Q9NWT1|PK1IP_HUMAN:ZBTB20_DEL_G-p.P692Lfs*43_::chr3:114338656-114339656_frame=-3:sp|Q86UP8|GTD2A_HUMAN:sp|Q02078|MEF2A_HUMAN:sp|O94886|CSCL1_HUMAN:sp|Q8IXH6|T53I2_HUMAN:sp|A8MY62|BLML_HUMAN:sp|A6NNP5|CC169_HUMAN:sp|Q05682|CALD1_HUMAN:sp|Q01581|HMCS1_HUMAN:sp|Q96EI5|TCAL4_HUMAN:sp|P22310|UD14_HUMAN:sp|Q9P1W8|SIRPG_HUMAN:sp|Q9Y2K9|STB5L_HUMAN:sp|O75891|AL1L1_HUMAN:sp|Q9Y5X3|SNX5_HUMAN:sp|Q14246|AGRE1_HUMAN:sp|Q9UFH2|DYH17_HUMAN:sp|Q9HAW8|UD110_HUMAN:sp|P49758|RGS6_HUMAN:sp|P35504|UD15_HUMAN:sp|A2IDD5|CCD78_HUMAN:sp|O75387|LAT3_HUMAN:sp|Q6P2S7|TTC41_HUMAN:sp|Q5JPB2|ZN831_HUMAN:sp|Q15722|LT4R1_HUMAN:sp|Q9Y4B6|DCAF1_HUMAN:sp|Q9H3H9|TCAL2_HUMAN:sp|P52848|NDST1_HUMAN:sp|Q9H1K0|RBNS5_HUMAN:sp|Q5JUX0|SPIN3_HUMAN:sp|Q5T5P2|SKT_HUMAN:sp|Q8NHB8|OR5K2_HUMAN:sp|Q6ZT52|FA43B_HUMAN:sp|Q9BQC3|DPH2_HUMAN:sp|Q96EL1|INKA1_HUMAN:sp|Q99972|MYOC_HUMAN:sp|Q9ULK0|GRID1_HUMAN:sp|Q3SY69|AL1L2_HUMAN:sp|Q8N6S4|AN13C_HUMAN:sp|Q2M1Z3|RHG31_HUMAN:sp|Q92896|GSLG1_HUMAN:sp|Q9Y662|HS3SB_HUMAN:sp|Q8NDL9|CBPC5_HUMAN:sp|Q9Y2A9|B3GN3_HUMAN:sp|P09958|FURIN_HUMAN:sp|Q8NBK3|SUMF1_HUMAN:MIS18BP1_DEL_T-p.K157Nfs*24_::chr14:45246316-45247316_frame=-2:sp|P0DPK2|H3Y1_HUMAN:sp|Q9Y253|POLH_HUMAN:sp|Q9P0N5|TM216_HUMAN:sp|O60330|PCDGC_HUMAN:sp|Q9Y5F6|PCDGM_HUMAN:sp|Q86UX6|ST32C_HUMAN:sp|Q63HN8|RN213_HUMAN:ACVR2A_DEL_A-p.K437Rfs*5_::chr2:147925617-147926617_frame=1:sp|Q8N9W7|YO010_HUMAN:sp|Q8TAY7|F110D_HUMAN:sp|Q08AH3|ACS2A_HUMAN:sp|Q9Y5F8|PCDGJ_HUMAN:sp|O75154|RFIP3_HUMAN:sp|P12821|ACE_HUMAN:sp|Q8IYW2|CFA46_HUMAN:sp|P52746|ZN142_HUMAN:sp|O15294|OGT1_HUMAN:sp|Q8IV35|WDR49_HUMAN:sp|Q5JQC9|AKAP4_HUMAN:sp|Q9BQM9|CT144_HUMAN:sp|O60701|UGDH_HUMAN:sp|P41231|P2RY2_HUMAN:sp|Q9P2E5|CHPF2_HUMAN:sp|P11274|BCR_HUMAN,DeepNovo
S(+42.01)GAKKKSFL,46.05,1006.5811,9,55.6,9,1.8,504.29874,2,27.9845,12.1845,0.36,10507,HFX193_IPP292_GEL_CRC_324_Even.raw,1.28E6,1.01E7,2,2,2,2,"Acetylation (N-term)",,2 0 0 10 5 1 1 5 5,S(+42.01)GAKKKSFL,sp|Q8WU10|PYRD1_HUMAN:sp|Q96AA3|RFT1_HUMAN:sp|Q92786|PROX1_HUMAN:sp|A6NF01|P121B_HUMAN:sp|A6NDX5|ZN840_HUMAN:sp|O94911|ABCA8_HUMAN:sp|P20929|NEBU_HUMAN:sp|Q9H792|PEAK1_HUMAN:sp|Q5HYL7|TM196_HUMAN:sp|Q9ULL0|K1210_HUMAN:sp|Q96NH3|BROMI_HUMAN:sp|Q56UN5|M3K19_HUMAN:sp|P0CW24|PNM6A_HUMAN:sp|Q6ZNE9|RUFY4_HUMAN:sp|Q96ST8|CEP89_HUMAN:sp|Q9UMZ3|PTPRQ_HUMAN:sp|Q6ZUG5|YC006_HUMAN:sp|O00194|RB27B_HUMAN:sp|Q86TX2|ACOT1_HUMAN:CKAP2_DEL_A-p.K605Rfs*14_::chr13:52474399-52475399_frame=1:sp|Q9HBG4|VPP4_HUMAN:sp|P55895|RAG2_HUMAN:sp|Q6ZP82|CC141_HUMAN:sp|O60841|IF2P_HUMAN:sp|Q96T51|RUFY1_HUMAN:sp|P54619|AAKG1_HUMAN:sp|Q9NRK6|ABCBA_HUMAN:sp|Q9UGI9|AAKG3_HUMAN:sp|P32242|OTX1_HUMAN:sp|Q9HCL0|PCD18_HUMAN:sp|P35498|SCN1A_HUMAN:sp|P49753|ACOT2_HUMAN:sp|O94925|GLSK_HUMAN:sp|Q6ZMD2|SPNS3_HUMAN:sp|Q8NDH2|CC168_HUMAN:sp|P13569|CFTR_HUMAN:sp|Q9P2E9|RRBP1_HUMAN:sp|Q06124|PTN11_HUMAN:sp|Q9H5J4|ELOV6_HUMAN:sp|A8MT33|SYC1L_HUMAN:sp|Q14674|ESPL1_HUMAN:sp|Q6VAB6|KSR2_HUMAN:sp|O95486|SC24A_HUMAN:sp|Q99490|AGAP2_HUMAN:sp|Q6P4F7|RHGBA_HUMAN:sp|Q15642|CIP4_HUMAN:sp|P19429|TNNI3_HUMAN:sp|Q9BSW2|EFC4B_HUMAN:sp|O94923|GLCE_HUMAN:sp|O94953|KDM4B_HUMAN:sp|Q9NR34|MA1C1_HUMAN:sp|Q14CM0|FRPD4_HUMAN:sp|Q9NUY8|TBC23_HUMAN:sp|Q6ZN28|MACC1_HUMAN:sp|O43301|HS12A_HUMAN:sp|Q9UGJ0|AAKG2_HUMAN:sp|Q6ZUA9|MROH5_HUMAN:sp|Q6JQN1|ACD10_HUMAN:sp|Q9NWH2|TM242_HUMAN:sp|P47870|GBRB2_HUMAN:sp|P43699|NKX21_HUMAN:sp|Q3YEC7|RABL6_HUMAN:sp|O94851|MICA2_HUMAN:sp|Q8N300|SVBP_HUMAN:sp|Q96JE9|MAP6_HUMAN:sp|O75157|T22D2_HUMAN:sp|Q8WX94|NALP7_HUMAN:sp|Q9P2K8|E2AK4_HUMAN:sp|Q8IWT3|CUL9_HUMAN:sp|Q6P2S7|TTC41_HUMAN:sp|Q6ZUT6|CCD9B_HUMAN:sp|Q70EL1|UBP54_HUMAN:sp|Q9Y2I7|FYV1_HUMAN:sp|D6REC4|CFA99_HUMAN:sp|Q9BTC0|DIDO1_HUMAN:sp|O00591|GBRP_HUMAN:sp|P00488|F13A_HUMAN:sp|P55201|BRPF1_HUMAN:sp|Q06945|SOX4_HUMAN:sp|P59901|LIRA4_HUMAN:sp|Q9UIF9|BAZ2A_HUMAN:sp|P49802|RGS7_HUMAN:sp|Q9C0I1|MTMRC_HUMAN:sp|Q92466|DDB2_HUMAN:sp|P98182|ZN200_HUMAN:sp|Q6NUK4|REEP3_HUMAN:sp|Q9HB20|PKHA3_HUMAN:sp|Q9NQ66|PLCB1_HUMAN:sp|Q6ZWE6|PKHM3_HUMAN:sp|Q9P0I2|EMC3_HUMAN:sp|Q8N6Y2|LRC17_HUMAN:sp|Q9UHC1|MLH3_HUMAN:sp|Q9UJN7|ZN391_HUMAN:sp|O14775|GNB5_HUMAN:sp|Q8IWR1|TRI59_HUMAN:sp|A5YM72|CRNS1_HUMAN:sp|Q9Y253|POLH_HUMAN:sp|Q8WVS4|DC2I1_HUMAN:sp|P08195|4F2_HUMAN:sp|Q96HA1|P121A_HUMAN:sp|Q9BZC7|ABCA2_HUMAN:sp|O15078|CE290_HUMAN:sp|Q15788|NCOA1_HUMAN:sp|O15247|CLIC2_HUMAN:sp|Q86UK0|ABCAC_HUMAN:sp|P52209|6PGD_HUMAN:sp|P35670|ATP7B_HUMAN:sp|O14544|SOCS6_HUMAN:sp|Q6IQ21|ZN770_HUMAN:sp|P18206|VINC_HUMAN:sp|Q9HCL2|GPAT1_HUMAN:sp|Q8N8W4|PLPL1_HUMAN:sp|P48736|PK3CG_HUMAN:sp|P52565|GDIR1_HUMAN:sp|Q92968|PEX13_HUMAN:sp|Q15031|SYLM_HUMAN:sp|Q5JQC9|AKAP4_HUMAN:sp|P25054|APC_HUMAN:sp|Q86X55|CARM1_HUMAN:sp|Q9P2N6|KANL3_HUMAN,DeepNovo
S(+42.01)GALKKTEL,37.57,987.5601,9,55.6,9,3.1,494.78882,2,29.9394,-9.0606,0.39,11304,HFX193_IPP292_GEL_CRC_324_Even.raw,,,1,1,0,0,"Acetylation (N-term)",,3 0 0 19 12 2 1 1 5,S(+42.01)GALKKTEL,sp|Q9Y6N1|COX11_HUMAN:sp|Q70Z35|PREX2_HUMAN:sp|Q04726|TLE3_HUMAN:sp|Q9HD23|MRS2_HUMAN:sp|Q6ZNA5|FRRS1_HUMAN:sp|P63313|TYB10_HUMAN:sp|P0DX00|GG6LX_HUMAN:sp|A8MWA4|Z705E_HUMAN:sp|Q5VT06|CE350_HUMAN:sp|Q9UL36|ZN236_HUMAN:sp|Q9BX63|FANCJ_HUMAN:sp|Q8NI08|NCOA7_HUMAN:sp|Q6UB98|ANR12_HUMAN:sp|Q9Y233|PDE10_HUMAN:sp|P28370|SMCA1_HUMAN:sp|Q8IWN7|RP1L1_HUMAN:sp|H0YM25|GG6LV_HUMAN:sp|O14578|CTRO_HUMAN:CCDC178_DEL_TT-p.K291Nfs*11_::chr18:33332679-33333680_frame=-1:sp|P35499|SCN4A_HUMAN:sp|Q7Z5L4|SPT19_HUMAN:sp|O95835|LATS1_HUMAN:sp|O75071|EFC14_HUMAN:sp|Q5VTE6|ANGE2_HUMAN:sp|Q8NBH2|KY_HUMAN:sp|P48058|GRIA4_HUMAN:sp|Q8IWP9|CC28A_HUMAN:sp|Q16665|HIF1A_HUMAN:sp|Q7Z2Y8|GVIN1_HUMAN:sp|P20248|CCNA2_HUMAN:sp|Q96PP8|GBP5_HUMAN:sp|Q53EP0|FND3B_HUMAN:sp|P0DX02|GG6LZ_HUMAN:sp|P05165|PCCA_HUMAN:sp|Q9P273|TEN3_HUMAN:sp|Q08462|ADCY2_HUMAN:sp|Q96C36|P5CR2_HUMAN:sp|Q8TCU4|ALMS1_HUMAN:sp|Q9H307|PININ_HUMAN:sp|Q86UP2|KTN1_HUMAN:sp|P15498|VAV_HUMAN:sp|Q15375|EPHA7_HUMAN:sp|O94986|CE152_HUMAN:sp|Q8IYD8|FANCM_HUMAN:sp|Q15329|E2F5_HUMAN:sp|Q4L180|FIL1L_HUMAN:sp|Q2KJY2|KI26B_HUMAN:sp|Q8TDM6|DLG5_HUMAN:sp|Q8IZS5|OFCC1_HUMAN:sp|P62328|TYB4_HUMAN:sp|Q5TAX3|TUT4_HUMAN:sp|Q9HAU0|PKHA5_HUMAN:sp|P23497|SP100_HUMAN:sp|Q13061|TRDN_HUMAN:sp|Q9HB89|NMUR1_HUMAN:sp|A8MUZ8|Z705G_HUMAN:sp|Q9UKK3|PARP4_HUMAN:sp|Q8NDV3|SMC1B_HUMAN:sp|Q8TEP8|CE192_HUMAN:sp|Q9NZM3|ITSN2_HUMAN:sp|Q6P9F0|CCD62_HUMAN:sp|Q8N9W4|GG6L2_HUMAN:sp|Q9NRM7|LATS2_HUMAN:sp|Q6PEW0|PRS54_HUMAN:sp|Q9H0K4|RSH6A_HUMAN:sp|Q8NG48|LINES_HUMAN:sp|O43424|GRID2_HUMAN:sp|P14410|SUIS_HUMAN:sp|Q02817|MUC2_HUMAN:sp|Q5VU43|MYOME_HUMAN:sp|O95613|PCNT_HUMAN:sp|Q9UBU7|DBF4A_HUMAN:sp|Q5HYK7|SH319_HUMAN:sp|Q96MH7|CE034_HUMAN:sp|Q96T23|RSF1_HUMAN:sp|O60763|USO1_HUMAN:sp|Q9GZT8|NIF3L_HUMAN:sp|O60315|ZEB2_HUMAN:sp|Q8N7Z2|GG6L1_HUMAN:sp|A0AUZ9|KAL1L_HUMAN:sp|Q15075|EEA1_HUMAN:sp|Q53FD0|ZC21C_HUMAN:sp|Q5T4T6|SYC2L_HUMAN:sp|P11177|ODPB_HUMAN:sp|P42262|GRIA2_HUMAN:sp|Q14865|ARI5B_HUMAN:sp|Q99459|CDC5L_HUMAN:sp|Q9NWV8|BABA1_HUMAN:sp|Q9P2Y5|UVRAG_HUMAN:sp|Q9H8V3|ECT2_HUMAN:sp|O60431|OR1I1_HUMAN:sp|Q5BJE1|CC178_HUMAN:sp|Q92667|AKAP1_HUMAN:sp|Q99460|PSMD1_HUMAN:sp|Q9H930|SP14L_HUMAN:sp|Q9BYG3|MK67I_HUMAN:sp|P53990|IST1_HUMAN:sp|O75121|MFA3L_HUMAN:sp|P0DX01|GG6LY_HUMAN:sp|Q58EX7|PKHG4_HUMAN:sp|O75197|LRP5_HUMAN:sp|Q12893|TM115_HUMAN:sp|Q13023|AKAP6_HUMAN:sp|Q8N2M8|CLASR_HUMAN:sp|Q9Y265|RUVB1_HUMAN:sp|Q9Y6X9|MORC2_HUMAN:sp|Q9UKW4|VAV3_HUMAN:sp|O15553|MEFV_HUMAN:sp|P0C672|TSN19_HUMAN:sp|Q9UKL3|C8AP2_HUMAN:sp|Q8TF21|ANR24_HUMAN:sp|Q9ULH7|MRTFB_HUMAN:sp|P42263|GRIA3_HUMAN:sp|Q8NCM8|DYHC2_HUMAN:sp|Q8N841|TTLL6_HUMAN:sp|A2RUB1|MEIOC_HUMAN:sp|O00716|E2F3_HUMAN:sp|Q6P1M0|S27A4_HUMAN:sp|P27540|ARNT_HUMAN:sp|Q8TF62|AT8B4_HUMAN,DeepNovo
S(+42.01)GATYHAKL,41.31,988.4978,9,66.7,9,0.4,495.25635,2,31.1653,1.2653,0.48,11776,HFX193_IPP292_GEL_CRC_324_Even.raw,2.18E6,1.69E7,1,1,1,1,"Acetylation (N-term)",,0 0 0 16 16 17 17 17 5,S(+42.01)GATYHAKL,sp|Q14789|GOGB1_HUMAN:sp|P57071|PRD15_HUMAN:sp|Q9Y3S1|WNK2_HUMAN:sp|P20700|LMNB1_HUMAN:sp|P52179|MYOM1_HUMAN:sp|P51532|SMCA4_HUMAN:sp|Q9UL45|BL1S6_HUMAN:sp|Q9NXF7|DCA16_HUMAN,DeepNovo
S(+42.01)GDFVR,26.37,721.3395,6,66.7,6,1.1,361.67743,2,34.9340,-9.6660,0.55,13333,HFX193_IPP292_GEL_CRC_324_Even.raw,1E5,8.38E5,1,1,1,1,"Acetylation (N-term)",,0 0 5 2 2 4,S(+42.01)GDFVR,sp|O95302|FKBP9_HUMAN,DB Search
S(+42.01)GGASGGAELK,40.37,974.4669,11,63.6,11,1.1,488.24124,2,28.2924,12.3924,0.58,10632,HFX193_IPP292_GEL_CRC_324_Even.raw,4.83E6,3.38E7,2,2,2,2,"Acetylation (N-term)",,2 2 0 0 10 0 0 6 6 18 5,S(+42.01)GGASGGAELK,sp|Q6NV74|CRCDL_HUMAN:sp|Q9HC35|EMAL4_HUMAN:sp|Q96GM5|SMRD1_HUMAN:sp|P48147|PPCE_HUMAN:sp|Q6NXT1|ANR54_HUMAN:sp|O60291|MGRN1_HUMAN:sp|P31943|HNRH1_HUMAN:sp|A4D2B0|MBLC1_HUMAN:sp|Q8NDT2|RB15B_HUMAN:sp|O75051|PLXA2_HUMAN:sp|Q92626|PXDN_HUMAN:sp|Q9HB65|ELL3_HUMAN:sp|P0C2W1|FBSP1_HUMAN:sp|P56915|GSC_HUMAN:sp|O43683|BUB1_HUMAN:sp|P40424|PBX1_HUMAN:sp|Q6L8Q7|PDE12_HUMAN:sp|O60240|PLIN1_HUMAN:sp|Q9BPX1|DHB14_HUMAN:sp|Q6F5E8|CARL2_HUMAN:sp|Q8IZ83|A16A1_HUMAN:sp|Q14CN2|CLCA4_HUMAN:sp|A1A5C7|S22AN_HUMAN:sp|Q2VWA4|SKOR2_HUMAN:sp|Q5U651|RAIN_HUMAN:sp|H0YKK7|GG6LS_HUMAN:sp|Q9Y6R7|FCGBP_HUMAN:sp|O15211|RGL2_HUMAN:sp|Q8NHG8|ZNRF2_HUMAN:sp|Q99062|CSF3R_HUMAN:sp|Q9H2A3|NGN2_HUMAN:sp|Q9Y388|RBMX2_HUMAN:sp|Q9Y4G2|PKHM1_HUMAN:sp|Q0VAF6|SYCN_HUMAN:sp|P35408|PE2R4_HUMAN:sp|Q9Y2W1|TR150_HUMAN:sp|P78509|RELN_HUMAN:sp|Q6EKJ0|GTD2B_HUMAN:sp|A6NI86|GG6LA_HUMAN:sp|Q9UNY4|TTF2_HUMAN:sp|Q5JY77|GASP1_HUMAN:sp|P50281|MMP14_HUMAN:sp|Q13615|MTMR3_HUMAN:sp|Q96EV2|RBM33_HUMAN:sp|P12236|ADT3_HUMAN:sp|O95486|SC24A_HUMAN:sp|A1KZ92|PXDNL_HUMAN:sp|Q8N9R8|SCAI_HUMAN:sp|Q13733|AT1A4_HUMAN:sp|A7E2V4|ZSWM8_HUMAN:sp|Q92995|UBP13_HUMAN:sp|P43694|GATA4_HUMAN:sp|Q86UP8|GTD2A_HUMAN:sp|P05141|ADT2_HUMAN:sp|P41143|OPRD_HUMAN:sp|Q9UKQ9|KLK9_HUMAN:sp|Q9Y3Q4|HCN4_HUMAN:sp|O43374|RASL2_HUMAN:sp|Q6NUN0|ACSM5_HUMAN:sp|Q6UYE1|LEU7_HUMAN:sp|Q13797|ITA9_HUMAN:sp|P45381|ACY2_HUMAN:sp|P25067|CO8A2_HUMAN:sp|P0DPF6|CB27B_HUMAN:sp|Q5H9R4|ARMX4_HUMAN:sp|Q96FS4|SIPA1_HUMAN:sp|Q9NSD7|RL3R1_HUMAN:sp|P56270|MAZ_HUMAN:sp|O14901|KLF11_HUMAN:sp|Q99698|LYST_HUMAN:sp|Q9BV73|CP250_HUMAN:sp|Q5T319|F182B_HUMAN:sp|P78382|S35A1_HUMAN:sp|Q8WZ42|TITIN_HUMAN:sp|O14497|ARI1A_HUMAN:sp|A6NEM1|GG6L9_HUMAN:sp|Q96JB3|HIC2_HUMAN:sp|P12235|ADT1_HUMAN:sp|Q8TC44|POC1B_HUMAN:sp|Q16281|CNGA3_HUMAN:sp|O43548|TGM5_HUMAN:sp|Q5EBM4|ZN542_HUMAN:sp|A6QL63|ABTB3_HUMAN:sp|O95155|UBE4B_HUMAN:sp|Q6UN15|FIP1_HUMAN:sp|P52179|MYOM1_HUMAN:sp|Q9C0C2|TB182_HUMAN:sp|P0DPF5|CB27A_HUMAN:sp|Q14204|DYHC1_HUMAN:sp|Q9UBU6|FA8A1_HUMAN:sp|P50895|BCAM_HUMAN:sp|Q9H0C2|ADT4_HUMAN:sp|Q9ULK6|RN150_HUMAN:sp|Q7Z5P9|MUC19_HUMAN:sp|Q6ZRP7|QSOX2_HUMAN:sp|Q8WXG9|AGRV1_HUMAN:sp|P98077|SHC2_HUMAN:sp|Q9BTM9|URM1_HUMAN:sp|Q8NDZ0|BEND2_HUMAN:sp|P53384|NUBP1_HUMAN:sp|Q9NZT2|OGFR_HUMAN:sp|Q5TC12|ATPF1_HUMAN:sp|Q6W4X9|MUC6_HUMAN:sp|Q16720|AT2B3_HUMAN:sp|A6NEF3|GG6L4_HUMAN:sp|Q96R72|OR4K3_HUMAN:sp|C9J798|RAS4B_HUMAN:sp|P55795|HNRH2_HUMAN:sp|Q00978|IRF9_HUMAN:sp|Q9Y3Q8|T22D4_HUMAN,DeepNovo
S(+42.01)GGC(+119.00)C(+119.00)DVLGVTK,49.04,1417.5345,12,66.7,12,2.7,709.77649,2,53.0141,-10.8859,0.58,20580,HFX193_IPP292_GEL_CRC_324_Even.raw,,,1,1,0,0,"Acetylation (N-term);Cysteinylation;Cysteinylation",,5 0 0 0 0 7 7 10 3 3 7 5,S(+42.01)GGC(+119.00)C(+119.00)DVLGVTK,sp|O95149|SPN1_HUMAN:sp|Q96CT2|KLH29_HUMAN:sp|Q969S0|S35B4_HUMAN:sp|Q9UKF5|ADA29_HUMAN:sp|Q12837|PO4F2_HUMAN:sp|Q6UXZ4|UNC5D_HUMAN:sp|Q14703|MBTP1_HUMAN:sp|Q8NI37|PPTC7_HUMAN:sp|Q8N5H7|SH2D3_HUMAN:sp|O15213|WDR46_HUMAN:sp|Q96KS9|F167A_HUMAN:sp|Q9UHV7|MED13_HUMAN:sp|Q3YBM2|T176B_HUMAN:sp|Q9BXT4|TDRD1_HUMAN:sp|O14662|STX16_HUMAN:sp|Q16760|DGKD_HUMAN:sp|Q5VU36|S31A5_HUMAN:sp|P31689|DNJA1_HUMAN:sp|Q8N4N3|KLH36_HUMAN:sp|O00507|USP9Y_HUMAN:sp|Q5TZJ5|S31A1_HUMAN:sp|Q15319|PO4F3_HUMAN:sp|O95714|HERC2_HUMAN:sp|Q9UQ74|PSG8_HUMAN:sp|Q5VYP0|S31A3_HUMAN:sp|B7ZAQ6|GPHRA_HUMAN:sp|Q9P2D7|DYH1_HUMAN:sp|P0CG08|GPHRB_HUMAN:sp|Q9Y450|HBS1L_HUMAN:sp|P29474|NOS3_HUMAN:sp|Q2PPJ7|RGPA2_HUMAN:sp|P83105|HTRA4_HUMAN:sp|Q8WXE0|CSKI2_HUMAN:sp|Q8NEG7|DEN6B_HUMAN:sp|O95859|TSN12_HUMAN:sp|P26006|ITA3_HUMAN:sp|Q9UKU6|TRHDE_HUMAN:sp|Q93008|USP9X_HUMAN:sp|Q01362|FCERB_HUMAN:sp|O43520|AT8B1_HUMAN:sp|Q6V0I7|FAT4_HUMAN:sp|P0C7A2|F153B_HUMAN:sp|P39023|RL3_HUMAN:sp|P41002|CCNF_HUMAN:sp|Q5VVP1|S31A6_HUMAN:sp|P22105|TENX_HUMAN:sp|O60266|ADCY3_HUMAN:sp|Q5SZJ8|BEND6_HUMAN:sp|Q14289|FAK2_HUMAN:sp|Q5TGY1|TMCO4_HUMAN:sp|Q9BVV7|TIM21_HUMAN:sp|Q8WXD9|CSKI1_HUMAN:sp|Q8TDF5|NETO1_HUMAN:sp|P11464|PSG1_HUMAN:sp|Q9H6K1|ILRUN_HUMAN:sp|Q8TBM8|DJB14_HUMAN:sp|Q9UH99|SUN2_HUMAN:sp|Q9NPA2|MMP25_HUMAN:sp|Q8IWB4|S31A7_HUMAN:sp|Q6PIS1|S23A3_HUMAN:sp|Q9Y421|FA32A_HUMAN:sp|Q96QZ7|MAGI1_HUMAN:sp|Q9Y2E4|DIP2C_HUMAN:sp|Q8IX18|DHX40_HUMAN:sp|O95153|RIMB1_HUMAN:sp|P43088|PF2R_HUMAN:sp|Q6NUK1|SCMC1_HUMAN:sp|Q7Z401|MYCPP_HUMAN:sp|A6NHX0|CAST2_HUMAN:sp|A8MUP2|CSKMT_HUMAN:sp|Q99678|GPR20_HUMAN:sp|Q01851|PO4F1_HUMAN:sp|Q9NR09|BIRC6_HUMAN:sp|P25090|FPR2_HUMAN:sp|P04233|HG2A_HUMAN,DeepNovo
S(+42.01)GGEGGAAGAALR,59.25,1114.5366,13,46.2,13,2.5,558.27698,2,32.9538,-1.3462,0.56,12543,HFX193_IPP292_GEL_CRC_324_Odd.raw,7.34E4,1.52E6,1,1,1,1,"Acetylation (N-term)",,0 0 0 56 0 0 35 59 9 0 0 2 5,S(+42.01)GGEGGAAGAALR,sp|P22413|ENPP1_HUMAN:sp|Q5TF21|SOGA3_HUMAN:MARCKS_DEL_A-p.K155Rfs*12_::chr6:113859534-113860534_frame=1:sp|Q12959|DLG1_HUMAN:sp|Q13253|NOGG_HUMAN:sp|O94901|SUN1_HUMAN:sp|P32926|DSG3_HUMAN:sp|P59046|NAL12_HUMAN:sp|Q96SB3|NEB2_HUMAN:sp|Q6ZN16|M3K15_HUMAN:sp|Q08AE8|SPIR1_HUMAN:sp|Q96F46|I17RA_HUMAN:sp|Q9H920|RN121_HUMAN:sp|P15428|PGDH_HUMAN:sp|Q96EX2|RNFT2_HUMAN:sp|Q9HCJ3|RAVR2_HUMAN:sp|Q9H254|SPTN4_HUMAN:sp|P02461|CO3A1_HUMAN:sp|Q8WXS5|CCG8_HUMAN:sp|Q12857|NFIA_HUMAN:sp|Q96RK0|CIC_HUMAN:sp|Q9BXF3|CECR2_HUMAN:sp|Q5SYE7|NHSL1_HUMAN:sp|Q8TC56|GAR3_HUMAN:sp|Q6PKG0|LARP1_HUMAN:sp|Q9UL40|ZN346_HUMAN:sp|Q2VWA4|SKOR2_HUMAN:sp|Q6NUI1|C144L_HUMAN:sp|O15541|R113A_HUMAN:sp|Q6UW78|UQCC3_HUMAN:sp|P08476|INHBA_HUMAN:sp|Q8WXG6|MADD_HUMAN:sp|Q9NV56|MRGBP_HUMAN:sp|Q9Y2K7|KDM2A_HUMAN:sp|Q96L91|EP400_HUMAN:sp|O75061|AUXI_HUMAN:sp|Q709C8|VP13C_HUMAN:sp|A2A3N6|PIPSL_HUMAN:sp|Q6UWL6|KIRR2_HUMAN:sp|Q15527|SURF2_HUMAN:sp|Q96AX9|MIB2_HUMAN:sp|Q8WZ19|BACD1_HUMAN:sp|Q14050|CO9A3_HUMAN:sp|Q14160|SCRIB_HUMAN:sp|Q9P2C4|TM181_HUMAN:sp|Q86V15|CASZ1_HUMAN:sp|A4D1E9|GTPBA_HUMAN:sp|P04198|MYCN_HUMAN:sp|Q9Y3B8|ORN_HUMAN:sp|P0DMQ5|INAM2_HUMAN:sp|Q92796|DLG3_HUMAN:sp|P05141|ADT2_HUMAN:sp|Q9P253|VPS18_HUMAN:sp|Q9UMZ2|SYNRG_HUMAN:sp|Q8N6T3|ARFG1_HUMAN:sp|Q96CX2|KCD12_HUMAN:sp|P25067|CO8A2_HUMAN:sp|P52849|NDST2_HUMAN:sp|Q9H3F6|BACD3_HUMAN:sp|O43491|E41L2_HUMAN:sp|Q6ZTU2|E400N_HUMAN:sp|Q96N64|PWP2A_HUMAN:sp|P19622|HME2_HUMAN:sp|Q2Q1W2|LIN41_HUMAN:sp|Q9NSY1|BMP2K_HUMAN:sp|Q14526|HIC1_HUMAN:sp|P11586|C1TC_HUMAN:sp|Q9Y2X9|ZN281_HUMAN:sp|P12235|ADT1_HUMAN:sp|Q6PID8|KLD10_HUMAN:sp|Q9ULJ8|NEB1_HUMAN:sp|O95274|LYPD3_HUMAN:sp|Q9UPW8|UN13A_HUMAN:sp|Q3C1V1|CK091_HUMAN:sp|O43739|CYH3_HUMAN:sp|Q12852|M3K12_HUMAN:sp|Q16186|ADRM1_HUMAN:sp|Q9P217|ZSWM5_HUMAN:sp|Q13263|TIF1B_HUMAN:sp|P78325|ADAM8_HUMAN:sp|Q5T0Z8|CF132_HUMAN:sp|O75582|KS6A5_HUMAN:sp|P29376|LTK_HUMAN:sp|A0A0B4J2F2|SIK1B_HUMAN:sp|Q9P244|LRFN1_HUMAN:sp|O75410|TACC1_HUMAN:tr|A0A804HID5|A0A804HID5_HUMAN:sp|Q06587|RING1_HUMAN:sp|Q68CP4|HGNAT_HUMAN:sp|Q8WWN8|ARAP3_HUMAN:sp|P51178|PLCD1_HUMAN:sp|Q6E0U4|DMKN_HUMAN:sp|Q9H0C2|ADT4_HUMAN:sp|Q9NQR1|KMT5A_HUMAN:sp|Q8NFZ5|TNIP2_HUMAN:sp|Q8WZ55|BSND_HUMAN:sp|Q9HCC9|LST2_HUMAN:sp|Q8N6U8|GP161_HUMAN:PHF2_DEL_A-p.K492Rfs*6_::chr9:93659830-93660830_frame=1:sp|O14529|CUX2_HUMAN:sp|O75444|MAF_HUMAN:sp|Q96LA8|ANM6_HUMAN:sp|Q9BSE2|TMM79_HUMAN:sp|Q96SB4|SRPK1_HUMAN:sp|P08648|ITA5_HUMAN:sp|Q14576|ELAV3_HUMAN:sp|P61020|RAB5B_HUMAN:sp|Q9Y6C2|EMIL1_HUMAN:sp|Q10571|MN1_HUMAN:sp|Q9UBS8|RNF14_HUMAN:sp|Q9H1Y3|OPN3_HUMAN:sp|O95754|SEM4F_HUMAN:sp|Q9UDY2|ZO2_HUMAN:sp|P54802|ANAG_HUMAN:sp|Q92752|TENR_HUMAN:sp|Q9UPR0|PLCL2_HUMAN:sp|Q9Y2G9|SBNO2_HUMAN:sp|Q9H6K5|PRR36_HUMAN:tr|A0A590UJ96|A0A590UJ96_HUMAN:sp|Q00653|NFKB2_HUMAN,DeepNovo
S(+42.01)GGGGGGSFATR,51.21,1051.4683,12,50.0,12,1.3,526.74207,2,33.3397,10.4397,0.49,12689,HFX193_IPP292_GEL_CRC_324_Odd.raw,2.52E5,2.28E6,1,1,1,1,"Acetylation (N-term)",,0 0 0 0 7 0 0 13 13 5 5 5,S(+42.01)GGGGGGSFATR,sp|O14817|TSN4_HUMAN:sp|P62701|RS4X_HUMAN:sp|Q9HBE1|PATZ1_HUMAN:sp|Q9UKY4|POMT2_HUMAN:sp|O95907|MOT3_HUMAN:sp|P22090|RS4Y1_HUMAN:sp|Q92804|RBP56_HUMAN:sp|Q96EB6|SIR1_HUMAN:sp|Q96A73|P33MX_HUMAN:sp|P35637|FUS_HUMAN:sp|Q8TD47|RS4Y2_HUMAN:sp|Q13884|SNTB1_HUMAN:sp|Q9BSA9|TM175_HUMAN:sp|P19525|E2AK2_HUMAN:sp|Q8IZY2|ABCA7_HUMAN,DeepNovo
S(+42.01)GGGN(+0.98)VSRF,43.55,922.4144,9,77.8,9,1.1,462.21503,2,38.1871,4.2871,0.73,14659,HFX193_IPP292_GEL_CRC_324_Even.raw,2.77E5,2.07E6,1,1,1,1,"Acetylation (N-term);Deamidation (NQ)",,0 0 2 2 19 40 7 7 5,S(+42.01)GGGN(+0.98)VSRF,sp|Q9BY66|KDM5D_HUMAN:sp|P08F94|PKHD1_HUMAN:sp|O00241|SIRB1_HUMAN:sp|P78324|SHPS1_HUMAN:sp|O43572|AKA10_HUMAN:sp|Q9H9B1|EHMT1_HUMAN:sp|P06681|CO2_HUMAN:sp|O75390|CISY_HUMAN:sp|Q14686|NCOA6_HUMAN:sp|Q5VU57|CBPC6_HUMAN:sp|Q8N3P4|VPS8_HUMAN:sp|Q6ZSJ8|CA122_HUMAN:sp|Q96PS8|AQP10_HUMAN:sp|Q8WZ42|TITIN_HUMAN:sp|P57723|PCBP4_HUMAN:sp|Q8TEP8|CE192_HUMAN,DeepNovo
S(+42.01)GGGQ(+0.98)FEN(+0.98)M(+15.99)VAEK,73.41,1412.5765,13,69.2,13,0.2,707.29572,2,43.7497,8.1497,0.50,16904,HFX193_IPP292_GEL_CRC_324_Odd.raw,9.07E6,5.37E7,4,4,3,3,"Acetylation (N-term);Deamidation (NQ);Deamidation (NQ);Oxidation (M)",,0 0 0 0 24 52 34 18 15 15 13 13 5,S(+42.01)GGGQ(+0.98)FEN(+0.98)M(+15.99)VAEK,sp|P27635|RL10_HUMAN:sp|O95163|ELP1_HUMAN:sp|O95985|TOP3B_HUMAN:sp|Q9BZF9|UACA_HUMAN:sp|O95153|RIMB1_HUMAN:sp|Q96M98|PACRG_HUMAN:sp|P40763|STAT3_HUMAN:sp|Q9NQW6|ANLN_HUMAN:sp|Q96LU7|MRFL_HUMAN:sp|Q8N157|AHI1_HUMAN:sp|Q00597|FANCC_HUMAN:sp|Q9UM21|MGT4A_HUMAN:sp|Q3SY77|UD3A2_HUMAN:sp|P54289|CA2D1_HUMAN:sp|Q8NCA5|FA98A_HUMAN:sp|Q8NFH4|NUP37_HUMAN:sp|Q9Y5G1|PCDGF_HUMAN:sp|Q9NR30|DDX21_HUMAN:sp|P82094|TMF1_HUMAN:sp|O95470|SGPL1_HUMAN:sp|O75121|MFA3L_HUMAN:sp|P62906|RL10A_HUMAN,DeepNovo
S(+42.01)GGKLRSTL,39.74,959.5400,9,55.6,9,1.6,480.77805,2,31.5239,5.9239,0.64,11933,HFX193_IPP292_GEL_CRC_324_Even.raw,5.61E6,3.45E7,1,1,1,1,"Acetylation (N-term)",,5 0 0 22 31 0 1 4 5,S(+42.01)GGKLRSTL,sp|Q14789|GOGB1_HUMAN:sp|Q6NV74|CRCDL_HUMAN:sp|P21817|RYR1_HUMAN:sp|Q9UJU6|DBNL_HUMAN:sp|A6NF34|ANTRL_HUMAN:sp|Q6ZRS2|SRCAP_HUMAN:sp|Q8NEA9|GMCL2_HUMAN:sp|Q13574|DGKZ_HUMAN:sp|Q5T160|SYRM_HUMAN:sp|P11498|PYC_HUMAN:sp|Q9H792|PEAK1_HUMAN:sp|Q9ULL0|K1210_HUMAN:sp|Q93070|NAR4_HUMAN:sp|Q9UFC0|LRWD1_HUMAN:sp|Q86YV9|HPS6_HUMAN:sp|Q6NUI2|GPAT2_HUMAN:sp|Q969U7|PSMG2_HUMAN:sp|P54136|SYRC_HUMAN:sp|Q01196|RUNX1_HUMAN:sp|Q15007|FL2D_HUMAN:sp|A2PYH4|HFM1_HUMAN:sp|P24928|RPB1_HUMAN:sp|Q13224|NMDE2_HUMAN:sp|P35125|UBP6_HUMAN:sp|O75061|AUXI_HUMAN:sp|O95996|APCL_HUMAN:sp|Q9P1A6|DLGP2_HUMAN:sp|A0A1B0GX68|TVB2_HUMAN:sp|Q8NB16|MLKL_HUMAN:sp|Q96AB6|NTAN1_HUMAN:sp|Q12765|SCRN1_HUMAN:sp|O75386|TULP3_HUMAN:sp|Q9H159|CAD19_HUMAN:sp|Q9P2H3|IFT80_HUMAN:sp|Q8TDR4|TCP1L_HUMAN:sp|Q9UBY8|CLN8_HUMAN:sp|Q29RF7|PDS5A_HUMAN:sp|Q9HAC8|UBTD1_HUMAN:sp|P05106|ITB3_HUMAN:sp|Q8WWB5|PIHD2_HUMAN:sp|Q96MR6|CFA57_HUMAN:sp|Q9NQE7|TSSP_HUMAN:sp|Q6PJG6|BRAT1_HUMAN:sp|P17252|KPCA_HUMAN:sp|Q9Y228|T3JAM_HUMAN:sp|O43516|WIPF1_HUMAN:sp|Q9UDY6|TRI10_HUMAN:sp|Q99666|RGPD5_HUMAN:sp|Q587I9|SFT2C_HUMAN:sp|Q5VST9|OBSCN_HUMAN:sp|Q9UQ26|RIMS2_HUMAN:sp|Q8WXR4|MYO3B_HUMAN:sp|Q9NP80|PLPL8_HUMAN:sp|O94913|PCF11_HUMAN:sp|Q9H3R2|MUC13_HUMAN:sp|Q8WYP5|ELYS_HUMAN:sp|Q07065|CKAP4_HUMAN:sp|O00294|TULP1_HUMAN:sp|O75376|NCOR1_HUMAN:sp|Q15413|RYR3_HUMAN:sp|Q8NGP6|OR5M8_HUMAN:sp|Q8TD84|DSCL1_HUMAN:sp|Q9BV73|CP250_HUMAN:sp|Q8TDL5|BPIB1_HUMAN:sp|O75387|LAT3_HUMAN:sp|A8MTI9|PRS47_HUMAN:sp|O14715|RGPD8_HUMAN:sp|Q9BZ76|CNTP3_HUMAN:sp|P24158|PRTN3_HUMAN:sp|Q8WTV0|SCRB1_HUMAN:sp|O94880|PHF14_HUMAN:sp|O75445|USH2A_HUMAN:sp|Q9P2D3|HTR5B_HUMAN:sp|Q96A19|C102A_HUMAN:sp|Q5K651|SAMD9_HUMAN:sp|Q9BV44|THUM3_HUMAN:sp|Q9UMN6|KMT2B_HUMAN:sp|P29372|3MG_HUMAN:sp|O60469|DSCAM_HUMAN:sp|Q9H3M9|ATX3L_HUMAN:sp|P20702|ITAX_HUMAN:sp|O60784|TOM1_HUMAN:sp|Q9Y366|IFT52_HUMAN:sp|Q8WUN7|UBTD2_HUMAN:sp|Q6DN12|MCTP2_HUMAN:sp|P47756|CAPZB_HUMAN:sp|P42356|PI4KA_HUMAN:sp|Q8IX90|SKA3_HUMAN:sp|Q6IMN6|CAPR2_HUMAN:sp|Q96L92|SNX27_HUMAN:sp|P35367|HRH1_HUMAN:sp|O60721|NCKX1_HUMAN:sp|Q93084|AT2A3_HUMAN:sp|P50607|TUB_HUMAN:sp|Q9BTF0|THUM2_HUMAN:sp|P51449|RORG_HUMAN:sp|Q8N4F0|BPIB2_HUMAN:sp|O43610|SPY3_HUMAN:sp|Q92609|TBCD5_HUMAN:sp|Q6ZUX3|TGRM2_HUMAN:sp|P00451|FA8_HUMAN:sp|Q9UM54|MYO6_HUMAN:sp|P52789|HXK2_HUMAN:sp|Q9NR30|DDX21_HUMAN:sp|Q8NCM8|DYHC2_HUMAN:sp|Q5THK1|PR14L_HUMAN:sp|Q92736|RYR2_HUMAN:sp|Q86YA3|ZGRF1_HUMAN,DeepNovo
S(+42.01)GGKLVKKLAGKA,47.99,1297.8081,13,53.8,13,1.2,433.61050,3,25.8854,-5.1146,0.39,9636,HFX193_IPP292_GEL_CRC_324_Even.raw,1.06E6,9.71E6,1,1,1,1,"Acetylation (N-term)",,0 0 0 2 2 12 12 5 2 0 0 1 5,S(+42.01)GGKLVKKLAGKA,sp|Q8N682|DRAM1_HUMAN:sp|Q9BWH6|RPAP1_HUMAN:sp|O00519|FAAH1_HUMAN:sp|Q9UF56|FXL17_HUMAN:sp|P98194|AT2C1_HUMAN:sp|Q86X83|COMD2_HUMAN:sp|Q5VT06|CE350_HUMAN:sp|Q6PIW4|FIGL1_HUMAN:sp|Q13029|PRDM2_HUMAN:sp|Q8ND07|BBOF1_HUMAN:sp|Q9UKZ4|TEN1_HUMAN:sp|Q6UB98|ANR12_HUMAN:sp|O43933|PEX1_HUMAN:sp|Q14145|KEAP1_HUMAN:sp|Q4AC99|1A1L2_HUMAN:sp|Q86Y26|NUTM1_HUMAN:sp|P14373|TRI27_HUMAN:sp|Q6P0Q8|MAST2_HUMAN:sp|Q9NRL2|BAZ1A_HUMAN:sp|O14513|NCKP5_HUMAN:sp|Q15034|HERC3_HUMAN:sp|Q8NFD5|ARI1B_HUMAN:sp|Q5SQ80|A20A2_HUMAN:sp|H0YKK7|GG6LS_HUMAN:sp|P0DPF3|NBPF9_HUMAN:sp|P58417|NXPH1_HUMAN:sp|Q96L91|EP400_HUMAN:sp|P63133|POK8_HUMAN:sp|Q9NRL3|STRN4_HUMAN:sp|A0PJE2|DHR12_HUMAN:sp|Q86TV6|TTC7B_HUMAN:sp|P31150|GDIA_HUMAN:sp|P21359|NF1_HUMAN:sp|A6NI86|GG6LA_HUMAN:sp|Q9NZN5|ARHGC_HUMAN:sp|P41091|IF2G_HUMAN:sp|Q8WWK9|CKAP2_HUMAN:sp|Q05823|RN5A_HUMAN:sp|Q99707|METH_HUMAN:sp|Q8N4S0|CCD82_HUMAN:sp|P02775|CXCL7_HUMAN:sp|Q9UQ49|NEUR3_HUMAN:sp|Q8WZA2|RPGF4_HUMAN:sp|Q8WTW4|NPRL2_HUMAN:sp|Q12872|SFSWA_HUMAN:sp|O96017|CHK2_HUMAN:sp|Q9H0B6|KLC2_HUMAN:sp|Q9C019|TRI15_HUMAN:sp|Q8NEV4|MYO3A_HUMAN:sp|Q9UPS8|ANR26_HUMAN:sp|P11532|DMD_HUMAN:sp|P41226|UBA7_HUMAN:sp|O94983|CMTA2_HUMAN:sp|Q01581|HMCS1_HUMAN:sp|P61011|SRP54_HUMAN:sp|Q99689|FEZ1_HUMAN:sp|O75116|ROCK2_HUMAN:sp|Q8IXU6|S35F2_HUMAN:sp|Q96EK5|KBP_HUMAN:sp|Q13671|RIN1_HUMAN:sp|Q86UQ4|ABCAD_HUMAN:sp|Q4FZB7|KMT5B_HUMAN:sp|P50395|GDIB_HUMAN:sp|Q6ZRH7|CTSRG_HUMAN:sp|Q9Y5K1|SPO11_HUMAN:sp|Q9H799|CPLN1_HUMAN:sp|P24046|GBRR1_HUMAN:sp|P06127|CD5_HUMAN:sp|Q6ZTU2|E400N_HUMAN:sp|Q5T5S1|CC183_HUMAN:sp|O75925|PIAS1_HUMAN:sp|P22557|HEM0_HUMAN:sp|Q96BJ8|ELMO3_HUMAN:sp|Q9BYB0|SHAN3_HUMAN:sp|Q1W6H9|F110C_HUMAN:sp|Q9BRR9|RHG09_HUMAN:sp|Q5VU43|MYOME_HUMAN:sp|O14715|RGPD8_HUMAN:sp|Q7RTV3|ZN367_HUMAN:sp|Q5VUR7|A20A3_HUMAN:sp|P02549|SPTA1_HUMAN:sp|O94988|FA13A_HUMAN:sp|Q9UPU5|UBP24_HUMAN:sp|Q5T5P2|SKT_HUMAN:sp|P01031|CO5_HUMAN:sp|P29144|TPP2_HUMAN:sp|Q86YW9|MD12L_HUMAN:sp|Q9NZI7|UBIP1_HUMAN:sp|Q96QD8|S38A2_HUMAN:sp|Q16181|SEPT7_HUMAN:sp|P0DJD1|RGPD2_HUMAN:sp|P51800|CLCKA_HUMAN:sp|O75132|ZBED4_HUMAN:sp|Q0VAA5|PLCX2_HUMAN:sp|Q9UKV3|ACINU_HUMAN:sp|Q9Y6Y1|CMTA1_HUMAN:sp|Q9UBZ9|REV1_HUMAN:sp|Q8N5T2|TBC19_HUMAN:sp|Q05D32|CTSL2_HUMAN:sp|P42356|PI4KA_HUMAN:sp|P07814|SYEP_HUMAN:sp|Q9NZJ4|SACS_HUMAN:sp|Q9H270|VPS11_HUMAN:sp|Q16363|LAMA4_HUMAN:sp|Q7Z5J4|RAI1_HUMAN:sp|O60721|NCKX1_HUMAN:sp|Q12800|TFCP2_HUMAN:sp|Q9Y2L8|ZKSC5_HUMAN:sp|Q92565|RPGF5_HUMAN:sp|Q8IYT4|KATL2_HUMAN:sp|Q8IV76|PASD1_HUMAN:sp|Q9NQW8|CNGB3_HUMAN:sp|Q14123|PDE1C_HUMAN:RPL22_DEL_T-p.K15Rfs*5_::chr1:6197225-6198225_frame=-2:sp|Q9Y6X9|MORC2_HUMAN:sp|C9JE40|PATL2_HUMAN:sp|Q8N8Q3|ENDOV_HUMAN:sp|P09341|GROA_HUMAN:sp|Q13464|ROCK1_HUMAN:sp|O60284|ST18_HUMAN,DeepNovo
S(+42.01)GGLN(+0.98)GGKL,43.12,844.4290,9,55.6,9,1.6,423.22247,2,40.1621,-5.1379,0.67,15464,HFX193_IPP292_GEL_CRC_324_Even.raw,6.73E5,4.85E6,2,2,1,1,"Acetylation (N-term);Deamidation (NQ)",,0 0 14 2 10 0 0 9 5,S(+42.01)GGLN(+0.98)GGKL,,DeepNovo
S(+42.01)GGLSHRASL,53.14,1025.5254,10,60.0,10,1.8,513.77087,2,32.9688,0.2688,0.72,12522,HFX193_IPP292_GEL_CRC_324_Even.raw,2.07E6,1.51E7,1,1,1,1,"Acetylation (N-term)",,0 0 0 48 26 12 0 5 5 5,S(+42.01)GGLSHRASL,sp|Q9BZI7|REN3B_HUMAN:sp|A0A1B0GUS0|CS085_HUMAN:sp|Q6PGN9|PSRC1_HUMAN:sp|Q86XJ0|CAHM3_HUMAN:sp|O75643|U520_HUMAN:sp|O60683|PEX10_HUMAN:sp|Q5JTZ9|SYAM_HUMAN:sp|Q96QT6|PHF12_HUMAN:sp|Q9UM00|TMCO1_HUMAN:sp|Q13349|ITAD_HUMAN:sp|Q6ZVD7|STOX1_HUMAN,DeepNovo
S(+42.01)GGLSRRLAA,53.22,1028.5726,10,10.0,10,0.5,515.29388,2,35.8060,1.3060,0.58,13678,HFX193_IPP292_GEL_CRC_324_Even.raw,4.02E6,3.92E7,1,1,1,1,"Acetylation (N-term)",,0 0 1 0 0 0 0 0 0 2,S(+42.01)GGLSRRLAA,sp|Q9BZV3|IMPG2_HUMAN:sp|Q9BU40|CRDL1_HUMAN:sp|A5PKW4|PSD1_HUMAN:sp|Q9H6R0|DHX33_HUMAN:sp|Q7Z698|SPRE2_HUMAN:sp|Q8N0V5|GNT2A_HUMAN:sp|A4D2P6|GRD2I_HUMAN:sp|Q86X29|LSR_HUMAN:sp|Q8NBL1|PGLT1_HUMAN:sp|Q9NRC8|SIR7_HUMAN:sp|O15528|CP27B_HUMAN:sp|Q8IZA3|H18_HUMAN:sp|Q7L2E3|DHX30_HUMAN:sp|O76013|KRT36_HUMAN:sp|Q8TC59|PIWL2_HUMAN:sp|Q9P2M7|CING_HUMAN:sp|A6NNW6|ENO4_HUMAN:sp|Q9BUQ8|DDX23_HUMAN:sp|Q02218|ODO1_HUMAN:sp|Q9UKP4|ATS7_HUMAN:sp|Q9NQ89|CL004_HUMAN:sp|O14713|ITBP1_HUMAN:sp|Q9H8E8|CSR2B_HUMAN,DeepNovo
S(+42.01)GGM(+15.99)EKHLF,46.44,1062.4805,9,77.8,9,3.0,532.24908,2,43.4121,2.4121,0.59,16758,HFX193_IPP292_GEL_CRC_324_Even.raw,3.85E5,2.89E6,2,2,1,1,"Acetylation (N-term);Oxidation (M)",,4 0 0 2 2 2 4 8 5,S(+42.01)GGM(+15.99)EKHLF,sp|Q6IAA8|LTOR1_HUMAN:sp|O14978|ZN263_HUMAN:sp|Q96CT2|KLH29_HUMAN:sp|Q96NL0|RUN3B_HUMAN:sp|Q9UKY7|CDV3_HUMAN:sp|Q96LW4|PRIPO_HUMAN:sp|Q9NYF5|FA13B_HUMAN:sp|Q9HCK1|ZDBF2_HUMAN:sp|Q9H4B4|PLK3_HUMAN:sp|Q9H900|ZWILC_HUMAN:sp|Q9H8H2|DDX31_HUMAN:sp|P15309|PPAP_HUMAN:sp|Q5T890|ER6L2_HUMAN:sp|Q8N309|LRC43_HUMAN:sp|Q6J9G0|STYK1_HUMAN:sp|P84550|SKOR1_HUMAN:sp|Q06187|BTK_HUMAN:sp|Q9NPC1|LT4R2_HUMAN:sp|O94988|FA13A_HUMAN:sp|Q96JB1|DYH8_HUMAN:sp|Q6N021|TET2_HUMAN:sp|Q9H211|CDT1_HUMAN:sp|Q7LBR1|CHM1B_HUMAN:sp|P04114|APOB_HUMAN:sp|Q9C0G0|ZN407_HUMAN:sp|Q8WVM7|STAG1_HUMAN:sp|Q13277|STX3_HUMAN:sp|Q9P1Z3|HCN3_HUMAN:sp|Q14697|GANAB_HUMAN:sp|Q9ULV3|CIZ1_HUMAN:sp|Q8NCM8|DYHC2_HUMAN:sp|Q96KM6|Z512B_HUMAN:sp|Q9BVV6|TALD3_HUMAN,DeepNovo
S(+42.01)GGRAGKLSL,44.16,986.5508,10,50.0,10,2.6,494.28400,2,33.6430,-12.7570,0.58,12793,HFX193_IPP292_GEL_CRC_324_Even.raw,1.89E6,1.19E7,1,1,1,1,"Acetylation (N-term)",,5 0 0 1 0 0 5 29 34 5,S(+42.01)GGRAGKLSL,,DeepNovo
S(+42.01)GGSLHRAL,53.39,938.4933,9,77.8,9,2.2,470.25500,2,30.8028,1.8028,0.79,11647,HFX193_IPP292_GEL_CRC_324_Even.raw,1.35E6,1.05E7,1,1,1,1,"Acetylation (N-term)",,5 0 0 22 22 36 3 3 5,S(+42.01)GGSLHRAL,sp|Q86XA9|HTR5A_HUMAN:sp|Q8IWV8|UBR2_HUMAN:sp|Q8NBU5|ATAD1_HUMAN:sp|Q9UII4|HERC5_HUMAN:sp|O14978|ZN263_HUMAN:sp|P36955|PEDF_HUMAN:sp|Q8IZN7|D107A_HUMAN:sp|Q6WKZ4|RFIP1_HUMAN:sp|Q7Z444|RASE_HUMAN:sp|Q9P2R3|ANFY1_HUMAN:sp|Q9Y5H3|PCDGA_HUMAN:sp|P41252|SYIC_HUMAN:sp|Q92817|EVPL_HUMAN:sp|P04062|GBA1_HUMAN:sp|Q96RV3|PCX1_HUMAN:sp|O00459|P85B_HUMAN:sp|Q6UVM3|KCNT2_HUMAN:sp|Q6IF42|OR2A2_HUMAN:sp|O60391|NMD3B_HUMAN:sp|P12429|ANXA3_HUMAN:sp|P13010|XRCC5_HUMAN:sp|Q8WZ42|TITIN_HUMAN:sp|Q9NS67|GPR27_HUMAN:sp|Q49AJ0|F135B_HUMAN:sp|Q9H2K2|TNKS2_HUMAN:sp|Q9H252|KCNH6_HUMAN:sp|Q149N8|SHPRH_HUMAN:sp|A2RTX5|SYTC2_HUMAN:sp|Q8TEQ0|SNX29_HUMAN:sp|A8K8P3|SFI1_HUMAN:sp|P22692|IBP4_HUMAN:sp|P24298|ALAT1_HUMAN:sp|Q9ULM0|PKHH1_HUMAN:sp|O75445|USH2A_HUMAN:sp|Q8TCU5|NMD3A_HUMAN:sp|O95905|ECD_HUMAN:sp|Q13263|TIF1B_HUMAN:sp|O75592|MYCB2_HUMAN:sp|Q8NAG6|ANKL1_HUMAN:sp|O75962|TRIO_HUMAN:sp|P04049|RAF1_HUMAN:sp|Q99683|M3K5_HUMAN:sp|Q5TA50|CPTP_HUMAN:sp|O15460|P4HA2_HUMAN:sp|Q5BKZ1|ZN326_HUMAN:sp|Q5T848|GP158_HUMAN:sp|O43149|ZZEF1_HUMAN:sp|O75096|LRP4_HUMAN:sp|Q15363|TMED2_HUMAN:sp|Q9NPB6|PAR6A_HUMAN:sp|Q9HCF6|TRPM3_HUMAN:sp|Q2TAY7|SMU1_HUMAN:sp|Q6ZSJ9|SHSA6_HUMAN:sp|Q9H341|O51M1_HUMAN:sp|Q13485|SMAD4_HUMAN:sp|Q9BV47|DUS26_HUMAN:sp|Q99988|GDF15_HUMAN:sp|Q96KR7|PHAR3_HUMAN:sp|Q8IVS8|GLCTK_HUMAN:sp|Q7Z4H4|ADM2_HUMAN:sp|Q99490|AGAP2_HUMAN:sp|O43593|HAIR_HUMAN:sp|Q9Y265|RUVB1_HUMAN:sp|O60229|KALRN_HUMAN:sp|A6NH11|GLTD2_HUMAN:sp|Q9NPG1|FZD3_HUMAN:sp|P49356|FNTB_HUMAN:sp|P31040|SDHA_HUMAN:sp|A7XYQ1|SOBP_HUMAN:sp|Q8TER5|ARH40_HUMAN:sp|P14091|CATE_HUMAN,DeepNovo
S(+42.01)GGTKSHVL,36.16,926.4821,9,66.7,9,1.8,464.24918,2,27.8794,12.1794,0.38,10483,HFX193_IPP292_GEL_CRC_324_Odd.raw,2.63E5,2.23E6,1,1,1,1,"Acetylation (N-term)",,0 0 0 4 4 6 5 5 5,S(+42.01)GGTKSHVL,,DeepNovo
S(+42.01)GGTVEERL,34.62,988.4825,9,66.7,9,1.5,495.24930,2,39.6811,-14.8189,0.68,15254,HFX193_IPP292_GEL_CRC_324_Even.raw,6.57E5,6.17E6,1,1,1,1,"Acetylation (N-term)",,0 0 0 13 29 35 14 8 5,S(+42.01)GGTVEERL,sp|O75427|LRCH4_HUMAN:sp|Q14244|MAP7_HUMAN:sp|Q99518|FMO2_HUMAN:sp|Q8IYA2|C144C_HUMAN:sp|Q07065|CKAP4_HUMAN:sp|A1A4V9|CF119_HUMAN:sp|O00468|AGRIN_HUMAN:sp|Q6ZP65|BICL1_HUMAN:sp|Q5TYW2|A20A1_HUMAN:sp|Q8NF67|A2012_HUMAN:sp|P56537|IF6_HUMAN:sp|Q18PE1|DOK7_HUMAN:sp|P28370|SMCA1_HUMAN:sp|Q5VUR7|A20A3_HUMAN:sp|P23588|IF4B_HUMAN:sp|Q99996|AKAP9_HUMAN:sp|Q9HBI1|PARVB_HUMAN:sp|Q9Y4R8|TELO2_HUMAN:sp|Q9NS73|MBIP1_HUMAN:sp|Q96RT1|ERBIN_HUMAN:sp|Q8TBF8|FA81A_HUMAN:sp|Q5SQ80|A20A2_HUMAN:sp|Q14185|DOCK1_HUMAN:sp|Q6P3W2|DJC24_HUMAN:sp|O14607|UTY_HUMAN:sp|Q7Z569|BRAP_HUMAN:sp|P55081|MFAP1_HUMAN:sp|Q16576|RBBP7_HUMAN:sp|Q14839|CHD4_HUMAN:sp|Q9Y2P4|S27A6_HUMAN:sp|O75923|DYSF_HUMAN:sp|Q8N0W5|IQCK_HUMAN:sp|B1AJZ9|FHAD1_HUMAN:sp|Q2NKX8|ERC6L_HUMAN:sp|Q8N9C0|IGS22_HUMAN:sp|O75962|TRIO_HUMAN:sp|Q9BQ89|F110A_HUMAN:sp|Q12824|SNF5_HUMAN:sp|O43187|IRAK2_HUMAN:sp|Q8TDI0|CHD5_HUMAN:sp|Q5CZ79|AN20B_HUMAN:sp|P14625|ENPL_HUMAN:sp|Q14699|RFTN1_HUMAN:sp|Q96LK8|SPT32_HUMAN:sp|Q53H76|PLA1A_HUMAN:sp|P17181|INAR1_HUMAN:sp|Q7Z408|CSMD2_HUMAN:sp|Q5T890|ER6L2_HUMAN:sp|A8MPY1|GBRR3_HUMAN:sp|Q9UNY4|TTF2_HUMAN:sp|O14647|CHD2_HUMAN:sp|O14827|RGRF2_HUMAN:sp|Q8NF91|SYNE1_HUMAN:sp|Q99707|METH_HUMAN:sp|O60264|SMCA5_HUMAN:sp|Q15811|ITSN1_HUMAN:sp|P62258|1433E_HUMAN:sp|P20813|CP2B6_HUMAN:sp|Q8N4L4|SPEM1_HUMAN:sp|Q9NX95|SYBU_HUMAN:sp|Q6KCM7|SCMC2_HUMAN:sp|P80192|M3K9_HUMAN:sp|Q12955|ANK3_HUMAN:sp|Q16698|DECR_HUMAN:sp|Q4UJ75|A20A4_HUMAN:sp|Q9UFP1|GAK1A_HUMAN:sp|O00567|NOP56_HUMAN:sp|Q02952|AKA12_HUMAN:sp|A2RUR9|C144A_HUMAN:sp|Q92995|UBP13_HUMAN:sp|Q5VST9|OBSCN_HUMAN:sp|Q07864|DPOE1_HUMAN:sp|O60293|ZC3H1_HUMAN:sp|P31512|FMO4_HUMAN:sp|Q9UPS8|ANR26_HUMAN:sp|P11277|SPTB1_HUMAN:sp|Q12873|CHD3_HUMAN:sp|Q14031|CO4A6_HUMAN:sp|Q8N4P6|LRC71_HUMAN:sp|P36404|ARL2_HUMAN,DeepNovo
S(+42.01)GKERLSTF,40.42,1065.5454,9,44.4,9,2.0,533.78107,2,37.7377,-8.0623,0.62,14494,HFX193_IPP292_GEL_CRC_324_Odd.raw,2.81E5,2.69E6,1,1,1,1,"Acetylation (N-term)",,0 0 19 5 0 0 1 17 5,S(+42.01)GKERLSTF,,DeepNovo
S(+42.01)GKGRLVL,30.00,870.5287,8,62.5,8,0.2,436.27170,2,38.4940,-15.1060,0.58,14785,HFX193_IPP292_GEL_CRC_324_Even.raw,3.65E5,3.19E6,1,1,1,1,"Acetylation (N-term)",,0 0 68 2 0 2 5 5,S(+42.01)GKGRLVL,,DeepNovo
S(+42.01)GLKASRL,25.77,872.5079,8,75.0,8,1.4,437.26187,2,30.6465,-1.8535,0.21,11584,HFX193_IPP292_GEL_CRC_324_Even.raw,2.99E5,3.44E6,1,1,1,1,"Acetylation (N-term)",,5 6 6 7 1 1 3 5,S(+42.01)GLKASRL,sp|Q14684|RRP1B_HUMAN:sp|Q6ZS86|GLPK5_HUMAN:sp|Q8IYA2|C144C_HUMAN:sp|O75369|FLNB_HUMAN:sp|Q6ZTA4|TRI67_HUMAN:sp|Q03252|LMNB2_HUMAN:sp|O00291|HIP1_HUMAN:sp|Q9HCK4|ROBO2_HUMAN:sp|O95789|ZMYM6_HUMAN:sp|P12830|CADH1_HUMAN:sp|A0A075B6J9|LV218_HUMAN:sp|Q9NW61|PKHJ1_HUMAN:sp|Q6ZMP0|THSD4_HUMAN:sp|P11488|GNAT1_HUMAN:sp|P01704|LV214_HUMAN:sp|Q49AJ0|F135B_HUMAN:sp|Q96L93|KI16B_HUMAN:sp|P09110|THIK_HUMAN:sp|P49590|SYHM_HUMAN:sp|Q09666|AHNK_HUMAN:sp|Q155Q3|DIXC1_HUMAN:sp|Q9Y4D1|DAAM1_HUMAN:sp|O14503|BHE40_HUMAN:sp|Q96DC7|TMCO6_HUMAN:sp|Q9UMD9|COHA1_HUMAN:sp|Q8IY67|RAVR1_HUMAN:sp|P01709|LV208_HUMAN:sp|Q15833|STXB2_HUMAN:sp|P01706|LV211_HUMAN:sp|P19419|ELK1_HUMAN:sp|Q7Z442|PK1L2_HUMAN:sp|P29144|TPP2_HUMAN:sp|Q641Q2|WAC2A_HUMAN:sp|P02545|LMNA_HUMAN:sp|P30622|CLIP1_HUMAN:sp|Q08AI8|MB214_HUMAN:sp|Q8N878|FRMD1_HUMAN:sp|O14975|S27A2_HUMAN:sp|Q96ME7|ZN512_HUMAN:sp|Q14669|TRIPC_HUMAN:sp|Q8N2A0|CX062_HUMAN:sp|Q92797|SYMPK_HUMAN:sp|Q9Y613|FHOD1_HUMAN:sp|Q14166|TTL12_HUMAN:sp|Q8WVN8|UB2Q2_HUMAN:sp|P0C7X4|FHL19_HUMAN:sp|Q9BTK6|PAGR1_HUMAN:sp|Q9BRQ6|MIC25_HUMAN:sp|Q5JPF3|AN36C_HUMAN:sp|Q96GQ5|RUSF1_HUMAN:sp|A6QL64|AN36A_HUMAN:sp|P01705|LV223_HUMAN:sp|Q7L273|KCTD9_HUMAN:sp|Q86XN7|PRSR1_HUMAN:sp|Q9BWD1|THIC_HUMAN:sp|A2RUR9|C144A_HUMAN:sp|Q9H9D4|ZN408_HUMAN:sp|Q8NHP8|PLBL2_HUMAN:sp|Q9Y6S9|RPKL1_HUMAN:sp|Q9NZ56|FMN2_HUMAN:sp|Q9BXI2|ORNT2_HUMAN:sp|O15117|FYB1_HUMAN:sp|P55157|MTP_HUMAN:sp|O60269|GRIN2_HUMAN:sp|Q96KM6|Z512B_HUMAN:sp|O14594|NCAN_HUMAN,DeepNovo
S(+42.01)GLSKTY,33.09,796.3967,7,71.4,7,2.3,399.20651,2,35.8727,-6.2273,0.57,13736,HFX193_IPP292_GEL_CRC_324_Odd.raw,7.06E5,5.55E6,2,2,2,2,"Acetylation (N-term)",,0 0 14 7 7 5 5,S(+42.01)GLSKTY,sp|Q9HBG6|IF122_HUMAN:sp|P58180|OR4D2_HUMAN:sp|Q8IX15|HOMEZ_HUMAN:sp|P0CE71|OCM2_HUMAN:sp|A6NGW2|STRCL_HUMAN:sp|Q494X3|ZN404_HUMAN:sp|Q8NGB6|OR4M2_HUMAN:sp|Q9UC06|ZNF70_HUMAN:sp|Q8NGD0|OR4M1_HUMAN:sp|Q8NI37|PPTC7_HUMAN:sp|Q9BX63|FANCJ_HUMAN:sp|Q99798|ACON_HUMAN:sp|Q7Z601|GP142_HUMAN:sp|A8MW92|P20L1_HUMAN:sp|O43683|BUB1_HUMAN:sp|Q5TKA1|LIN9_HUMAN:DYNC1I2_INS_--A_p.R57Kfs*5::chr2:171692328-171693329_frame=-2:sp|Q9P225|DYH2_HUMAN:sp|Q14119|VEZF1_HUMAN:CKAP2_DEL_A-p.K605Rfs*14_::chr13:52474399-52475399_frame=1:sp|Q8NAX2|KDF1_HUMAN:sp|P05187|PPB1_HUMAN:sp|P56645|PER3_HUMAN:sp|Q86TP1|PRUN1_HUMAN:sp|Q6KB66|K2C80_HUMAN:sp|O75069|TMCC2_HUMAN:sp|O60318|GANP_HUMAN:sp|Q9BRP8|PYM1_HUMAN:sp|Q8IXR5|F178B_HUMAN:sp|A5YKK6|CNOT1_HUMAN:sp|P52747|ZN143_HUMAN:sp|Q9HAH7|FBRS_HUMAN:sp|Q9H158|PCDC1_HUMAN:sp|Q5VWM6|PRA13_HUMAN:sp|Q9UKN1|MUC12_HUMAN:sp|P29374|ARI4A_HUMAN:sp|Q96QZ7|MAGI1_HUMAN:sp|O95677|EYA4_HUMAN:sp|Q6ZRR7|LRRC9_HUMAN:sp|Q96FL8|S47A1_HUMAN:sp|Q9NVM6|DJC17_HUMAN:sp|O60909|B4GT2_HUMAN:sp|P09923|PPBI_HUMAN:sp|Q9NW07|ZN358_HUMAN:sp|Q8NGS3|OR1J1_HUMAN:sp|Q9Y2J2|E41L3_HUMAN:sp|Q6IN84|MRM1_HUMAN:sp|Q8N6L0|KASH5_HUMAN:sp|Q8NEJ0|DUS18_HUMAN:sp|A0A0X1KG70|ORM2B_HUMAN:sp|Q9H799|CPLN1_HUMAN:sp|O00409|FOXN3_HUMAN:sp|Q13823|NOG2_HUMAN:sp|Q9UJV8|PURG_HUMAN:sp|Q86UP3|ZFHX4_HUMAN:sp|Q96DR7|ARHGQ_HUMAN:sp|P09525|ANXA4_HUMAN:sp|Q14149|MORC3_HUMAN:sp|Q8WZ42|TITIN_HUMAN:sp|Q14532|K1H2_HUMAN:sp|Q8IZ07|AN13A_HUMAN:sp|Q70EL1|UBP54_HUMAN:sp|Q5SWL7|PRA14_HUMAN:sp|P42166|LAP2A_HUMAN:sp|Q9BRR0|ZKSC3_HUMAN:sp|Q14997|PSME4_HUMAN:sp|Q6SA08|TSSK4_HUMAN:sp|O14686|KMT2D_HUMAN:sp|P10696|PPBN_HUMAN:sp|P54259|ATN1_HUMAN:sp|Q7RTU9|STRC_HUMAN:sp|Q14767|LTBP2_HUMAN:sp|Q9ULL1|PKHG1_HUMAN:sp|Q6Q759|SPG17_HUMAN:sp|Q9UQ84|EXO1_HUMAN:sp|Q7Z442|PK1L2_HUMAN:sp|Q7L5A8|FA2H_HUMAN:sp|Q86VE3|SATL1_HUMAN:sp|Q8NB49|AT11C_HUMAN:sp|Q99972|MYOC_HUMAN:sp|Q96MU6|ZN778_HUMAN:sp|Q12789|TF3C1_HUMAN:sp|Q8NHY2|COP1_HUMAN:sp|Q6IEU7|OR5MA_HUMAN:sp|P12107|COBA1_HUMAN:sp|O75339|CILP1_HUMAN:sp|Q15696|U2AFM_HUMAN:sp|O60811|PRAM2_HUMAN:sp|Q8N2R0|OSR2_HUMAN:sp|O95625|ZBT11_HUMAN:sp|O75581|LRP6_HUMAN:sp|Q8WWN8|ARAP3_HUMAN:sp|Q9Y426|C2CD2_HUMAN:sp|P42356|PI4KA_HUMAN:sp|Q9NQR1|KMT5A_HUMAN:sp|Q8TE76|MORC4_HUMAN:sp|O95251|KAT7_HUMAN:sp|Q02161|RHD_HUMAN:sp|C9J1S8|TR49D_HUMAN:sp|Q99590|SCAFB_HUMAN:sp|O15090|ZN536_HUMAN:sp|P05186|PPBT_HUMAN:sp|Q58EX7|PKHG4_HUMAN:sp|Q92585|MAML1_HUMAN:sp|O95521|PRAM1_HUMAN:sp|P11137|MTAP2_HUMAN:sp|P0CE72|ONCO_HUMAN:sp|Q9C0F0|ASXL3_HUMAN:sp|Q6IA69|NADE_HUMAN:sp|A6NM28|ZFP92_HUMAN:sp|Q86XM0|CTSRD_HUMAN:sp|P57764|GSDMD_HUMAN:sp|Q6NUT3|MFS12_HUMAN:sp|Q15695|U2AFL_HUMAN:sp|P28358|HXD10_HUMAN:sp|Q13190|STX5_HUMAN:sp|P20823|HNF1A_HUMAN:sp|Q8N3A8|PARP8_HUMAN:sp|O96006|ZBED1_HUMAN:sp|Q9Y3Q8|T22D4_HUMAN,DeepNovo
S(+42.01)GRAGKLGL,28.22,899.5189,9,55.6,9,1.4,450.76733,2,37.2044,-5.8956,0.58,14243,HFX193_IPP292_GEL_CRC_324_Even.raw,4.39E6,2.51E7,1,1,1,1,"Acetylation (N-term)",,0 0 2 0 0 2 22 8 5,S(+42.01)GRAGKLGL,,DeepNovo
S(+42.01)GYKLSHGGRL,45.08,1215.6360,11,63.6,11,1.0,406.21970,3,34.0136,5.7136,0.34,12978,HFX193_IPP292_GEL_CRC_324_Odd.raw,9.29E5,7.13E6,1,1,1,1,"Acetylation (N-term)",,0 0 2 10 44 83 39 0 0 4 4,S(+42.01)GYKLSHGGRL,sp|Q9P2K9|DISP3_HUMAN:sp|Q8IYI6|EXOC8_HUMAN:sp|P48200|IREB2_HUMAN:sp|Q01826|SATB1_HUMAN:sp|Q6YHU6|THADA_HUMAN:sp|P98088|MUC5A_HUMAN:sp|Q4G0P3|HYDIN_HUMAN:sp|Q8IZF4|AGRG5_HUMAN:sp|Q9NNX1|TUFT1_HUMAN:sp|Q8N8C0|ZN781_HUMAN:sp|Q9Y4E6|WDR7_HUMAN:sp|Q8WW52|F151A_HUMAN:sp|Q13563|PKD2_HUMAN:sp|Q5TH69|BIG3_HUMAN:sp|P16615|AT2A2_HUMAN:sp|Q96PZ7|CSMD1_HUMAN:sp|Q53LP3|SWAHC_HUMAN:sp|Q6ZWE6|PKHM3_HUMAN,DeepNovo
S(+42.01)HSLHAGTL,41.24,963.4774,9,44.4,9,0.8,482.74637,2,32.7655,0.7655,0.21,12437,HFX193_IPP292_GEL_CRC_324_Even.raw,2.43E6,1.75E7,2,2,1,1,"Acetylation (N-term)",,0 0 0 11 11 0 0 24 5,S(+42.01)HSLHAGTL,sp|Q7Z398|ZN550_HUMAN:sp|P19022|CADH2_HUMAN:sp|P20264|PO3F3_HUMAN:sp|Q68EM7|RHG17_HUMAN:sp|O43824|GTPB6_HUMAN:sp|Q6P9B9|INT5_HUMAN:sp|Q86TI4|WDR86_HUMAN:sp|Q9UKA8|RCAN3_HUMAN:sp|Q86XN6|ZN761_HUMAN:sp|P11150|LIPC_HUMAN:sp|Q8N4N3|KLH36_HUMAN:sp|Q14206|RCAN2_HUMAN,DeepNovo
S(+42.01)HVKHELHL,27.80,1140.6040,9,88.9,9,0.0,381.20859,3,23.5881,7.7880,0.24,8730,HFX193_IPP292_GEL_CRC_324_Even.raw,3.31E4,2.91E5,1,1,1,1,"Acetylation (N-term)",,5 4 3 3 9 0 15 15 5,S(+42.01)HVKHELHL,,DeepNovo
S(+42.01)HVLHHTL,35.63,984.5141,8,75.0,8,2.2,493.26541,2,29.8271,14.4271,0.61,11264,HFX193_IPP292_GEL_CRC_324_Even.raw,2.41E6,1.67E7,2,2,2,2,"Acetylation (N-term)",,0 0 7 7 8 15 15 5,S(+42.01)HVLHHTL,sp|P35236|PTN7_HUMAN:sp|Q04726|TLE3_HUMAN:sp|Q5T1B0|AXDN1_HUMAN:sp|Q9N2K0|ENH1_HUMAN:sp|Q9BXM9|FSD1L_HUMAN:sp|P43356|MAGA2_HUMAN:sp|Q969R2|OSBP2_HUMAN:sp|Q92567|F168A_HUMAN:sp|A1KXE4|F168B_HUMAN:sp|Q9NZJ4|SACS_HUMAN:sp|Q9N2J8|ENH3_HUMAN:sp|Q92823|NRCAM_HUMAN:sp|Q93100|KPBB_HUMAN:sp|Q9P2K8|E2AK4_HUMAN:sp|O14981|BTAF1_HUMAN:sp|Q6ZSA8|YS025_HUMAN,DeepNovo
S(+42.01)IRVTQ(+0.98)KSYKVSTSGPRAFSS,78.16,2328.2073,21,71.4,21,2.0,583.06030,4,45.8475,-7.6525,0.50,17777,HFX193_IPP292_GEL_CRC_324_Even.raw,2.49E5,2.73E6,1,1,1,1,"Acetylation (N-term);Deamidation (NQ)",,0 0 5 4 4 7 9 3 3 8 21 6 6 9 9 0 0 0 0 46 5,S(+42.01)IRVTQ(+0.98)KSYKVSTSGPRAFSS,sp|P05787|K2C8_HUMAN,DB Search
S(+42.01)IRVTQ(+0.98)KSYKVSTSGPRAFSSRSYTSGPGSRISSSSFSRVG,32.45,4384.2158,41,17.1,41,1.6,627.32483,7,47.5933,N/A,0.27,18409,HFX193_IPP292_GEL_CRC_324_Odd.raw,4.62E5,4.19E6,1,1,1,1,"Acetylation (N-term);Deamidation (NQ)",,5 0 0 3 3 3 4 0 0 0 27 0 0 0 0 0 0 0 0 0 0 0 0 0 0 0 0 0 0 0 0 0 0 0 0 0 4 0 0 0 0,S(+42.01)IRVTQ(+0.98)KSYKVSTSGPRAFSSRSYTSGPGSRISSSSFSRVG,sp|P05787|K2C8_HUMAN,DB Search
S(+42.01)ITYKPVKHGRPGIGATH,13.31,1960.0642,18,11.1,18,-0.9,654.36145,3,22.5109,3.7109,0.15,8290,HFX193_IPP292_GEL_CRC_324_Even.raw,1.02E5,9.69E5,1,1,1,1,"Acetylation (N-term)",,0 0 0 0 0 0 0 0 0 0 0 0 0 0 0 0 17 5,S(+42.01)ITYKPVKHGRPGIGATH,sp|P62841|RS15_HUMAN,DB Search
S(+42.01)KAGGALLK,29.42,885.5283,9,44.4,9,0.4,443.77164,2,30.3923,3.8923,0.03,11497,HFX193_IPP292_GEL_CRC_324_Even.raw,2.47E5,2.41E6,1,1,1,1,"Acetylation (N-term)",,1 1 0 0 0 2 2 25 5,S(+42.01)KAGGALLK,,DeepNovo
S(+42.01)KAHPPELKKF,45.69,1322.7346,11,63.6,11,2.2,441.91980,3,35.2467,17.4467,0.35,13475,HFX193_IPP292_GEL_CRC_324_Odd.raw,6.38E5,1.75E6,2,2,1,1,"Acetylation (N-term)",,4 2 2 5 20 1 0 1 1 6 5,S(+42.01)KAHPPELKKF,sp|A8MWD9|RUXGL_HUMAN:sp|P62308|RUXG_HUMAN,DB Search
S(+42.01)KALKL,20.57,700.4483,6,66.7,6,0.0,351.23145,2,31.1641,-6.2359,0.51,11815,HFX193_IPP292_GEL_CRC_324_Even.raw,3.63E5,3.47E6,2,2,1,1,"Acetylation (N-term)",,0 0 3 3 23 5,S(+42.01)KALKL,sp|Q92974|ARHG2_HUMAN:sp|P48444|COPD_HUMAN:sp|Q8IYB8|SUV3_HUMAN:sp|Q9H7Z3|NRDE2_HUMAN:sp|P98088|MUC5A_HUMAN:sp|P09919|CSF3_HUMAN:sp|Q8ND23|CARL3_HUMAN:sp|Q99614|TTC1_HUMAN:sp|Q9ULX9|MAFF_HUMAN:sp|Q02817|MUC2_HUMAN:sp|Q9HC84|MUC5B_HUMAN:sp|Q6PGP7|SKI3_HUMAN:sp|Q9UPN3|MACF1_HUMAN:sp|Q8TCC7|S22A8_HUMAN:sp|Q8IWX7|UN45B_HUMAN,DB Search
S(+42.01)KASELKVTKKSKWYVAPK,75.28,2219.2678,19,42.1,19,0.3,444.86096,5,27.1088,3.8088,0.35,10160,HFX193_IPP292_GEL_CRC_324_Even.raw,3.17E5,1.22E6,1,1,1,1,"Acetylation (N-term)",,0 0 0 0 0 20 33 26 0 0 1 1 5 1 1 4 3 3 5,S(+42.01)KASELKVTKKSKWYVAPK,sp|Q96JG8|MAGD4_HUMAN:sp|P36955|PEDF_HUMAN:sp|Q86XJ1|GA2L3_HUMAN:sp|Q5FWF5|ESCO1_HUMAN:sp|P46939|UTRN_HUMAN:sp|Q8TE56|ATS17_HUMAN:sp|Q3KPI0|CEA21_HUMAN:sp|Q9UNT1|RBL2B_HUMAN:sp|Q9H706|GARE1_HUMAN:sp|P20929|NEBU_HUMAN:sp|O00189|AP4M1_HUMAN:sp|Q8IY57|YAF2_HUMAN:sp|P27708|PYR1_HUMAN:sp|Q56NI9|ESCO2_HUMAN:sp|Q16394|EXT1_HUMAN:sp|Q96T21|SEBP2_HUMAN:sp|Q86VV4|RNB3L_HUMAN:sp|Q5TEJ8|THMS2_HUMAN:sp|Q86VH2|KIF27_HUMAN:sp|Q96JB1|DYH8_HUMAN:sp|Q6ZNE9|RUFY4_HUMAN:sp|Q8NI99|ANGL6_HUMAN:sp|Q9ULD6|INTU_HUMAN:sp|Q86TX2|ACOT1_HUMAN:sp|Q9C0B7|TNG6_HUMAN:sp|A6NF36|CC182_HUMAN:sp|P22681|CBL_HUMAN:sp|O95255|MRP6_HUMAN:sp|O14965|AURKA_HUMAN:sp|Q14004|CDK13_HUMAN:sp|O14523|C2C2L_HUMAN:sp|Q9BXB1|LGR4_HUMAN:sp|Q6ZU52|K0408_HUMAN:sp|Q92733|PRCC_HUMAN:sp|Q8NE31|FA13C_HUMAN:sp|Q8N5C7|DTWD1_HUMAN:sp|P27701|CD82_HUMAN:sp|P38646|GRP75_HUMAN:sp|Q8IWK6|AGRA3_HUMAN:sp|Q14966|ZN638_HUMAN:sp|Q9NVH2|INT7_HUMAN:sp|Q9Y4F1|FARP1_HUMAN:sp|Q9NRA1|PDGFC_HUMAN:sp|O43182|RHG06_HUMAN:sp|O75146|HIP1R_HUMAN:sp|P48444|COPD_HUMAN:sp|P49753|ACOT2_HUMAN:sp|Q96EZ8|MCRS1_HUMAN:sp|A4FU49|SH321_HUMAN:sp|Q7Z403|TMC6_HUMAN:sp|Q6ZWB6|KCTD8_HUMAN:sp|P49711|CTCF_HUMAN:sp|Q5VX52|SPAT1_HUMAN:sp|Q12774|ARHG5_HUMAN:sp|Q8WVT3|TPC12_HUMAN:sp|Q14980|NUMA1_HUMAN:sp|P23471|PTPRZ_HUMAN:sp|P05787|K2C8_HUMAN:RPL22_DEL_T-p.K15Rfs*5_::chr1:6197225-6198225_frame=-3:sp|Q5XG87|PAPD7_HUMAN:sp|Q15651|HMGN3_HUMAN:sp|Q9Y618|NCOR2_HUMAN:tr|A0A075B7D4|A0A075B7D4_HUMAN:sp|Q13191|CBLB_HUMAN:sp|Q9P2P6|STAR9_HUMAN:sp|Q9Y2G1|MYRF_HUMAN:sp|Q9H2Y7|ZN106_HUMAN:sp|O60220|TIM8A_HUMAN:sp|P11021|BIP_HUMAN:sp|Q6ZS81|WDFY4_HUMAN:sp|O75830|SPI2_HUMAN:sp|Q01581|HMCS1_HUMAN:sp|Q99575|POP1_HUMAN:sp|Q9UGJ0|AAKG2_HUMAN:sp|O75829|CNMD_HUMAN:sp|Q8IWT6|LRC8A_HUMAN:sp|P62280|RS11_HUMAN:sp|Q5JVG2|ZN484_HUMAN:sp|Q8IW41|MAPK5_HUMAN:sp|O43491|E41L2_HUMAN:sp|P51814|ZNF41_HUMAN:sp|Q86SQ6|AGRA1_HUMAN:sp|P20936|RASA1_HUMAN:sp|Q7L4P6|BEND5_HUMAN:sp|Q9UBC5|MYO1A_HUMAN:sp|Q15735|PI5PA_HUMAN:sp|Q8WZ42|TITIN_HUMAN:sp|O96008|TOM40_HUMAN:sp|Q6NSJ5|LRC8E_HUMAN:sp|Q6N021|TET2_HUMAN:sp|P26045|PTN3_HUMAN:sp|Q15560|TCEA2_HUMAN:sp|Q56P03|EAPP_HUMAN:sp|Q86Y25|Z354C_HUMAN:sp|P38935|SMBP2_HUMAN:sp|Q8N302|AGGF1_HUMAN:sp|Q13127|REST_HUMAN:sp|O75110|ATP9A_HUMAN:sp|Q52M93|Z585B_HUMAN:sp|P49327|FAS_HUMAN:sp|Q68DQ2|CRBG3_HUMAN:sp|Q9UBK7|RBL2A_HUMAN:sp|Q9BXM7|PINK1_HUMAN:sp|Q9H7T0|CTSRB_HUMAN:sp|P07202|PERT_HUMAN:sp|Q8IVF2|AHNK2_HUMAN:sp|Q92878|RAD50_HUMAN:sp|P59542|T2R19_HUMAN:sp|Q9UKT4|FBX5_HUMAN:sp|Q9NVP1|DDX18_HUMAN:sp|O60942|MCE1_HUMAN:sp|Q6PFW1|VIP1_HUMAN:sp|Q9C0G0|ZN407_HUMAN:sp|Q03701|CEBPZ_HUMAN:sp|O75330|HMMR_HUMAN:sp|Q5CZC0|FSIP2_HUMAN:sp|P25054|APC_HUMAN:sp|Q9HCK8|CHD8_HUMAN:sp|Q9H501|ESF1_HUMAN:sp|Q92736|RYR2_HUMAN,DeepNovo
S(+42.01)KERN(+0.98)LGVTLR,56.94,1314.7256,11,0.0,11,1.6,658.37109,2,44.9140,16.0140,0.17,17380,HFX193_IPP292_GEL_CRC_324_Even.raw,2.31E6,1.56E7,2,2,2,2,"Acetylation (N-term);Deamidation (NQ)",,0 0 0 1 1 1 0 0 0 0 0,S(+42.01)KERN(+0.98)LGVTLR,sp|P51164|ATP4B_HUMAN:sp|Q8N7H5|PAF1_HUMAN:sp|Q5VUY0|ADCL3_HUMAN:sp|Q5DX21|IGS11_HUMAN:sp|Q969S0|S35B4_HUMAN:sp|Q13253|NOGG_HUMAN:sp|Q8IZD9|DOCK3_HUMAN:sp|Q9NPH6|OBP2B_HUMAN:sp|Q6ZV73|FGD6_HUMAN:sp|P53805|RCAN1_HUMAN:sp|Q8IYB5|SMAP1_HUMAN:sp|P40197|GPV_HUMAN:sp|P78383|S35B1_HUMAN:sp|A6NMU1|O52A4_HUMAN:sp|Q6UXZ4|UNC5D_HUMAN:sp|O15270|SPTC2_HUMAN:sp|P54753|EPHB3_HUMAN:sp|Q8NBN3|TM87A_HUMAN:sp|Q5TEA6|SE1L2_HUMAN:sp|P56746|CLD15_HUMAN:sp|A6NHR9|SMHD1_HUMAN:sp|Q9H340|O51B6_HUMAN:sp|Q5T4B2|GT253_HUMAN:sp|Q8NGG4|OR8H1_HUMAN:sp|Q15027|ACAP1_HUMAN:sp|Q14164|IKKE_HUMAN:sp|O95714|HERC2_HUMAN:sp|P46976|GLYG_HUMAN:sp|B6SEH8|ERVV1_HUMAN:sp|Q92781|RDH5_HUMAN:sp|Q9NR83|S2A4R_HUMAN:sp|Q86T26|TM11B_HUMAN:sp|Q5XKE5|K2C79_HUMAN:sp|P13612|ITA4_HUMAN:sp|B7ZAQ6|GPHRA_HUMAN:sp|Q9UGM1|ACHA9_HUMAN:sp|Q14938|NFIX_HUMAN:sp|Q9UPU5|UBP24_HUMAN:sp|P0CG08|GPHRB_HUMAN:sp|Q5JST6|EFHC2_HUMAN:sp|Q96RG2|PASK_HUMAN:sp|Q15835|GRK1_HUMAN:sp|Q2PPJ7|RGPA2_HUMAN:sp|Q8NHV9|RHXF1_HUMAN:sp|Q8NGI1|O56B2_HUMAN:sp|Q9UIA9|XPO7_HUMAN:sp|Q9NY56|OBP2A_HUMAN:sp|Q9HAT0|ROP1A_HUMAN:sp|P61024|CKS1_HUMAN:sp|P26006|ITA3_HUMAN:sp|O60469|DSCAM_HUMAN:sp|P98161|PKD1_HUMAN:sp|Q2M1Z3|RHG31_HUMAN:sp|Q8WU79|SMAP2_HUMAN:sp|Q8IYP2|PRS58_HUMAN:sp|Q08257|QOR_HUMAN:sp|Q13099|IFT88_HUMAN:sp|Q14204|DYHC1_HUMAN:sp|Q76LX8|ATS13_HUMAN:sp|Q8TAE7|KCNG3_HUMAN:sp|Q9NXS3|KLH28_HUMAN:sp|Q9BVK2|ALG8_HUMAN:sp|Q96Q42|ALS2_HUMAN:sp|Q15526|SURF1_HUMAN:sp|Q9HCU4|CELR2_HUMAN:sp|P18859|ATP5J_HUMAN:sp|Q96Q04|LMTK3_HUMAN:sp|O15245|S22A1_HUMAN:sp|Q9NPF5|DMAP1_HUMAN:sp|Q9H2C5|O52A5_HUMAN:sp|Q8NGI3|O56B1_HUMAN:sp|P54756|EPHA5_HUMAN:sp|Q6ZMQ8|LMTK1_HUMAN:sp|B6SEH9|ERVV2_HUMAN:sp|P09769|FGR_HUMAN:sp|Q9H9Y6|RPA2_HUMAN:sp|P29475|NOS1_HUMAN:sp|Q7Z3B4|NUP54_HUMAN:sp|Q9BZX4|ROP1B_HUMAN:sp|Q13349|ITAD_HUMAN:sp|P54760|EPHB4_HUMAN:sp|P15291|B4GT1_HUMAN:sp|Q8N146|OR8H3_HUMAN:sp|Q9NQR9|G6PC2_HUMAN:sp|Q9NPJ1|MKKS_HUMAN:sp|Q8IZD0|SAM14_HUMAN:sp|Q8NGS1|OR1J4_HUMAN:sp|Q8NGS3|OR1J1_HUMAN:sp|O15244|S22A2_HUMAN:sp|Q8N162|OR8H2_HUMAN:sp|Q96F05|CK024_HUMAN:sp|Q9UHI5|LAT2_HUMAN:sp|Q8IWU2|LMTK2_HUMAN,DeepNovo
S(+42.01)KFPHVARL,37.68,1095.6189,9,66.7,9,0.1,366.21362,3,44.9658,-8.4342,0.40,17395,HFX193_IPP292_GEL_CRC_324_Even.raw,1.13E6,5.75E6,1,1,1,1,"Acetylation (N-term)",,0 0 0 94 70 30 2 2 5,S(+42.01)KFPHVARL,sp|P0DP75|M14OS_HUMAN:sp|Q9Y520|PRC2C_HUMAN:sp|P48449|LSS_HUMAN:sp|Q15048|LRC14_HUMAN:sp|Q9Y6X9|MORC2_HUMAN:sp|Q7Z408|CSMD2_HUMAN:sp|Q9HAD4|WDR41_HUMAN:sp|Q9H7P9|PKHG2_HUMAN:sp|P23468|PTPRD_HUMAN:sp|Q96M86|DNHD1_HUMAN:sp|Q9UBD5|ORC3_HUMAN:sp|O75616|ERAL1_HUMAN:sp|A6NHR9|SMHD1_HUMAN:sp|Q9P1Z2|CACO1_HUMAN:sp|O15260|SURF4_HUMAN,DeepNovo
S(+42.01)KFTKYKL,14.56,1055.6016,8,62.5,8,-0.3,352.87433,3,35.2962,-4.7038,0.48,13483,HFX193_IPP292_GEL_CRC_324_Even.raw,3.18E5,3.54E6,1,1,1,1,"Acetylation (N-term)",,0 0 0 2 2 7 7 5,S(+42.01)KFTKYKL,sp|O95450|ATS2_HUMAN:sp|P20702|ITAX_HUMAN:sp|Q7Z402|TMC7_HUMAN:sp|Q8IYA8|IHO1_HUMAN:sp|Q9BYZ6|RHBT2_HUMAN:sp|O15068|MCF2L_HUMAN:sp|Q6PIL6|KCIP4_HUMAN:sp|P10911|MCF2_HUMAN:sp|Q02763|TIE2_HUMAN:sp|P0DKL9|A14EL_HUMAN:sp|Q9NY15|STAB1_HUMAN:sp|Q6ZMN7|PZRN4_HUMAN:sp|Q9P219|DAPLE_HUMAN:sp|P09884|DPOLA_HUMAN:sp|O95757|HS74L_HUMAN:sp|Q96RK4|BBS4_HUMAN:sp|Q96RQ9|OXLA_HUMAN:sp|P51530|DNA2_HUMAN:sp|P21802|FGFR2_HUMAN:sp|Q8IYD8|FANCM_HUMAN:sp|Q92598|HS105_HUMAN:sp|Q8N357|S35F6_HUMAN:sp|Q8WXS8|ATS14_HUMAN:sp|Q9HBI1|PARVB_HUMAN:sp|P31277|HXD11_HUMAN:sp|P04114|APOB_HUMAN:sp|P28328|PEX2_HUMAN:sp|Q14680|MELK_HUMAN:sp|Q8N8C0|ZN781_HUMAN:sp|O60229|KALRN_HUMAN:sp|Q8WZ04|TOMT_HUMAN:sp|Q86XM0|CTSRD_HUMAN:sp|Q9BWS9|CHID1_HUMAN:sp|Q9UMQ6|CAN11_HUMAN:sp|Q9Y2L5|TPPC8_HUMAN:sp|Q9NYW2|TA2R8_HUMAN:sp|Q9Y239|NOD1_HUMAN:sp|P31270|HXA11_HUMAN:sp|O94844|RHBT1_HUMAN:sp|O75094|SLIT3_HUMAN:sp|O75962|TRIO_HUMAN:sp|Q2KHM9|MOONR_HUMAN:sp|O60469|DSCAM_HUMAN,DeepNovo
S(+42.01)KGGKAALKL,24.88,1013.6233,10,70.0,10,1.1,338.88208,3,29.3665,1.9665,0.46,11068,HFX193_IPP292_GEL_CRC_324_Even.raw,2.61E5,3.03E6,1,1,1,1,"Acetylation (N-term)",,2 0 0 0 8 9 6 6 9 5,S(+42.01)KGGKAALKL,sp|Q6IV72|ZN425_HUMAN:sp|O94901|SUN1_HUMAN:sp|O00748|EST2_HUMAN:sp|Q9ULB1|NRX1A_HUMAN:sp|Q9Y235|ABEC2_HUMAN:sp|Q6PI77|GASP3_HUMAN:sp|Q8IXK0|PHC2_HUMAN:sp|P50583|AP4A_HUMAN:sp|Q9BRQ8|FSP1_HUMAN:sp|Q13428|TCOF_HUMAN:sp|Q75QN2|INT8_HUMAN:sp|Q8N6W0|CELF5_HUMAN:sp|Q8N4N3|KLH36_HUMAN:sp|P49589|SYCC_HUMAN:sp|Q96RQ9|OXLA_HUMAN:sp|Q96KK4|O10C1_HUMAN:sp|O75382|TRIM3_HUMAN:sp|Q6F5E8|CARL2_HUMAN:sp|Q96ST8|CEP89_HUMAN:sp|Q15034|HERC3_HUMAN:sp|P13584|CP4B1_HUMAN:sp|P52951|GBX2_HUMAN:sp|Q8N7X0|ADGB_HUMAN:sp|Q8N3J3|HROB_HUMAN:sp|Q5S007|LRRK2_HUMAN:sp|Q96Q35|FACC1_HUMAN:sp|O95319|CELF2_HUMAN:sp|P51587|BRCA2_HUMAN:sp|Q6IEY1|OR4F3_HUMAN:sp|Q86YT5|S13A5_HUMAN:sp|Q9Y5A9|YTHD2_HUMAN:sp|Q5XKP0|MIC13_HUMAN:sp|Q5JYT7|K1755_HUMAN:sp|Q9P2S2|NRX2A_HUMAN:sp|Q8IVL0|NAV3_HUMAN:sp|Q29RF7|PDS5A_HUMAN:sp|Q14980|NUMA1_HUMAN:sp|Q5JTZ9|SYAM_HUMAN:sp|Q9NZQ7|PD1L1_HUMAN:sp|Q96MR6|CFA57_HUMAN:sp|Q8NH42|OR4KD_HUMAN:sp|Q9HBI0|PARVG_HUMAN:sp|Q9NZ94|NLGN3_HUMAN:sp|Q13148|TADBP_HUMAN:sp|P25940|CO5A3_HUMAN:sp|Q9H6S0|YTDC2_HUMAN:sp|A8MUA0|YB057_HUMAN:sp|Q07912|ACK1_HUMAN:sp|Q9UKK3|PARP4_HUMAN:sp|P25189|MYP0_HUMAN:sp|Q86U06|RBM23_HUMAN:sp|O15519|CFLAR_HUMAN:sp|Q9NS39|RED2_HUMAN:sp|Q96CD2|COAC_HUMAN:sp|Q9HB96|FANCE_HUMAN:sp|P07738|PMGE_HUMAN:sp|Q9Y6N6|LAMC3_HUMAN:sp|Q86VV8|RTTN_HUMAN:sp|Q9H3F6|BACD3_HUMAN:sp|Q86UP3|ZFHX4_HUMAN:sp|Q8WVB3|HEXD_HUMAN:sp|Q5SZQ8|CELF3_HUMAN:sp|Q13625|ASPP2_HUMAN:sp|Q9Y6K1|DNM3A_HUMAN:sp|Q8WZ42|TITIN_HUMAN:sp|O95613|PCNT_HUMAN:sp|Q3KR16|PKHG6_HUMAN:sp|P22033|MUTA_HUMAN:sp|Q14146|URB2_HUMAN:sp|O95180|CAC1H_HUMAN:sp|A6NC98|CC88B_HUMAN:sp|P21815|SIAL_HUMAN:sp|A6NCF5|KLH33_HUMAN:sp|A8MX80|YM017_HUMAN:sp|Q96EN8|MOCOS_HUMAN:sp|Q13045|FLII_HUMAN:sp|O00410|IPO5_HUMAN:sp|Q8IZA3|H18_HUMAN:sp|Q5VWK5|IL23R_HUMAN:sp|O60645|EXOC3_HUMAN:sp|Q96QD8|S38A2_HUMAN:sp|P22102|PUR2_HUMAN:sp|Q96FA7|ZB10P_HUMAN:sp|Q9NTI5|PDS5B_HUMAN:sp|Q8IWY4|SCUB1_HUMAN:sp|Q9NTK5|OLA1_HUMAN:sp|O60637|TSN3_HUMAN:sp|Q5VT52|RPRD2_HUMAN:sp|P42345|MTOR_HUMAN:sp|Q16401|PSMD5_HUMAN:sp|P09327|VILI_HUMAN:sp|Q9ULW2|FZD10_HUMAN:sp|A6NL46|YF016_HUMAN:sp|Q8TF17|S3TC2_HUMAN:sp|Q99590|SCAFB_HUMAN:sp|Q9Y222|DMTF1_HUMAN:sp|O95407|TNF6B_HUMAN:sp|A0A0J9YY54|TX13D_HUMAN:sp|P12035|K2C3_HUMAN:sp|P06396|GELS_HUMAN:sp|Q6P499|NPAL3_HUMAN:sp|Q8NBQ5|DHB11_HUMAN:sp|O95153|RIMB1_HUMAN:sp|Q96AY4|TTC28_HUMAN:sp|O15511|ARPC5_HUMAN:sp|Q92879|CELF1_HUMAN:sp|Q86WT1|TT30A_HUMAN:sp|Q53FA7|QORX_HUMAN:tr|A0A1B0GW15|A0A1B0GW15_HUMAN:sp|Q5TA31|RN187_HUMAN:sp|Q96HP8|T176A_HUMAN:sp|Q8N1T3|MYO1H_HUMAN:sp|O96013|PAK4_HUMAN:sp|Q8NI60|COQ8A_HUMAN:sp|Q7L2K0|TEDC2_HUMAN:sp|Q8WXX5|DNJC9_HUMAN:sp|Q8NBJ5|GT251_HUMAN:sp|Q9NZB2|F120A_HUMAN:sp|P51124|GRAM_HUMAN:sp|Q8IZT6|ASPM_HUMAN,DeepNovo
S(+42.01)KKVDLKL,19.30,971.6015,8,62.5,8,2.2,486.80911,2,33.0340,-8.6660,0.21,12562,HFX193_IPP292_GEL_CRC_324_Odd.raw,2.52E5,2.19E6,1,1,1,1,"Acetylation (N-term)",,5 0 6 6 0 0 2 5,S(+42.01)KKVDLKL,,DeepNovo
S(+42.01)KLAPY,28.94,719.3854,6,66.7,6,1.0,360.70032,2,36.7883,-16.4117,0.76,14090,HFX193_IPP292_GEL_CRC_324_Even.raw,5.62E5,3.68E6,1,1,1,1,"Acetylation (N-term)",,0 0 4 4 10 5,S(+42.01)KLAPY,,DeepNovo
S(+42.01)KLLYKAKHY,18.78,1291.7289,10,80.0,10,0.7,431.58386,3,28.6548,3.0548,0.65,10804,HFX193_IPP292_GEL_CRC_324_Odd.raw,1.5E5,1.69E6,1,1,1,1,"Acetylation (N-term)",,3 3 3 0 0 8 3 3 12 5,S(+42.01)KLLYKAKHY,sp|P78559|MAP1A_HUMAN:sp|Q8N283|ANR35_HUMAN:sp|P00813|ADA_HUMAN:sp|P06401|PRGR_HUMAN:sp|Q92611|EDEM1_HUMAN:sp|Q99727|TIMP4_HUMAN:sp|P41252|SYIC_HUMAN:sp|Q7Z7A4|PXK_HUMAN:sp|Q8NA31|TERB1_HUMAN:sp|Q08AE8|SPIR1_HUMAN:sp|P20929|NEBU_HUMAN:sp|O94851|MICA2_HUMAN:sp|Q6PIF6|MYO7B_HUMAN:sp|Q9ULG1|INO80_HUMAN:sp|P48378|RFX2_HUMAN:sp|Q10586|DBP_HUMAN:sp|A6H8Y1|BDP1_HUMAN:sp|Q562E7|WDR81_HUMAN:sp|P12429|ANXA3_HUMAN:sp|P01889|HLAB_HUMAN:sp|Q9NY59|NSMA2_HUMAN:sp|Q7Z388|D19L4_HUMAN:sp|Q96B97|SH3K1_HUMAN:sp|Q6ZVS7|F183B_HUMAN:sp|Q8N4P2|TT30B_HUMAN:sp|P46940|IQGA1_HUMAN:sp|Q9Y6R7|FCGBP_HUMAN:sp|P35680|HNF1B_HUMAN:sp|Q14202|ZMYM3_HUMAN:sp|Q5U4P2|ASPH1_HUMAN:sp|P10242|MYB_HUMAN:sp|Q96DR4|STAR4_HUMAN:sp|Q9Y2Q0|AT8A1_HUMAN:sp|O94864|ST65G_HUMAN:sp|Q8N5R6|CCD33_HUMAN:sp|O60840|CAC1F_HUMAN:sp|O95136|S1PR2_HUMAN:sp|P00742|FA10_HUMAN:sp|Q9NY74|ETAA1_HUMAN:sp|Q9HCI6|K1586_HUMAN:sp|Q9C000|NLRP1_HUMAN:sp|O95672|ECEL1_HUMAN:sp|Q5JPH6|SYEM_HUMAN:sp|Q13698|CAC1S_HUMAN:sp|Q06609|RAD51_HUMAN:sp|Q9NTI2|AT8A2_HUMAN:sp|Q15811|ITSN1_HUMAN:sp|O00268|TAF4_HUMAN:sp|Q659A1|ICE2_HUMAN:sp|Q5T9G4|ARM12_HUMAN:sp|P01602|KV105_HUMAN:sp|A6NL82|CF144_HUMAN:sp|Q49A88|CCD14_HUMAN:sp|P18124|RL7_HUMAN:sp|Q86W26|NAL10_HUMAN:sp|O60423|AT8B3_HUMAN:sp|P08651|NFIC_HUMAN:sp|Q96A28|SLAF9_HUMAN:sp|Q86WT1|TT30A_HUMAN:sp|O94910|AGRL1_HUMAN:sp|Q8N0V3|RBFA_HUMAN:sp|Q6ZRI0|OTOG_HUMAN:sp|P08922|ROS1_HUMAN:sp|Q14697|GANAB_HUMAN:sp|O60678|ANM3_HUMAN:sp|O75683|SURF6_HUMAN:sp|O94953|KDM4B_HUMAN:sp|Q33E94|RFX4_HUMAN:sp|Q01668|CAC1D_HUMAN:sp|Q02318|CP27A_HUMAN:sp|Q9NXL2|ARH38_HUMAN,DeepNovo
S(+42.01)KPHSEAGTAF,52.64,1172.5461,11,54.5,11,1.9,587.28149,2,36.5294,18.6294,0.73,13956,HFX193_IPP292_GEL_CRC_324_Even.raw,4.85E6,3.39E7,2,2,2,2,"Acetylation (N-term)",,5 1 0 0 1 1 2 4 6 24 5,S(+42.01)KPHSEAGTAF,sp|P14618|KPYM_HUMAN,DB Search
S(+42.01)KQ(+0.98)LLK,14.48,758.4538,6,66.7,6,0.9,380.23450,2,27.0099,12.2099,0.79,10110,HFX193_IPP292_GEL_CRC_324_Even.raw,4.59E6,3.25E7,3,3,3,3,"Acetylation (N-term);Deamidation (NQ)",,0 0 4 4 8 5,S(+42.01)KQ(+0.98)LLK,sp|Q6UVJ0|SAS6_HUMAN:sp|Q9H2F9|CCD68_HUMAN:sp|Q8WYQ5|DGCR8_HUMAN:sp|Q15650|TRIP4_HUMAN:sp|P32247|BRS3_HUMAN:sp|O00273|DFFA_HUMAN:sp|P33981|TTK_HUMAN:sp|O95264|5HT3B_HUMAN:sp|Q3MHD2|LSM12_HUMAN:sp|Q9H3E2|SNX25_HUMAN:sp|Q99447|PCY2_HUMAN:sp|Q9Y6X3|SCC4_HUMAN:sp|Q9NWL6|ASND1_HUMAN:sp|Q9H5J0|ZBTB3_HUMAN:sp|O14776|TCRG1_HUMAN:sp|Q5SQI0|ATAT_HUMAN:sp|Q7Z7B0|FLIP1_HUMAN:sp|Q02952|AKA12_HUMAN:sp|Q7Z7M9|GALT5_HUMAN:sp|P42566|EPS15_HUMAN:DNAH12_DEL_T-p.G93Dfs*7_::chr3:57523086-57524086_frame=-1:sp|Q9H1D9|RPC6_HUMAN:sp|O60602|TLR5_HUMAN:sp|O95071|UBR5_HUMAN:sp|Q02880|TOP2B_HUMAN:sp|Q86YA3|ZGRF1_HUMAN,DB Search
S(+42.01)KRPRLSF,25.56,1031.5876,8,50.0,8,0.2,344.86987,3,31.5904,-3.4096,0.43,12005,HFX193_IPP292_GEL_CRC_324_Odd.raw,3.59E5,2.11E6,1,1,1,1,"Acetylation (N-term)",,5 3 0 0 1 0 3 5,S(+42.01)KRPRLSF,,DeepNovo
S(+42.01)KVVHSVL,28.19,909.5283,8,75.0,8,0.5,455.77167,2,34.7270,-12.9730,0.45,13241,HFX193_IPP292_GEL_CRC_324_Even.raw,1.86E6,1.41E7,2,2,2,2,"Acetylation (N-term)",,0 0 3 3 7 59 18 5,S(+42.01)KVVHSVL,sp|Q86SQ0|PHLB2_HUMAN:sp|Q9H4A3|WNK1_HUMAN:sp|A6NGY5|O51F1_HUMAN:sp|O95466|FMNL1_HUMAN:sp|P42356|PI4KA_HUMAN:sp|Q7Z602|GP141_HUMAN:sp|Q13085|ACACA_HUMAN:sp|Q8IVF7|FMNL3_HUMAN:sp|Q5ZPR3|CD276_HUMAN:sp|Q8NCW6|GLT11_HUMAN:sp|Q96PY5|FMNL2_HUMAN:sp|O43299|AP5Z1_HUMAN:sp|Q86SR1|GLT10_HUMAN:sp|Q96PY6|NEK1_HUMAN:sp|Q7Z7M9|GALT5_HUMAN:sp|Q9H9D4|ZN408_HUMAN:sp|Q14435|GALT3_HUMAN:sp|Q8IZF4|AGRG5_HUMAN:sp|Q10472|GALT1_HUMAN:sp|Q8WXG6|MADD_HUMAN:sp|Q5CZC0|FSIP2_HUMAN:sp|Q9HBR0|S38AA_HUMAN:sp|Q9P218|COKA1_HUMAN:sp|Q9UIF9|BAZ2A_HUMAN:sp|Q86SF2|GALT7_HUMAN:sp|Q8TED0|UTP15_HUMAN:sp|Q9Y262|EIF3L_HUMAN:sp|Q8NDG6|TDRD9_HUMAN,DeepNovo
S(+42.01)LAAGKAGKL,42.67,956.5654,10,80.0,10,1.8,479.29086,2,27.9828,-18.5172,0.48,10523,HFX193_IPP292_GEL_CRC_324_Odd.raw,5.42E5,4.64E6,1,1,1,1,"Acetylation (N-term)",,5 8 6 2 2 5 0 0 8 5,S(+42.01)LAAGKAGKL,sp|Q7Z692|CEA19_HUMAN:sp|Q6UVK1|CSPG4_HUMAN:sp|Q8IWB1|IPRI_HUMAN:sp|P15502|ELN_HUMAN:sp|Q9HCU5|PREB_HUMAN:sp|Q86TI0|TBCD1_HUMAN:sp|Q14161|GIT2_HUMAN:sp|Q460N5|PAR14_HUMAN:sp|P09848|LPH_HUMAN:sp|Q562E7|WDR81_HUMAN:sp|Q96G25|MED8_HUMAN:sp|Q7RTT9|S29A4_HUMAN:sp|O43759|SNG1_HUMAN:sp|P26951|IL3RA_HUMAN:sp|A6NHR9|SMHD1_HUMAN:sp|Q9P225|DYH2_HUMAN:sp|P0DTL6|ZTRF1_HUMAN:sp|Q86X29|LSR_HUMAN:sp|Q86TP1|PRUN1_HUMAN:sp|Q16512|PKN1_HUMAN:sp|Q7RTX1|TS1R1_HUMAN:sp|Q709C8|VP13C_HUMAN:sp|Q9H2A7|CXL16_HUMAN:sp|Q01804|OTUD4_HUMAN:sp|Q9UPA5|BSN_HUMAN:sp|Q71UI9|H2AV_HUMAN:sp|Q96ES6|MFSD3_HUMAN:sp|P51587|BRCA2_HUMAN:sp|Q0VAF6|SYCN_HUMAN:sp|Q9NW08|RPC2_HUMAN:sp|Q9BZI1|IRX2_HUMAN:sp|Q9NR81|ARHG3_HUMAN:sp|Q8N661|TM86B_HUMAN:sp|O15547|P2RX6_HUMAN:sp|Q96RW7|HMCN1_HUMAN:sp|Q9BZL4|PP12C_HUMAN:sp|Q8N6G6|ATL1_HUMAN:sp|Q02388|CO7A1_HUMAN:sp|Q5DID0|UROL1_HUMAN:sp|P16615|AT2A2_HUMAN:sp|Q99571|P2RX4_HUMAN:sp|A6NDA9|LRIT2_HUMAN:sp|Q9Y5W5|WIF1_HUMAN:sp|O76074|PDE5A_HUMAN:sp|Q5XG99|LYSM4_HUMAN:sp|Q14722|KCAB1_HUMAN:sp|Q9Y237|PIN4_HUMAN:sp|Q99666|RGPD5_HUMAN:sp|Q9H3U1|UN45A_HUMAN:sp|P25940|CO5A3_HUMAN:sp|Q6ZRI0|OTOG_HUMAN:sp|Q9NYL5|CP39A_HUMAN:sp|Q9Y6X6|MYO16_HUMAN:sp|O60500|NPHN_HUMAN:sp|P19404|NDUV2_HUMAN:sp|Q14031|CO4A6_HUMAN:sp|Q13303|KCAB2_HUMAN:sp|P27707|DCK_HUMAN:sp|Q8N5L8|RP25L_HUMAN:sp|Q9UQB3|CTND2_HUMAN:sp|O43865|SAHH2_HUMAN:sp|O15230|LAMA5_HUMAN:sp|O14981|BTAF1_HUMAN:sp|O60216|RAD21_HUMAN:sp|Q9Y6C5|PTC2_HUMAN:sp|Q99958|FOXC2_HUMAN:sp|P22670|RFX1_HUMAN:sp|Q86UR5|RIMS1_HUMAN:sp|Q15042|RB3GP_HUMAN:sp|Q8NEZ4|KMT2C_HUMAN:sp|Q99944|EGFL8_HUMAN:sp|A6NGG8|PCARE_HUMAN:sp|Q5EBL2|ZN628_HUMAN:sp|Q96JE9|MAP6_HUMAN:sp|A6NJJ6|CS067_HUMAN:sp|Q96I99|SUCB2_HUMAN:sp|O14715|RGPD8_HUMAN:sp|Q5XKR4|OTP_HUMAN:sp|O15417|TNC18_HUMAN:sp|Q9UBG0|MRC2_HUMAN:sp|P28845|DHI1_HUMAN:sp|Q9NRC6|SPTN5_HUMAN:sp|Q13200|PSMD2_HUMAN:sp|P29144|TPP2_HUMAN:sp|P07199|CENPB_HUMAN:sp|Q9UBL9|P2RX2_HUMAN:sp|Q96F24|NRBF2_HUMAN:sp|P22102|PUR2_HUMAN:sp|Q9NUH8|TM14B_HUMAN:sp|Q8TE82|S3TC1_HUMAN:sp|Q5SZK8|FREM2_HUMAN:sp|Q9BRK4|LZTS2_HUMAN:sp|Q9BY42|RTF2_HUMAN:sp|O60347|TBC12_HUMAN:sp|Q9HCU0|CD248_HUMAN:sp|Q03519|TAP2_HUMAN:sp|Q9Y2H1|ST38L_HUMAN:sp|Q68CP4|HGNAT_HUMAN:sp|Q99549|MPP8_HUMAN:sp|Q9ULW2|FZD10_HUMAN:sp|Q6ZT62|BGIN_HUMAN:sp|P05186|PPBT_HUMAN:sp|Q6UXI7|VITRN_HUMAN:sp|P51689|ARSD_HUMAN:sp|P08237|PFKAM_HUMAN:sp|Q96AY4|TTC28_HUMAN:sp|O43379|WDR62_HUMAN:sp|Q9UEW3|MARCO_HUMAN:sp|Q99704|DOK1_HUMAN:sp|Q9Y6F6|IRAG1_HUMAN:sp|P37275|ZEB1_HUMAN:sp|Q9UM54|MYO6_HUMAN:sp|O94817|ATG12_HUMAN:sp|O95197|RTN3_HUMAN:sp|P18564|ITB6_HUMAN:sp|Q96HN2|SAHH3_HUMAN:sp|P00491|PNPH_HUMAN:sp|O15228|GNPAT_HUMAN:XYLT2_DEL_C-p.G529Afs*78_::chr17:50356106-50357106_frame=2:sp|P15086|CBPB1_HUMAN,DeepNovo
S(+42.01)LAKHHVL,34.80,945.5396,8,100.0,8,1.4,473.77771,2,28.5456,6.6456,0.53,10736,HFX193_IPP292_GEL_CRC_324_Even.raw,1.01E6,6.14E6,1,1,1,1,"Acetylation (N-term)",,4 4 4 4 4 5 4 5,S(+42.01)LAKHHVL,sp|Q92616|GCN1_HUMAN:sp|Q9Y2K9|STB5L_HUMAN:sp|P0CB33|ZN735_HUMAN:sp|Q6ZVX7|FBX50_HUMAN:sp|Q8IVL8|CBPO_HUMAN:sp|Q6P2D8|XRRA1_HUMAN:sp|Q9UHH9|IP6K2_HUMAN:sp|Q9H792|PEAK1_HUMAN:sp|Q8WXE9|STON2_HUMAN:sp|Q86Y33|CD20B_HUMAN:sp|Q6V0L0|CP26C_HUMAN:sp|Q8N8R5|CB069_HUMAN:sp|Q8N9H8|MUT7_HUMAN:sp|O94988|FA13A_HUMAN:sp|Q9BXP5|SRRT_HUMAN:sp|P30532|ACHA5_HUMAN:sp|Q9H4I2|ZHX3_HUMAN:sp|P15622|ZN250_HUMAN:sp|Q9Y2L5|TPPC8_HUMAN:sp|Q6DD87|ZN787_HUMAN:sp|Q9UPA5|BSN_HUMAN:sp|Q9NTW7|ZF64B_HUMAN:sp|Q96NI8|ZN570_HUMAN:sp|Q9BX82|ZN471_HUMAN:sp|Q13105|ZBT17_HUMAN:sp|Q8N7M2|ZN283_HUMAN:sp|Q9Y613|FHOD1_HUMAN:sp|Q96JC4|ZN479_HUMAN:sp|Q92526|TCPW_HUMAN:sp|A0A1B0GTW7|CIROP_HUMAN:sp|Q9NRM1|ENAM_HUMAN:sp|Q8IZ69|TRM2A_HUMAN:sp|O75096|LRP4_HUMAN:sp|Q96ND8|ZN583_HUMAN:sp|Q96PX9|PKH4B_HUMAN:sp|Q86TB3|ALPK2_HUMAN:sp|Q9P2F9|ZN319_HUMAN:sp|O75164|KDM4A_HUMAN:sp|Q02338|BDH_HUMAN:sp|Q9P273|TEN3_HUMAN:sp|Q8N7Z5|ANR31_HUMAN:sp|P17098|ZNF8_HUMAN:sp|Q99594|TEAD3_HUMAN:sp|P49221|TGM4_HUMAN:sp|Q8IXP5|OCAT1_HUMAN:sp|Q6PJG6|BRAT1_HUMAN:sp|Q96GJ1|TRM2B_HUMAN:sp|O00411|RPOM_HUMAN:sp|Q9UJ68|MSRA_HUMAN:ZNF518A_DEL_A-p.T929Lfs*2_::chr10:96158599-96159599_frame=1:sp|Q9HC56|PCDH9_HUMAN:sp|Q9BX84|TRPM6_HUMAN:sp|Q0VGE8|ZN816_HUMAN:sp|Q2TAZ0|ATG2A_HUMAN:sp|Q99676|ZN184_HUMAN:sp|P49356|FNTB_HUMAN:sp|Q6IEG0|SNR48_HUMAN:sp|Q03001|DYST_HUMAN:sp|Q9UPN3|MACF1_HUMAN:sp|Q6UVY6|MOXD1_HUMAN:sp|O14594|NCAN_HUMAN:sp|A0A1W2PQL4|ZN722_HUMAN:sp|Q5T5C0|STXB5_HUMAN,DeepNovo
S(+42.01)LAKKTGAAL,42.67,1000.5917,10,70.0,10,2.5,501.30435,2,29.1199,-9.2801,0.71,10986,HFX193_IPP292_GEL_CRC_324_Odd.raw,8.21E5,3.83E6,1,1,1,1,"Acetylation (N-term)",,5 13 15 13 0 0 1 2 13 5,S(+42.01)LAKKTGAAL,sp|P54284|CACB3_HUMAN:DOCK3_DEL_C-p.P1852Qfs*45_::chr3:51379673-51380673_frame=2:sp|Q9BT40|INP5K_HUMAN:sp|Q9Y520|PRC2C_HUMAN:sp|Q9Y6N7|ROBO1_HUMAN:sp|Q9NWH2|TM242_HUMAN:sp|Q9C0D2|CE295_HUMAN:sp|Q8IYK2|CC105_HUMAN:sp|Q86VV8|RTTN_HUMAN:sp|Q8NFZ0|FBH1_HUMAN:sp|Q5VT06|CE350_HUMAN:sp|Q8WXH0|SYNE2_HUMAN:sp|Q8TD57|DYH3_HUMAN:sp|Q8IWX8|CHERP_HUMAN:sp|Q9H788|SH24A_HUMAN:sp|O76042|ERIT1_HUMAN:sp|Q8IWZ3|ANKH1_HUMAN:sp|Q9Y5Y2|NUBP2_HUMAN:sp|Q9Y4A5|TRRAP_HUMAN:sp|P13010|XRCC5_HUMAN:sp|Q96EG1|ARSG_HUMAN:sp|P36542|ATPG_HUMAN:sp|Q6F5E8|CARL2_HUMAN:sp|P19174|PLCG1_HUMAN:sp|Q9UJX4|APC5_HUMAN:sp|O00515|LAD1_HUMAN:sp|Q99700|ATX2_HUMAN:sp|P28331|NDUS1_HUMAN:sp|Q5SW96|ARH_HUMAN:sp|Q9C0G6|DYH6_HUMAN:sp|Q9H583|HEAT1_HUMAN:sp|P53675|CLH2_HUMAN:sp|Q5TEZ5|CF163_HUMAN:sp|Q15434|RBMS2_HUMAN:sp|Q9BXT5|TEX15_HUMAN:sp|Q9H0D2|ZN541_HUMAN:RNF43_DEL_C-p.G659Vfs*41_::chr17:58357300-58358300_frame=-3:sp|P55084|ECHB_HUMAN:sp|Q9NPI1|BRD7_HUMAN:sp|P04004|VTNC_HUMAN:sp|P42345|MTOR_HUMAN:sp|Q7LBC6|KDM3B_HUMAN:sp|A4D263|SPT48_HUMAN:sp|Q92614|MY18A_HUMAN:sp|M0R2J8|DCDC1_HUMAN:sp|Q9NY15|STAB1_HUMAN:sp|P46777|RL5_HUMAN:sp|Q6ZQQ6|WDR87_HUMAN:sp|Q8TES7|FBF1_HUMAN:sp|Q8IY31|IFT20_HUMAN:sp|Q9UKF6|CPSF3_HUMAN:sp|P10636|TAU_HUMAN:sp|O00624|NPT3_HUMAN:sp|Q13753|LAMC2_HUMAN:sp|Q7Z5J4|RAI1_HUMAN:sp|Q5THJ4|VP13D_HUMAN:sp|Q8WU67|ABHD3_HUMAN:sp|Q6P1X5|TAF2_HUMAN:sp|P21462|FPR1_HUMAN:sp|O95861|BPNT1_HUMAN:sp|Q16537|2A5E_HUMAN:sp|P52948|NUP98_HUMAN:sp|Q70CQ4|UBP31_HUMAN:sp|Q5VYK3|ECM29_HUMAN:sp|O15018|PDZD2_HUMAN:sp|P18206|VINC_HUMAN:sp|Q9Y2C5|S17A4_HUMAN:sp|P55265|DSRAD_HUMAN:sp|O95153|RIMB1_HUMAN:sp|Q9NQ90|ANO2_HUMAN:sp|Q8IYW2|CFA46_HUMAN:sp|A6NMX2|I4E1B_HUMAN:sp|Q9BXU1|STK31_HUMAN:sp|Q9Y485|DMXL1_HUMAN:sp|O75683|SURF6_HUMAN:sp|P13667|PDIA4_HUMAN:sp|A0PK05|TMM72_HUMAN:sp|Q9ULT0|TTC7A_HUMAN:sp|Q9BZ72|PITM2_HUMAN:sp|O94983|CMTA2_HUMAN:sp|O75334|LIPA2_HUMAN,DeepNovo
S(+42.01)LAKRVRSL,33.68,1070.6560,9,77.8,9,0.5,357.89279,3,30.4411,-9.0589,0.01,11506,HFX193_IPP292_GEL_CRC_324_Even.raw,1.74E6,1.38E7,2,2,2,2,"Acetylation (N-term)",,5 14 18 9 3 3 0 0 5,S(+42.01)LAKRVRSL,sp|P54284|CACB3_HUMAN:sp|P04075|ALDOA_HUMAN:sp|Q5W064|LIPJ_HUMAN:sp|A2RRP1|NBAS_HUMAN:sp|Q14244|MAP7_HUMAN:sp|Q5TGP6|MROH9_HUMAN:sp|Q08289|CACB2_HUMAN:sp|Q00975|CAC1B_HUMAN:sp|Q6ZMI0|PPR21_HUMAN:sp|Q9BPX3|CND3_HUMAN:sp|Q00610|CLH1_HUMAN:sp|Q3B8N5|PROX2_HUMAN:sp|Q9ULW3|ABT1_HUMAN:sp|Q86UU1|PHLB1_HUMAN:sp|O15231|ZN185_HUMAN:sp|Q4KWH8|PLCH1_HUMAN:sp|Q6ZRS2|SRCAP_HUMAN:sp|O60312|AT10A_HUMAN:sp|Q8NBZ7|UXS1_HUMAN:tr|A0A8V8TLD8|A0A8V8TLD8_HUMAN:sp|Q9BV73|CP250_HUMAN:sp|Q07889|SOS1_HUMAN:sp|Q99469|STAC_HUMAN:sp|Q9Y673|ALG5_HUMAN:sp|P54278|PMS2_HUMAN:sp|P52657|T2AG_HUMAN:sp|Q12815|TROAP_HUMAN:sp|O14497|ARI1A_HUMAN:sp|Q07869|PPARA_HUMAN:sp|P07098|LIPG_HUMAN:sp|P09622|DLDH_HUMAN:ADD3_DEL_A-p.K701Rfs*8_::chr10:110133092-110134092_frame=2:sp|Q9Y6Q2|STON1_HUMAN:sp|Q8NFD5|ARI1B_HUMAN:sp|P11233|RALA_HUMAN:sp|O95786|RIGI_HUMAN:sp|P50995|ANX11_HUMAN:sp|Q5T1V6|DDX59_HUMAN:sp|Q92541|RTF1_HUMAN:sp|Q9UK32|KS6A6_HUMAN:sp|P22894|MMP8_HUMAN:sp|Q8NBH2|KY_HUMAN:sp|Q8N1V2|CFA52_HUMAN:sp|Q15172|2A5A_HUMAN:sp|Q9UEY8|ADDG_HUMAN:sp|Q9NZI7|UBIP1_HUMAN:sp|P01033|TIMP1_HUMAN:sp|Q9HAU5|RENT2_HUMAN:sp|P30626|SORCN_HUMAN:sp|Q02641|CACB1_HUMAN:sp|O15243|OBRG_HUMAN:sp|Q86UW6|N4BP2_HUMAN:sp|Q8TDX6|CGAT1_HUMAN:sp|O43149|ZZEF1_HUMAN:sp|O75044|SRGP2_HUMAN:sp|A0A1B0GTU1|ZC11B_HUMAN:sp|P0DJJ0|SRG2C_HUMAN:sp|P18074|ERCC2_HUMAN:sp|Q9NPP4|NLRC4_HUMAN:sp|Q5JPH6|SYEM_HUMAN:sp|Q13136|LIPA1_HUMAN:sp|P0DMP2|SRG2B_HUMAN:sp|Q5DID0|UROL1_HUMAN:sp|O75628|REM1_HUMAN:sp|Q9ULL4|PLXB3_HUMAN:sp|Q8NGN7|O10D4_HUMAN:sp|Q8NH80|O10D3_HUMAN:sp|P52823|STC1_HUMAN:sp|P35670|ATP7B_HUMAN:sp|Q9H267|VP33B_HUMAN:sp|Q8TC41|RN217_HUMAN:sp|A7MBM2|DISP2_HUMAN:sp|P25089|FPR3_HUMAN:sp|Q6ZV29|PLPL7_HUMAN:sp|Q7Z6B7|SRGP1_HUMAN:sp|Q8IXL6|FA20C_HUMAN:sp|O75152|ZC11A_HUMAN:sp|Q7Z422|SZRD1_HUMAN:sp|O00305|CACB4_HUMAN:sp|Q92902|HPS1_HUMAN:sp|O75145|LIPA3_HUMAN:sp|P28358|HXD10_HUMAN:sp|Q13057|COASY_HUMAN:sp|P47775|GPR12_HUMAN:sp|Q9H2L4|TMM60_HUMAN:sp|P0DQW0|ZC11C_HUMAN:sp|Q9Y679|AUP1_HUMAN:sp|Q14CM0|FRPD4_HUMAN:sp|Q14147|DHX34_HUMAN:sp|Q9BUH6|PAXX_HUMAN:sp|Q7RTP6|MICA3_HUMAN,DeepNovo
S(+42.01)LDTLF,17.21,736.3643,6,50.0,6,0.2,737.37170,1,69.9785,-82.1215,0.25,27425,HFX193_IPP292_GEL_CRC_324_Even.raw,1.83E5,9.28E5,1,1,1,1,"Acetylation (N-term)",,0 0 0 4 8 5,S(+42.01)LDTLF,sp|A6NJJ6|CS067_HUMAN,DB Search
S(+42.01)LFKDKKAL,31.25,1090.6387,9,100.0,9,1.5,364.55402,3,34.7352,-14.5648,0.18,13277,HFX193_IPP292_GEL_CRC_324_Odd.raw,1.75E5,1.95E6,1,1,1,1,"Acetylation (N-term)",,2 2 18 8 5 4 3 3 5,S(+42.01)LFKDKKAL,sp|P29728|OAS2_HUMAN:sp|Q9P1P5|TAAR2_HUMAN:sp|P46939|UTRN_HUMAN:sp|Q0P6D6|CCD15_HUMAN:sp|Q9Y468|LMBL1_HUMAN:sp|Q9NYQ7|CELR3_HUMAN:sp|Q7L2E3|DHX30_HUMAN:sp|Q96A61|TRI52_HUMAN:sp|Q13029|PRDM2_HUMAN:sp|P0C0L5|CO4B_HUMAN:sp|Q8IWZ3|ANKH1_HUMAN:sp|A0A1B0GVR7|F240C_HUMAN:sp|Q16394|EXT1_HUMAN:sp|P49589|SYCC_HUMAN:sp|Q7Z7C8|TAF8_HUMAN:sp|Q96IJ6|GMPPA_HUMAN:sp|Q504Y0|S39AC_HUMAN:sp|Q9P2B4|CT2NL_HUMAN:sp|Q5TF39|MFS4B_HUMAN:sp|Q96D71|REPS1_HUMAN:sp|Q8N3P4|VPS8_HUMAN:sp|Q5SW79|CE170_HUMAN:sp|P63151|2ABA_HUMAN:sp|A6NGR9|MROH6_HUMAN:sp|Q92973|TNPO1_HUMAN:sp|Q9NXH3|PP14D_HUMAN:sp|Q99848|EBP2_HUMAN:sp|Q8NFH8|REPS2_HUMAN:sp|A6NNX1|RIAD1_HUMAN:sp|Q00005|2ABB_HUMAN:sp|O75146|HIP1R_HUMAN:sp|Q16831|UPP1_HUMAN:sp|Q9UG22|GIMA2_HUMAN:sp|P29084|T2EB_HUMAN:sp|Q96PX9|PKH4B_HUMAN:sp|Q12918|KLRB1_HUMAN:sp|Q9UFE4|CCD39_HUMAN:sp|Q8IWC1|MA7D3_HUMAN:sp|Q9NY61|AATF_HUMAN:sp|O00533|NCHL1_HUMAN:sp|Q9Y2U5|M3K2_HUMAN:sp|O75970|MPDZ_HUMAN:sp|P06730|IF4E_HUMAN:sp|Q66LE6|2ABD_HUMAN:sp|Q8IYX8|CE57L_HUMAN:sp|Q9P032|NDUF4_HUMAN:sp|O14787|TNPO2_HUMAN:sp|Q8IY17|PLPL6_HUMAN:sp|Q7Z3E1|PARPT_HUMAN:sp|A8K2U0|A2ML1_HUMAN:sp|O75165|DJC13_HUMAN:sp|Q01740|FMO1_HUMAN:sp|Q96L14|C170L_HUMAN:sp|Q9P2P6|STAR9_HUMAN:sp|Q9BVG3|TRI62_HUMAN:sp|O15397|IPO8_HUMAN:sp|Q06889|EGR3_HUMAN:sp|Q49MG5|MAP9_HUMAN:sp|Q08380|LG3BP_HUMAN:sp|Q9UPX6|MNAR1_HUMAN:sp|O43295|SRGP3_HUMAN:sp|Q8N960|CE120_HUMAN:sp|Q86UV5|UBP48_HUMAN:sp|Q9H3R2|MUC13_HUMAN:sp|Q6UUV7|CRTC3_HUMAN:sp|Q8N884|CGAS_HUMAN:sp|P14651|HXB3_HUMAN:sp|Q6P9F0|CCD62_HUMAN:sp|O00294|TULP1_HUMAN:sp|Q14565|DMC1_HUMAN:sp|O75376|NCOR1_HUMAN:sp|Q6Q4G3|AMPQ_HUMAN:sp|Q9BSL1|UBAC1_HUMAN:sp|Q7L014|DDX46_HUMAN:sp|P78406|RAE1L_HUMAN:sp|Q96EK2|PF21B_HUMAN:sp|P09630|HXC6_HUMAN:sp|P05060|SCG1_HUMAN:sp|Q8NF50|DOCK8_HUMAN:sp|Q96JE9|MAP6_HUMAN:sp|Q96JM4|LRIQ1_HUMAN:sp|O60832|DKC1_HUMAN:sp|Q8WWP7|GIMA1_HUMAN:sp|Q8WZ42|TITIN_HUMAN:sp|O95613|PCNT_HUMAN:sp|Q8WWZ1|IL1FA_HUMAN:sp|Q9NRJ5|PAPOB_HUMAN:sp|Q6N021|TET2_HUMAN:sp|A6NJ78|MET15_HUMAN:sp|Q8TE59|ATS19_HUMAN:sp|Q96B97|SH3K1_HUMAN:sp|Q14624|ITIH4_HUMAN:sp|Q16654|PDK4_HUMAN:sp|Q5TB80|CE162_HUMAN:sp|Q5VWN6|TASO2_HUMAN:sp|Q5RHP9|ERIC3_HUMAN:sp|P48506|GSH1_HUMAN:sp|P55347|PKNX1_HUMAN:sp|P42262|GRIA2_HUMAN:sp|Q9BU40|CRDL1_HUMAN:sp|P0C0L4|CO4A_HUMAN:sp|A5D8W1|CFA69_HUMAN:sp|Q96F81|DISP1_HUMAN:sp|P56545|CTBP2_HUMAN:sp|Q9UHJ3|SMBT1_HUMAN:sp|P18146|EGR1_HUMAN:sp|Q08334|I10R2_HUMAN:sp|Q58EX7|PKHG4_HUMAN:sp|Q1L5Z9|LONF2_HUMAN:sp|Q14562|DHX8_HUMAN:sp|Q4G176|ACSF3_HUMAN:sp|Q9H4Z2|ZN335_HUMAN:sp|Q86YG4|NT5D4_HUMAN:sp|Q8N3J6|CADM2_HUMAN:sp|Q9ULV0|MYO5B_HUMAN:sp|P42568|AF9_HUMAN:sp|P83110|HTRA3_HUMAN:sp|Q8TAV3|CP2W1_HUMAN:sp|Q8NE18|NSUN7_HUMAN:sp|Q86VW2|ARHGP_HUMAN,DeepNovo
S(+42.01)LFKKRAL,44.06,1003.6178,8,87.5,8,0.5,502.81644,2,33.7559,-4.9441,0.73,12857,HFX193_IPP292_GEL_CRC_324_Odd.raw,1.56E6,1.11E7,2,2,2,2,"Acetylation (N-term)",,5 17 30 30 10 0 3 5,S(+42.01)LFKKRAL,sp|Q15303|ERBB4_HUMAN:sp|Q9BWH6|RPAP1_HUMAN:sp|O60828|PQBP1_HUMAN:sp|A0AVI2|FR1L5_HUMAN:ADD3_INS_--A_p.E702Gfs*4::chr10:110133091-110134092_frame=-2:sp|Q2VIQ3|KIF4B_HUMAN:sp|P98194|AT2C1_HUMAN:sp|A2RU30|TESP1_HUMAN:sp|A6NIY4|SPDE5_HUMAN:sp|Q9Y4A5|TRRAP_HUMAN:sp|Q6YN16|HSDL2_HUMAN:sp|Q7RTY7|OVCH1_HUMAN:sp|Q96TA1|NIBA2_HUMAN:sp|P18669|PGAM1_HUMAN:sp|Q9BWT7|CAR10_HUMAN:sp|Q96G61|NUD11_HUMAN:sp|P54136|SYRC_HUMAN:sp|B6SEH8|ERVV1_HUMAN:sp|O14513|NCKP5_HUMAN:sp|Q8TDC0|MYOZ3_HUMAN:sp|Q8N7J2|AMER2_HUMAN:sp|Q8IZP7|H6ST3_HUMAN:sp|Q15437|SC23B_HUMAN:sp|Q9UL45|BL1S6_HUMAN:sp|Q96JF0|SIAT2_HUMAN:sp|Q9NVE5|UBP40_HUMAN:sp|Q3KP66|INAVA_HUMAN:sp|O95996|APCL_HUMAN:sp|Q8NCN2|ZBT34_HUMAN:sp|O15021|MAST4_HUMAN:sp|Q8NFP7|NUD10_HUMAN:sp|Q2WGJ9|FR1L6_HUMAN:sp|Q9NZJ9|NUDT4_HUMAN:sp|Q9HC38|GLOD4_HUMAN:sp|P29084|T2EB_HUMAN:sp|O14771|ZN213_HUMAN:sp|P50991|TCPD_HUMAN:sp|Q15848|ADIPO_HUMAN:sp|Q86XW9|TXND6_HUMAN:sp|Q14181|DPOA2_HUMAN:sp|Q8N944|AMER3_HUMAN:sp|P78312|F193A_HUMAN:sp|Q9P246|STIM2_HUMAN:sp|Q9NY47|CA2D2_HUMAN:sp|O75037|KI21B_HUMAN:sp|P62899|RL31_HUMAN:sp|P42224|STAT1_HUMAN:sp|P50336|PPOX_HUMAN:sp|Q6ZN66|GBP6_HUMAN:sp|Q6ZVH7|ESPNL_HUMAN:sp|Q9UBB5|MBD2_HUMAN:sp|Q9H6L5|RETR1_HUMAN:sp|Q14671|PUM1_HUMAN:sp|O75937|DNJC8_HUMAN:sp|P55285|CADH6_HUMAN:sp|Q13733|AT1A4_HUMAN:sp|P10600|TGFB3_HUMAN:sp|A6NMB1|SIG16_HUMAN:sp|Q8NEA6|GLIS3_HUMAN:sp|Q9NX07|TSAP1_HUMAN:sp|Q96DT5|DYH11_HUMAN:sp|Q12830|BPTF_HUMAN:sp|P50570|DYN2_HUMAN:sp|Q86XH1|DRC11_HUMAN:sp|Q01433|AMPD2_HUMAN:sp|Q86VS8|HOOK3_HUMAN:sp|Q8NHV4|NEDD1_HUMAN:sp|O00468|AGRIN_HUMAN:sp|P0CJ79|ZN888_HUMAN:sp|Q9H0K4|RSH6A_HUMAN:sp|Q6WKZ4|RFIP1_HUMAN:sp|O43868|S28A2_HUMAN:sp|Q96MU8|KREM1_HUMAN:sp|Q3KNT7|NSN5B_HUMAN:sp|Q6P4A8|PLBL1_HUMAN:sp|Q9UPU3|SORC3_HUMAN:sp|Q96K76|UBP47_HUMAN:sp|P78563|RED1_HUMAN:sp|Q9HC21|TPC_HUMAN:sp|Q86T24|KAISO_HUMAN:sp|P51681|CCR5_HUMAN:sp|P01138|NGF_HUMAN:sp|Q13523|PRP4B_HUMAN:sp|Q9UPU5|UBP24_HUMAN:sp|Q8NFV5|SPDE1_HUMAN:sp|Q9HC10|OTOF_HUMAN:sp|Q9BRH9|ZN251_HUMAN:sp|Q9UQN3|CHM2B_HUMAN:sp|O43506|ADA20_HUMAN:sp|Q08AI8|MB214_HUMAN:sp|O75132|ZBED4_HUMAN:sp|O14775|GNB5_HUMAN:sp|Q9H0D6|XRN2_HUMAN:sp|P35580|MYH10_HUMAN:sp|Q3ZCN5|OTOGL_HUMAN:sp|Q9GZS1|RPA49_HUMAN:sp|Q9BVK2|ALG8_HUMAN:sp|Q495Y8|SPDE2_HUMAN:sp|O00443|P3C2A_HUMAN:sp|Q93074|MED12_HUMAN:sp|Q9BSC4|NOL10_HUMAN:sp|P34896|GLYC_HUMAN:sp|Q9UI95|MD2L2_HUMAN:sp|Q9BY10|TSCOT_HUMAN:sp|B5MCY1|TDR15_HUMAN:sp|Q8IYW2|CFA46_HUMAN:sp|P35749|MYH11_HUMAN:sp|Q9Y6X9|MORC2_HUMAN:sp|Q14240|IF4A2_HUMAN:sp|P01133|EGF_HUMAN:ESRP1_DEL_A-p.N512Tfs*2_::chr8:94673883-94674883_frame=1:sp|Q17RW2|COOA1_HUMAN:sp|P38919|IF4A3_HUMAN:sp|Q13190|STX5_HUMAN:sp|Q8NCM8|DYHC2_HUMAN:sp|Q8WTT2|NOC3L_HUMAN:sp|O95239|KIF4A_HUMAN:sp|Q03468|ERCC6_HUMAN:sp|Q9NQ38|ISK5_HUMAN:sp|Q96JM2|ZN462_HUMAN,DeepNovo
S(+42.01)LGATAVR,26.56,815.4501,8,50.0,8,0.9,408.73270,2,31.7975,-14.3025,0.53,12093,HFX193_IPP292_GEL_CRC_324_Odd.raw,1.38E5,1.28E6,1,1,1,1,"Acetylation (N-term)",,0 0 0 0 5 3 3 5,S(+42.01)LGATAVR,,DeepNovo
S(+42.01)LGGKKKGAL,28.11,999.6077,10,50.0,10,0.0,334.20984,3,24.0529,10.1529,0.14,8912,HFX193_IPP292_GEL_CRC_324_Odd.raw,5.7E5,2.07E6,1,1,1,1,"Acetylation (N-term)",,0 0 0 0 2 5 0 5 13 5,S(+42.01)LGGKKKGAL,sp|Q92771|DDX12_HUMAN:sp|Q6UVK1|CSPG4_HUMAN:sp|P53708|ITA8_HUMAN:sp|Q9Y644|RFNG_HUMAN:sp|Q9BWX1|PHF7_HUMAN:sp|O75762|TRPA1_HUMAN:sp|Q9UJU6|DBNL_HUMAN:sp|Q9UL36|ZN236_HUMAN:sp|Q9GZQ3|COMD5_HUMAN:sp|Q9HB63|NET4_HUMAN:sp|Q8TD84|DSCL1_HUMAN:sp|P06756|ITAV_HUMAN:sp|Q8NF50|DOCK8_HUMAN:sp|Q15797|SMAD1_HUMAN:sp|Q9NPC7|MYNN_HUMAN:sp|P02461|CO3A1_HUMAN:sp|O95613|PCNT_HUMAN:sp|Q96NU0|CNT3B_HUMAN:sp|Q08379|GOGA2_HUMAN:sp|Q92621|NU205_HUMAN:sp|Q9BZ76|CNTP3_HUMAN:sp|Q8NBJ9|SIDT2_HUMAN:sp|Q8IYJ0|PIANP_HUMAN:sp|O15198|SMAD9_HUMAN:sp|O14545|TRAD1_HUMAN:sp|Q99717|SMAD5_HUMAN:sp|Q96FC9|DDX11_HUMAN:sp|A6QL63|ABTB3_HUMAN:sp|Q9Y5W7|SNX14_HUMAN:sp|O95352|ATG7_HUMAN:sp|Q9HAU4|SMUF2_HUMAN:sp|Q8IY63|AMOL1_HUMAN:sp|P55196|AFAD_HUMAN:sp|P46087|NOP2_HUMAN:sp|Q5BJF6|ODFP2_HUMAN:sp|O15042|SR140_HUMAN:sp|Q9HCE7|SMUF1_HUMAN:sp|P98175|RBM10_HUMAN:sp|P42704|LPPRC_HUMAN:sp|Q8IXR9|CL056_HUMAN:sp|Q86VY4|TSYL5_HUMAN:sp|Q7L3B6|CD37L_HUMAN:sp|Q9H0H9|C4F30_HUMAN:sp|P10911|MCF2_HUMAN:sp|Q86U38|NOP9_HUMAN:sp|Q8N2R0|OSR2_HUMAN:sp|Q9UBW7|ZMYM2_HUMAN:SETD1B_DEL_C-p.H8Tfs*27_::chr12:121804252-121805252_frame=3:sp|P08240|SRPRA_HUMAN:sp|P07204|TRBM_HUMAN:sp|P14618|KPYM_HUMAN:sp|A8MT70|ZBBX_HUMAN:sp|Q7Z5L2|R3HCL_HUMAN:sp|O75037|KI21B_HUMAN:sp|Q9BZC7|ABCA2_HUMAN:sp|O75312|ZPR1_HUMAN:sp|Q9UNZ5|L10K_HUMAN:sp|Q9H0V9|LMA2L_HUMAN:sp|Q15788|NCOA1_HUMAN:sp|Q8NB78|KDM1B_HUMAN:sp|Q494U1|PKHN1_HUMAN:sp|Q9Y2K3|MYH15_HUMAN:sp|P42702|LIFR_HUMAN:sp|Q7Z5L9|I2BP2_HUMAN:sp|Q9UPN9|TRI33_HUMAN:sp|Q02952|AKA12_HUMAN:sp|Q9UBK8|MTRR_HUMAN:sp|Q9NUD5|ZCHC3_HUMAN:sp|Q03701|CEBPZ_HUMAN:sp|P52746|ZN142_HUMAN:sp|A8MPP1|D11L8_HUMAN:sp|Q9Y2H9|MAST1_HUMAN:sp|P30040|ERP29_HUMAN:sp|P52756|RBM5_HUMAN:sp|Q09472|EP300_HUMAN:sp|Q7Z745|MRO2B_HUMAN:sp|Q9UHP3|UBP25_HUMAN:sp|P18505|GBRB1_HUMAN:sp|Q6PF18|MORN3_HUMAN:sp|Q3SXM5|HSDL1_HUMAN:sp|Q8N2Y8|RUSC2_HUMAN:sp|Q5T6S3|PHF19_HUMAN:sp|P49798|RGS4_HUMAN,DeepNovo
S(+42.01)LGGPKHKL,43.47,977.5658,9,77.8,9,2.2,489.79126,2,27.1114,7.0114,0.38,10139,HFX193_IPP292_GEL_CRC_324_Even.raw,3.92E5,3.56E6,1,1,1,1,"Acetylation (N-term)",,5 6 0 0 4 4 18 5 5,S(+42.01)LGGPKHKL,sp|P35568|IRS1_HUMAN:sp|Q69YU3|AN34A_HUMAN:sp|Q96AC1|FERM2_HUMAN:sp|Q9ULL5|PRR12_HUMAN:sp|P19544|WT1_HUMAN:sp|Q9Y5Y0|FLVC1_HUMAN:sp|P39880|CUX1_HUMAN:sp|Q8TB05|UBAD1_HUMAN:sp|Q92947|GCDH_HUMAN:sp|O76050|NEUL1_HUMAN:sp|Q08209|PP2BA_HUMAN:sp|Q9P0K1|ADA22_HUMAN:sp|Q9HCC6|HES4_HUMAN:sp|Q14703|MBTP1_HUMAN:sp|Q9H6F5|CCD86_HUMAN:sp|P12757|SKIL_HUMAN:sp|Q5T3U5|MRP7_HUMAN:sp|Q6ZMY3|SPOC1_HUMAN:sp|P10071|GLI3_HUMAN:sp|Q8NB90|SPAT5_HUMAN:sp|P48448|AL3B2_HUMAN:sp|Q12968|NFAC3_HUMAN:sp|Q9NY26|S39A1_HUMAN:sp|Q0VAK6|LMOD3_HUMAN:sp|Q96IJ6|GMPPA_HUMAN:sp|Q9NS98|SEM3G_HUMAN:sp|Q9H4M7|PKHA4_HUMAN:sp|A6NC98|CC88B_HUMAN:sp|Q5VWQ0|RSBN1_HUMAN:sp|Q8TDC0|MYOZ3_HUMAN:sp|A0A0J9YXQ4|PMA6E_HUMAN:sp|Q8NBF2|NHLC2_HUMAN:sp|Q14315|FLNC_HUMAN:sp|Q9UM22|EPDR1_HUMAN:sp|O60503|ADCY9_HUMAN:sp|Q8N1V2|CFA52_HUMAN:sp|Q68DN1|CB016_HUMAN:sp|Q99453|PHX2B_HUMAN:sp|Q5K651|SAMD9_HUMAN:sp|Q9C0C7|AMRA1_HUMAN:sp|Q9NRY4|RHG35_HUMAN:sp|Q96AD5|PLPL2_HUMAN:sp|Q9UPP2|IQEC3_HUMAN:sp|Q9BYE9|CDHR2_HUMAN:sp|Q14469|HES1_HUMAN:sp|Q9Y4G2|PKHM1_HUMAN:sp|O00110|OVOL3_HUMAN:sp|P07858|CATB_HUMAN:sp|Q9P2K9|DISP3_HUMAN:sp|Q9NUI1|DECR2_HUMAN:sp|O95450|ATS2_HUMAN:sp|Q9NTZ6|RBM12_HUMAN:sp|A7E2Y1|MYH7B_HUMAN:sp|P31153|METK2_HUMAN:sp|Q5VT97|SYDE2_HUMAN:sp|P26358|DNMT1_HUMAN:sp|P08572|CO4A2_HUMAN:sp|Q8NDH2|CC168_HUMAN:sp|O75185|AT2C2_HUMAN:sp|P43353|AL3B1_HUMAN:sp|Q8IW19|APLF_HUMAN:sp|Q9ULK6|RN150_HUMAN:sp|Q6T4R5|NHS_HUMAN:sp|Q6ZXV5|TMTC3_HUMAN:sp|Q9BYW1|GTR11_HUMAN:sp|Q7Z3Z4|PIWL4_HUMAN:sp|Q9UKL4|CXD2_HUMAN:sp|O60308|CE104_HUMAN:sp|P12755|SKI_HUMAN:sp|Q9H8L6|MMRN2_HUMAN:sp|Q96PZ0|PUS7_HUMAN:sp|Q7L8L6|FAKD5_HUMAN:sp|Q9UIV1|CNOT7_HUMAN:sp|Q15750|TAB1_HUMAN:sp|Q16540|RM23_HUMAN:sp|Q8IZD2|KMT2E_HUMAN:sp|Q9P0T7|TMEM9_HUMAN:sp|Q13107|UBP4_HUMAN:sp|Q6GMR7|FAAH2_HUMAN:sp|Q9BXJ9|NAA15_HUMAN:sp|P48634|PRC2A_HUMAN:sp|Q9Y485|DMXL1_HUMAN:sp|Q86WG5|MTMRD_HUMAN:sp|Q03181|PPARD_HUMAN:sp|O94913|PCF11_HUMAN:sp|O14613|BORG1_HUMAN:sp|O43347|MSI1H_HUMAN:sp|Q86UU0|BCL9L_HUMAN:sp|Q9P2G9|KLHL8_HUMAN:sp|Q96PN7|TREF1_HUMAN:sp|P31629|ZEP2_HUMAN:sp|Q9Y2G9|SBNO2_HUMAN:sp|Q00266|METK1_HUMAN:sp|Q99750|MDFI_HUMAN:sp|Q15149|PLEC_HUMAN,DeepNovo
S(+42.01)LGKKREL,31.91,971.5764,8,87.5,8,0.6,486.79575,2,25.7355,18.7355,0.73,9602,HFX193_IPP292_GEL_CRC_324_Odd.raw,4.78E5,4.98E6,3,3,2,2,"Acetylation (N-term)",,5 17 2 2 6 0 3 5,S(+42.01)LGKKREL,sp|Q9NVE4|CCD87_HUMAN,DB Search
S(+42.01)LGLGAI,18.57,671.3854,7,42.9,7,1.2,672.39343,1,73.0009,-68.2991,0.60,28601,HFX193_IPP292_GEL_CRC_324_Even.raw,2.74E4,2.14E5,1,1,1,1,"Acetylation (N-term)",,0 0 23 15 0 0 5,S(+42.01)LGLGAI,sp|Q8TDX9|PK1L1_HUMAN,DB Search
S(+42.01)LGRAPAGGTK,65.38,1055.5723,11,36.4,11,2.0,528.79449,2,26.5899,16.8899,0.50,9930,HFX193_IPP292_GEL_CRC_324_Odd.raw,4.11E6,2.68E7,2,2,2,2,"Acetylation (N-term)",,5 4 0 0 0 0 1 0 0 6 5,S(+42.01)LGRAPAGGTK,sp|Q9NXI6|RN186_HUMAN:sp|O14773|TPP1_HUMAN:sp|P52952|NKX25_HUMAN:sp|O14654|IRS4_HUMAN:sp|Q9UNE2|RPH3L_HUMAN:sp|P25490|TYY1_HUMAN:sp|A6H8M9|CDHR4_HUMAN:sp|Q9NPR2|SEM4B_HUMAN:sp|Q8NBP0|TTC13_HUMAN:sp|P0CJ90|DU4L7_HUMAN:sp|Q9NYQ7|CELR3_HUMAN:sp|P55198|AF17_HUMAN:sp|Q9Y5F9|PCDGI_HUMAN:sp|Q13428|TCOF_HUMAN:sp|Q6UXQ8|YO002_HUMAN:sp|Q86SX6|GLRX5_HUMAN:sp|P35348|ADA1A_HUMAN:sp|Q12974|TP4A2_HUMAN:sp|Q9NQR7|CC177_HUMAN:sp|Q8N7J2|AMER2_HUMAN:sp|Q86YV5|PRAG1_HUMAN:sp|Q99715|COCA1_HUMAN:sp|Q96JJ6|JPH4_HUMAN:sp|Q9Y4B5|MTCL1_HUMAN:sp|O43603|GALR2_HUMAN:sp|Q8TDR2|STK35_HUMAN:sp|Q9HBI5|CC014_HUMAN:sp|O95996|APCL_HUMAN:sp|P10266|POK10_HUMAN:sp|Q5TZA2|CROCC_HUMAN:sp|Q9UPA5|BSN_HUMAN:sp|Q9Y5G9|PCDG4_HUMAN:sp|Q5VV67|PPRC1_HUMAN:sp|Q9UQG0|POK11_HUMAN:sp|Q9Y5W3|KLF2_HUMAN:sp|Q2M2W7|CQ058_HUMAN:sp|Q9Y5G5|PCDG8_HUMAN:sp|Q2T9K0|TMM44_HUMAN:sp|Q9H903|MTD2L_HUMAN:sp|O75365|TP4A3_HUMAN:sp|P78524|DEN2B_HUMAN:sp|Q9BZE9|ASPC1_HUMAN:sp|Q15526|SURF1_HUMAN:sp|Q9Y5H2|PCDGB_HUMAN:sp|O15499|GSC2_HUMAN:sp|Q96Q04|LMTK3_HUMAN:sp|O60383|GDF9_HUMAN:sp|O75342|LX12B_HUMAN:sp|Q9Y5G7|PCDG6_HUMAN:sp|P60507|EFC1_HUMAN:sp|Q2KJY2|KI26B_HUMAN:sp|Q9GZV9|FGF23_HUMAN:sp|Q68D85|NR3L1_HUMAN:sp|A8K2U0|A2ML1_HUMAN:sp|P0CJ89|DU4L6_HUMAN:sp|Q7Z3B4|NUP54_HUMAN:sp|P67809|YBOX1_HUMAN:sp|A8MPP1|D11L8_HUMAN:sp|Q9Y566|SHAN1_HUMAN:sp|Q8N1X5|YF001_HUMAN:sp|Q5JRM2|CX066_HUMAN:sp|Q9UN71|PCDGG_HUMAN:sp|Q9Y5G6|PCDG7_HUMAN:sp|O15354|GPR37_HUMAN:sp|B7Z1M9|C2D4D_HUMAN:sp|Q76KP1|B4GN4_HUMAN:sp|Q902F9|EN113_HUMAN:sp|Q92771|DDX12_HUMAN:sp|Q9UBB9|TFP11_HUMAN:sp|P16403|H12_HUMAN:sp|O60888|CUTA_HUMAN:sp|Q8N2X6|EXAS1_HUMAN:sp|Q96I13|ABHD8_HUMAN:sp|P14543|NID1_HUMAN:sp|Q86UP3|ZFHX4_HUMAN:sp|Q7Z4P5|GDF7_HUMAN:sp|Q96RP9|EFGM_HUMAN:sp|Q5T953|IER5L_HUMAN:sp|Q9Y5H0|PCDG3_HUMAN:sp|O00507|USP9Y_HUMAN:sp|Q9P0W2|HM20B_HUMAN:sp|Q9UBP6|TRMB_HUMAN:sp|Q9C0A1|ZFHX2_HUMAN:sp|P40939|ECHA_HUMAN:sp|O95180|CAC1H_HUMAN:sp|O43164|PJA2_HUMAN:sp|P86452|ZBED6_HUMAN:sp|A8MQ27|NEU1B_HUMAN:sp|Q7Z739|YTHD3_HUMAN:sp|P41597|CCR2_HUMAN:sp|Q93096|TP4A1_HUMAN:sp|P36268|GGT2_HUMAN:sp|Q76N89|HECW1_HUMAN:sp|P61565|ENK21_HUMAN:sp|Q9NTN9|SEM4G_HUMAN:sp|O60337|MARH6_HUMAN:sp|Q8TBC3|SHKB1_HUMAN:sp|P0CJ86|DU4L3_HUMAN:sp|O95202|LETM1_HUMAN:sp|Q9GZM5|YIPF3_HUMAN:sp|P63135|POK7_HUMAN:sp|O60330|PCDGC_HUMAN:sp|Q9Y5F6|PCDGM_HUMAN:sp|Q8IXT2|DMRTD_HUMAN:sp|Q9Y5F8|PCDGJ_HUMAN:sp|Q75N90|FBN3_HUMAN:sp|A6NGU5|GGT3_HUMAN:sp|P10155|RO60_HUMAN:sp|P0CJ88|DU4L5_HUMAN:sp|Q9UM54|MYO6_HUMAN:sp|P0CJ85|DU4L2_HUMAN:sp|Q68DK7|MSL1_HUMAN:sp|Q86YB7|ECHD2_HUMAN:sp|B5MD39|GGTL3_HUMAN:sp|Q8N2U0|TM256_HUMAN:MXRA8_DEL_G-p.R301Gfs*107_::chr1:1354230-1355230_frame=2:sp|Q9UN70|PCDGK_HUMAN:tr|A0A590UJ96|A0A590UJ96_HUMAN:sp|Q9P2E5|CHPF2_HUMAN:sp|Q9Y297|FBW1A_HUMAN,DeepNovo
S(+42.01)LHKAYYFK,27.28,1197.6183,9,66.7,9,0.7,400.21362,3,34.2197,-10.8803,0.30,13046,HFX193_IPP292_GEL_CRC_324_Odd.raw,4.96E5,4.12E6,1,1,1,1,"Acetylation (N-term)",,0 0 2 4 3 3 0 4 4,S(+42.01)LHKAYYFK,sp|Q5VXM1|CDCP2_HUMAN,DeepNovo
S(+42.01)LHRKAAL,35.08,936.5505,8,100.0,8,1.7,469.28329,2,26.0888,19.9888,0.52,9730,HFX193_IPP292_GEL_CRC_324_Even.raw,5.33E5,6.06E6,1,1,1,1,"Acetylation (N-term)",,5 31 19 5 2 4 17 5,S(+42.01)LHRKAAL,sp|Q6IV72|ZN425_HUMAN:sp|O43781|DYRK3_HUMAN:sp|Q5VZ46|K1614_HUMAN:sp|Q4V348|Z658B_HUMAN:sp|Q8N5P1|ZC3H8_HUMAN:sp|Q5JTH9|RRP12_HUMAN:sp|Q8IYK2|CC105_HUMAN:sp|Q5PRF9|SMAG2_HUMAN:sp|Q12891|HYAL2_HUMAN:sp|Q86W92|LIPB1_HUMAN:sp|Q8TEJ3|SH3R3_HUMAN:sp|Q5TC82|RC3H1_HUMAN:sp|H3BR10|SMLR1_HUMAN:sp|P09601|HMOX1_HUMAN:sp|Q10586|DBP_HUMAN:sp|O15360|FANCA_HUMAN:sp|Q9NY93|DDX56_HUMAN:sp|Q9H254|SPTN4_HUMAN:sp|Q8N3Y3|LARG2_HUMAN:sp|Q5SYE7|NHSL1_HUMAN:sp|O75808|CAN15_HUMAN:sp|Q8NA54|IQUB_HUMAN:sp|P13584|CP4B1_HUMAN:sp|O00458|IFRD1_HUMAN:sp|O95319|CELF2_HUMAN:sp|Q13049|TRI32_HUMAN:sp|P0DJD0|RGPD1_HUMAN:sp|P57772|SELB_HUMAN:sp|Q96ST3|SIN3A_HUMAN:sp|P35475|IDUA_HUMAN:sp|Q8TC71|MIEAP_HUMAN:sp|Q9NNX1|TUFT1_HUMAN:sp|Q13394|MB211_HUMAN:sp|Q9H974|QTRT2_HUMAN:sp|P30273|FCERG_HUMAN:sp|Q96FF7|MISP3_HUMAN:sp|P03971|MIS_HUMAN:sp|Q12872|SFSWA_HUMAN:sp|Q8TAT2|FGFP3_HUMAN:sp|P40121|CAPG_HUMAN:sp|Q15154|PCM1_HUMAN:sp|Q9Y4F4|TGRM1_HUMAN:sp|Q99666|RGPD5_HUMAN:sp|O00178|GTPB1_HUMAN:sp|Q58F21|BRDT_HUMAN:sp|Q86WG5|MTMRD_HUMAN:sp|Q6ZS81|WDFY4_HUMAN:sp|Q9NTJ3|SMC4_HUMAN:sp|P26842|CD27_HUMAN:sp|Q96SY0|INT14_HUMAN:sp|P25189|MYP0_HUMAN:sp|O75533|SF3B1_HUMAN:sp|Q9BQN1|FA83C_HUMAN:sp|Q8IZD9|DOCK3_HUMAN:sp|Q9ULL5|PRR12_HUMAN:sp|Q92630|DYRK2_HUMAN:sp|Q9NV58|RN19A_HUMAN:sp|A6NKT7|RGPD3_HUMAN:sp|Q8TDJ6|DMXL2_HUMAN:sp|Q8N2X6|EXAS1_HUMAN:sp|Q8TDN4|CABL1_HUMAN:sp|Q96M69|LRGUK_HUMAN:sp|Q99698|LYST_HUMAN:sp|Q9ULJ7|ANR50_HUMAN:sp|Q9Y4I1|MYO5A_HUMAN:sp|O76024|WFS1_HUMAN:sp|O14715|RGPD8_HUMAN:sp|O43555|GON2_HUMAN:sp|Q96MW1|CCD43_HUMAN:sp|Q9BTV7|CABL2_HUMAN:sp|D6REC4|CFA99_HUMAN:sp|O75335|LIPA4_HUMAN:sp|P22352|GPX3_HUMAN:sp|Q9NRC6|SPTN5_HUMAN:sp|Q9H1K0|RBNS5_HUMAN:sp|Q9ULM0|PKHH1_HUMAN:sp|Q68DA7|FMN1_HUMAN:sp|Q12913|PTPRJ_HUMAN:sp|P15822|ZEP1_HUMAN:sp|Q9HBD1|RC3H2_HUMAN:sp|Q9P2D1|CHD7_HUMAN:sp|Q8TF72|SHRM3_HUMAN:MNS1_DEL_TT-p.K202Afs*5_::chr15:56444025-56445026_frame=-2:sp|Q8N9V7|TOPZ1_HUMAN:sp|P0DJD1|RGPD2_HUMAN:sp|Q3L8U1|CHD9_HUMAN:sp|Q5VU69|CP141_HUMAN:sp|Q4ZHG4|FNDC1_HUMAN:sp|Q96G01|BICD1_HUMAN:sp|Q8IXL9|IQCF2_HUMAN:sp|Q96LT7|CI072_HUMAN:sp|P42345|MTOR_HUMAN:sp|Q8TF74|WIPF2_HUMAN:sp|Q5VIY5|ZN468_HUMAN:sp|P61163|ACTZ_HUMAN:sp|Q7RTW8|OTOAN_HUMAN:sp|P19827|ITIH1_HUMAN:sp|Q9NXA8|SIR5_HUMAN:sp|Q6UX71|PXDC2_HUMAN:sp|Q68E01|INT3_HUMAN:sp|P06396|GELS_HUMAN:sp|O00462|MANBA_HUMAN:sp|Q2M3G4|SHRM1_HUMAN:sp|P19838|NFKB1_HUMAN:sp|Q8IYK4|GT252_HUMAN:sp|Q8TD26|CHD6_HUMAN:sp|Q92879|CELF1_HUMAN:sp|Q9Y586|MB212_HUMAN:sp|Q7Z3J3|RGPD4_HUMAN:sp|Q8N1T3|MYO1H_HUMAN:sp|Q8NI60|COQ8A_HUMAN:sp|P49792|RBP2_HUMAN:sp|Q9HCK8|CHD8_HUMAN:sp|Q8N6M8|IQCF1_HUMAN:sp|P50748|KNTC1_HUMAN:sp|A2VEC9|SSPO_HUMAN:sp|Q8NBJ5|GT251_HUMAN:sp|Q6V702|CF299_HUMAN:sp|Q8IZT6|ASPM_HUMAN:sp|Q6PGQ7|BORA_HUMAN,DeepNovo
S(+42.01)LIEEL,15.86,744.3905,6,66.7,6,0.0,745.39777,1,67.8600,-77.0400,0.71,26477,HFX193_IPP292_GEL_CRC_324_Even.raw,3.95E6,1.92E7,3,3,1,1,"Acetylation (N-term)",,0 0 23 23 26 5,S(+42.01)LIEEL,sp|O15078|CE290_HUMAN,DB Search
S(+42.01)LKAGRARYL,47.18,1175.6775,10,10.0,10,1.0,588.84662,2,31.3345,-9.9655,0.17,11871,HFX193_IPP292_GEL_CRC_324_Odd.raw,5.37E6,4.33E7,2,2,2,2,"Acetylation (N-term)",,4 1 0 0 0 0 0 0 0 0,S(+42.01)LKAGRARYL,sp|Q6P1M9|ARMX5_HUMAN:sp|Q12789|TF3C1_HUMAN:sp|Q9UBG0|MRC2_HUMAN:sp|Q13395|TARB1_HUMAN:sp|Q6GYQ0|RGPA1_HUMAN:sp|Q96T53|MBOA4_HUMAN:sp|Q8N0Z8|PUSL1_HUMAN:sp|Q8IZM8|ZN654_HUMAN:sp|O94916|NFAT5_HUMAN:sp|P13639|EF2_HUMAN:sp|O75153|CLU_HUMAN:sp|Q96KK3|KCNS1_HUMAN:sp|P15374|UCHL3_HUMAN,DeepNovo
S(+42.01)LKAKAKEALT,42.72,1200.7078,11,100.0,11,0.7,401.24347,3,26.7453,-1.3547,0.22,10017,HFX193_IPP292_GEL_CRC_324_Odd.raw,9.44E5,8.88E6,2,2,1,1,"Acetylation (N-term)",,3 3 5 3 5 5 13 10 10 11 5,S(+42.01)LKAKAKEALT,,DeepNovo
S(+42.01)LKARTSL,22.44,916.5342,8,75.0,8,2.8,459.27563,2,30.1822,-5.6178,0.26,11410,HFX193_IPP292_GEL_CRC_324_Even.raw,7.1E5,5.97E6,1,1,1,1,"Acetylation (N-term)",,3 3 8 0 0 17 13 5,S(+42.01)LKARTSL,,DeepNovo
S(+42.01)LKDKRAGL,46.06,1028.5978,9,77.8,9,1.0,515.30670,2,25.8668,12.6668,0.61,9668,HFX193_IPP292_GEL_CRC_324_Odd.raw,1.28E6,7.9E6,2,2,2,2,"Acetylation (N-term)",,5 14 20 20 5 5 0 0 5,S(+42.01)LKDKRAGL,sp|Q14789|GOGB1_HUMAN:sp|P17538|CTRB1_HUMAN:sp|Q01484|ANK2_HUMAN:sp|Q9BR77|CCD77_HUMAN:sp|Q9C0D2|CE295_HUMAN:sp|P35968|VGFR2_HUMAN:sp|Q8NBP0|TTC13_HUMAN:sp|Q8N3S3|PHTF2_HUMAN:sp|Q9H1N7|S35B3_HUMAN:sp|Q96JH7|VCIP1_HUMAN:sp|Q8N4C8|MINK1_HUMAN:sp|Q7L3T8|SYPM_HUMAN:sp|Q86VP1|TAXB1_HUMAN:sp|Q8N1L4|CP4Z2_HUMAN:sp|Q8WV48|CC107_HUMAN:sp|Q6VY07|PACS1_HUMAN:sp|Q5JTY5|ZNG1C_HUMAN:sp|Q96PB1|CASD1_HUMAN:sp|O75083|WDR1_HUMAN:sp|Q9UID6|ZN639_HUMAN:sp|P51878|CASP5_HUMAN:sp|Q99700|ATX2_HUMAN:sp|Q9UKP5|ATS6_HUMAN:sp|Q5TIA1|MEI1_HUMAN:sp|Q13224|NMDE2_HUMAN:sp|Q8IUF1|ZNG1B_HUMAN:sp|Q9NQ11|AT132_HUMAN:sp|Q9Y450|HBS1L_HUMAN:sp|Q9Y5W7|SNX14_HUMAN:sp|Q8WVB6|CTF18_HUMAN:sp|Q6ZRF8|RN207_HUMAN:sp|O00206|TLR4_HUMAN:sp|Q12791|KCMA1_HUMAN:sp|Q96NY8|NECT4_HUMAN:sp|O75175|CNOT3_HUMAN:sp|Q9BRT8|ZNG1A_HUMAN:sp|A6NE52|WDR97_HUMAN:sp|Q14DG7|T132B_HUMAN:sp|Q12809|KCNH2_HUMAN:sp|Q9Y2U5|M3K2_HUMAN:sp|Q5JR59|MTUS2_HUMAN:sp|Q5THJ4|VP13D_HUMAN:sp|A6NCC3|GOG8O_HUMAN:sp|Q9H9C1|SPE39_HUMAN:sp|Q9UBL0|ARP21_HUMAN:sp|I6L899|GOG8R_HUMAN:sp|Q562F6|SGO2_HUMAN:sp|Q9NS40|KCNH7_HUMAN:sp|O96017|CHK2_HUMAN:sp|P12111|CO6A3_HUMAN:sp|Q2TAZ0|ATG2A_HUMAN:sp|Q96CN5|LRC45_HUMAN:sp|Q8TD31|CCHCR_HUMAN:sp|P29466|CASP1_HUMAN:sp|Q93100|KPBB_HUMAN:sp|Q9NXL2|ARH38_HUMAN:sp|Q6GPI1|CTRB2_HUMAN:sp|Q86VS8|HOOK3_HUMAN:sp|Q9ULD9|ZN608_HUMAN:sp|O75116|ROCK2_HUMAN:sp|Q8WXI7|MUC16_HUMAN:sp|Q5H9R4|ARMX4_HUMAN:sp|P49754|VPS41_HUMAN:sp|P43897|EFTS_HUMAN:sp|Q7Z333|SETX_HUMAN:sp|H3BV12|GOG8Q_HUMAN:sp|Q92556|ELMO1_HUMAN:sp|Q96JE9|MAP6_HUMAN:sp|Q7LGA3|HS2ST_HUMAN:sp|Q9P212|PLCE1_HUMAN:sp|Q4V339|ZNG1F_HUMAN:sp|O94927|HAUS5_HUMAN:sp|P36915|GNL1_HUMAN:sp|Q9Y466|NR2E1_HUMAN:sp|Q9Y4B6|DCAF1_HUMAN:sp|F8WBI6|GOG8N_HUMAN:sp|P49662|CASP4_HUMAN:sp|Q9NRC6|SPTN5_HUMAN:sp|Q8NDV7|TNR6A_HUMAN:sp|Q8NFY9|KBTB8_HUMAN:sp|Q6UXS9|CASPC_HUMAN:sp|Q8N2I9|STK40_HUMAN:sp|Q96LU7|MRFL_HUMAN:sp|Q96EX1|SIM12_HUMAN:sp|Q9UPU5|UBP24_HUMAN:sp|Q86W10|CP4Z1_HUMAN:sp|Q6AI14|SL9A4_HUMAN:sp|H7BZ55|CRCC2_HUMAN:sp|Q8TB52|FBX30_HUMAN:sp|P41597|CCR2_HUMAN:sp|Q96L42|KCNH8_HUMAN:sp|P04437|TVA29_HUMAN:sp|Q15628|TRADD_HUMAN:sp|Q3L8U1|CHD9_HUMAN:sp|Q12899|TRI26_HUMAN:sp|Q6P2H3|CEP85_HUMAN:sp|P49454|CENPF_HUMAN:sp|Q5RIA9|ZNG1E_HUMAN:sp|O95202|LETM1_HUMAN:sp|Q13145|BAMBI_HUMAN:sp|P49840|GSK3A_HUMAN:sp|Q9BXC1|GP174_HUMAN:sp|Q53EQ6|TIGD5_HUMAN:sp|Q99590|SCAFB_HUMAN:sp|Q9NRR1|CYTL1_HUMAN:sp|Q8NG08|HELB_HUMAN:sp|Q96L50|LLR1_HUMAN:sp|P20839|IMDH1_HUMAN:sp|Q96PN6|ADCYA_HUMAN:sp|P30307|MPIP3_HUMAN:sp|Q8WVH0|CPLX3_HUMAN:sp|P35749|MYH11_HUMAN:sp|Q5CZC0|FSIP2_HUMAN:sp|Q2LD37|BLTP1_HUMAN:sp|Q9Y2W2|WBP11_HUMAN:sp|Q5T5U3|RHG21_HUMAN:sp|P49841|GSK3B_HUMAN:sp|Q5PT55|NTCP5_HUMAN:sp|P55199|ELL_HUMAN:sp|P34998|CRFR1_HUMAN,DeepNovo
S(+42.01)LKEKAKL,25.24,957.5859,8,100.0,8,1.8,479.80106,2,27.0124,10.8124,0.32,10096,HFX193_IPP292_GEL_CRC_324_Even.raw,2.12E6,1.64E7,4,4,4,4,"Acetylation (N-term)",,5 11 12 6 4 4 7 5,S(+42.01)LKEKAKL,sp|Q8IYA2|C144C_HUMAN:sp|Q9BWT6|MND1_HUMAN:sp|P52701|MSH6_HUMAN:sp|Q5VT06|CE350_HUMAN:sp|Q96Q06|PLIN4_HUMAN:sp|Q96JH7|VCIP1_HUMAN:sp|Q6ZRS2|SRCAP_HUMAN:sp|Q7Z589|EMSY_HUMAN:sp|Q8ND07|BBOF1_HUMAN:sp|Q13428|TCOF_HUMAN:sp|Q460N5|PAR14_HUMAN:sp|Q75QN2|INT8_HUMAN:sp|Q8IWZ3|ANKH1_HUMAN:sp|P46013|KI67_HUMAN:sp|Q6UB98|ANR12_HUMAN:sp|Q9H254|SPTN4_HUMAN:sp|Q8WXA9|SREK1_HUMAN:sp|P19823|ITIH2_HUMAN:sp|Q9NRL2|BAZ1A_HUMAN:sp|Q12766|HMGX3_HUMAN:sp|Q8N1Q1|CAH13_HUMAN:sp|Q9Y2K7|KDM2A_HUMAN:sp|Q9Y255|PRLD1_HUMAN:sp|Q7Z4Q2|HEAT3_HUMAN:sp|Q92541|RTF1_HUMAN:sp|Q9UI46|DNAI1_HUMAN:sp|Q96Q27|ASB2_HUMAN:sp|Q9HAI6|TASL_HUMAN:sp|Q14681|KCTD2_HUMAN:sp|Q5TZA2|CROCC_HUMAN:sp|Q6ZR37|PKHG7_HUMAN:sp|P30622|CLIP1_HUMAN:sp|Q7Z2Y8|GVIN1_HUMAN:sp|Q93008|USP9X_HUMAN:sp|Q8TCG1|CIP2A_HUMAN:sp|Q92730|RND1_HUMAN:sp|Q9P291|ARMX1_HUMAN:sp|P27987|IP3KB_HUMAN:sp|A6NE52|WDR97_HUMAN:sp|Q8NDA2|HMCN2_HUMAN:sp|Q5JPF3|AN36C_HUMAN:sp|P15924|DESP_HUMAN:sp|Q8N9B8|RGF1A_HUMAN:sp|Q99707|METH_HUMAN:sp|P40205|NCYM_HUMAN:sp|Q5JY77|GASP1_HUMAN:sp|A6NCC3|GOG8O_HUMAN:sp|P46926|GNPI1_HUMAN:sp|A4IF30|S35F4_HUMAN:sp|Q16655|MAR1_HUMAN:sp|I6L899|GOG8R_HUMAN:sp|O95359|TACC2_HUMAN:sp|Q3B820|F161A_HUMAN:sp|Q8TC27|ADA32_HUMAN:sp|Q8TC21|ZN596_HUMAN:sp|Q9BZE2|PUS3_HUMAN:sp|Q6NVV1|R13P3_HUMAN:sp|Q9H3U1|UN45A_HUMAN:sp|Q9Y4A0|JERKL_HUMAN:sp|Q9UKA4|AKA11_HUMAN:sp|Q9Y305|ACOT9_HUMAN:sp|Q12830|BPTF_HUMAN:sp|Q8TD31|CCHCR_HUMAN:sp|P11532|DMD_HUMAN:sp|P10589|COT1_HUMAN:sp|Q86XA9|HTR5A_HUMAN:sp|Q6JQN1|ACD10_HUMAN:sp|Q92783|STAM1_HUMAN:sp|Q8N5V2|NGEF_HUMAN:sp|Q6PIY5|ARMD1_HUMAN:sp|Q6P2Q9|PRP8_HUMAN:sp|Q8N8V4|ANS4B_HUMAN:sp|Q00987|MDM2_HUMAN:sp|Q92782|DPF1_HUMAN:sp|Q9UKE5|TNIK_HUMAN:sp|P28340|DPOD1_HUMAN:sp|Q96N77|ZN641_HUMAN:sp|Q13936|CAC1C_HUMAN:sp|P35240|MERL_HUMAN:sp|Q8IVM0|CCD50_HUMAN:sp|Q5TB80|CE162_HUMAN:sp|Q9NQG6|MID51_HUMAN:sp|P07196|NFL_HUMAN:ZNF518A_DEL_A-p.T929Lfs*2_::chr10:96158599-96159599_frame=2:sp|P25092|GUC2C_HUMAN:sp|Q15075|EEA1_HUMAN:sp|Q70CQ2|UBP34_HUMAN:sp|Q9BY49|PECR_HUMAN:sp|Q9UKV3|ACINU_HUMAN:sp|Q9Y6Y1|CMTA1_HUMAN:sp|O75064|DEN4B_HUMAN:sp|P35580|MYH10_HUMAN:sp|P08240|SRPRA_HUMAN:sp|Q9NZJ4|SACS_HUMAN:sp|A6QL64|AN36A_HUMAN:sp|O15061|SYNEM_HUMAN:sp|Q6UXF7|CL18B_HUMAN:sp|O15078|CE290_HUMAN:sp|Q09470|KCNA1_HUMAN:sp|Q9UIG0|BAZ1B_HUMAN:sp|Q8N2F6|ARM10_HUMAN:sp|Q99590|SCAFB_HUMAN:sp|Q86YR7|MF2L2_HUMAN:sp|Q9BY44|EIF2A_HUMAN:sp|Q9NQW8|CNGB3_HUMAN:sp|Q14582|MAD4_HUMAN:sp|Q9NQZ2|SAS10_HUMAN:sp|P08603|CFAH_HUMAN:sp|Q68CQ4|UTP25_HUMAN:sp|Q63HQ2|EGFLA_HUMAN:sp|Q9NR48|ASH1L_HUMAN:sp|Q5T5U3|RHG21_HUMAN:sp|P33121|ACSL1_HUMAN:sp|Q96JJ3|ELMO2_HUMAN:sp|Q8TF21|ANR24_HUMAN:sp|Q9UPR0|PLCL2_HUMAN:sp|O95239|KIF4A_HUMAN:sp|P48426|PI42A_HUMAN:sp|O75886|STAM2_HUMAN:sp|Q7L311|ARMX2_HUMAN,DeepNovo
S(+42.01)LKEKASL,28.27,916.5229,8,100.0,8,1.0,459.26920,2,30.2599,-3.8401,0.65,11431,HFX193_IPP292_GEL_CRC_324_Even.raw,4.12E5,8.44E6,1,1,1,1,"Acetylation (N-term)",,5 9 16 8 4 4 9 5,S(+42.01)LKEKASL,sp|Q7L2Z9|CENPQ_HUMAN:sp|Q8IYA2|C144C_HUMAN:sp|P52701|MSH6_HUMAN:sp|Q8WWL7|CCNB3_HUMAN:sp|P10746|HEM4_HUMAN:sp|Q9Y5Q9|TF3C3_HUMAN:sp|Q9Y620|RA54B_HUMAN:sp|Q86T82|UBP37_HUMAN:sp|Q5VT06|CE350_HUMAN:sp|O14986|PI51B_HUMAN:sp|Q86W92|LIPB1_HUMAN:sp|Q13535|ATR_HUMAN:sp|Q96EX2|RNFT2_HUMAN:sp|Q460N5|PAR14_HUMAN:sp|Q75QN2|INT8_HUMAN:sp|A6H8Y1|BDP1_HUMAN:sp|Q08378|GOGA3_HUMAN:sp|Q6UB98|ANR12_HUMAN:sp|Q8WXA9|SREK1_HUMAN:sp|P19823|ITIH2_HUMAN:sp|Q8TBE7|S35G2_HUMAN:sp|Q6PRD1|GP179_HUMAN:sp|Q8N1Q1|CAH13_HUMAN:sp|Q8WXG6|MADD_HUMAN:sp|Q14004|CDK13_HUMAN:sp|Q7Z4Q2|HEAT3_HUMAN:sp|Q5VUD6|DIK1B_HUMAN:sp|Q96M85|YV008_HUMAN:sp|C9JCN9|HSBPL_HUMAN:sp|Q9Y2P4|S27A6_HUMAN:sp|Q9H269|VPS16_HUMAN:sp|Q9HAI6|TASL_HUMAN:sp|Q01804|OTUD4_HUMAN:sp|P52333|JAK3_HUMAN:sp|Q6ZR37|PKHG7_HUMAN:sp|P30622|CLIP1_HUMAN:sp|O94868|FCSD2_HUMAN:sp|O60318|GANP_HUMAN:sp|Q14592|ZN460_HUMAN:sp|Q8TCG1|CIP2A_HUMAN:sp|Q15643|TRIPB_HUMAN:sp|A0MZ66|SHOT1_HUMAN:sp|Q3BBV2|NBPF8_HUMAN:sp|Q8N0X4|CLYBL_HUMAN:sp|A6NE52|WDR97_HUMAN:sp|Q9BYS8|LRRC2_HUMAN:sp|Q9P266|JCAD_HUMAN:sp|P15924|DESP_HUMAN:sp|P40205|NCYM_HUMAN:sp|Q9Y6I8|PXMP4_HUMAN:sp|Q04671|P_HUMAN:sp|P46926|GNPI1_HUMAN:sp|A4IF30|S35F4_HUMAN:sp|P46020|KPB1_HUMAN:sp|Q9NRR4|RNC_HUMAN:sp|Q16655|MAR1_HUMAN:sp|Q3B820|F161A_HUMAN:sp|Q8TC27|ADA32_HUMAN:sp|Q702N8|XIRP1_HUMAN:sp|Q9UKA4|AKA11_HUMAN:sp|Q9Y305|ACOT9_HUMAN:sp|Q13061|TRDN_HUMAN:sp|Q8TD31|CCHCR_HUMAN:sp|P11532|DMD_HUMAN:sp|Q96KN7|RPGR1_HUMAN:sp|P10589|COT1_HUMAN:sp|Q8N6T3|ARFG1_HUMAN:sp|Q6P3W6|NBPFA_HUMAN:sp|Q92783|STAM1_HUMAN:sp|Q6PIY5|ARMD1_HUMAN:sp|Q9BPZ7|SIN1_HUMAN:sp|P01008|ANT3_HUMAN:sp|Q9UJC3|HOOK1_HUMAN:sp|Q5TAG4|NBPFC_HUMAN:sp|Q9H094|NBPF3_HUMAN:sp|P21757|MSRE_HUMAN:sp|A8TX70|CO6A5_HUMAN:sp|Q96N77|ZN641_HUMAN:sp|Q8IVM0|CCD50_HUMAN:sp|Q5TB80|CE162_HUMAN:sp|Q9NQG6|MID51_HUMAN:sp|Q9UJT2|TSKS_HUMAN:sp|Q9HD67|MYO10_HUMAN:sp|H7BZ55|CRCC2_HUMAN:sp|P25092|GUC2C_HUMAN:sp|Q15075|EEA1_HUMAN:sp|Q9C0I1|MTMRC_HUMAN:sp|Q70CQ2|UBP34_HUMAN:sp|Q9H981|ARP8_HUMAN:sp|P16452|EPB42_HUMAN:sp|Q02224|CENPE_HUMAN:sp|Q5T848|GP158_HUMAN:sp|A5D8W1|CFA69_HUMAN:sp|O75064|DEN4B_HUMAN:sp|P35580|MYH10_HUMAN:sp|Q5SZJ8|BEND6_HUMAN:sp|Q9BQS8|FYCO1_HUMAN:sp|Q9NZJ4|SACS_HUMAN:sp|Q9UPR3|SMG5_HUMAN:sp|O15078|CE290_HUMAN:sp|Q86T75|NBPFB_HUMAN:sp|P29218|IMPA1_HUMAN:sp|Q8N2F6|ARM10_HUMAN:sp|Q14582|MAD4_HUMAN:sp|Q6NUQ4|TM214_HUMAN:sp|Q9Y6D9|MD1L1_HUMAN:sp|Q6UWM7|LCTL_HUMAN:sp|Q63HQ2|EGFLA_HUMAN:sp|Q14571|ITPR2_HUMAN:sp|O75330|HMMR_HUMAN:sp|Q9BW04|SARG_HUMAN:sp|Q9NR48|ASH1L_HUMAN:sp|Q96JJ3|ELMO2_HUMAN:sp|P31629|ZEP2_HUMAN:sp|Q8TF21|ANR24_HUMAN:sp|Q5VZR2|NTM2G_HUMAN:sp|Q9NV64|TM39A_HUMAN:sp|Q15036|SNX17_HUMAN:sp|O75886|STAM2_HUMAN:sp|Q8IWX7|UN45B_HUMAN,DeepNovo
S(+42.01)LKEKTGL,24.97,916.5229,8,100.0,8,0.9,459.26917,2,30.4070,-4.1930,0.67,11510,HFX193_IPP292_GEL_CRC_324_Odd.raw,5.1E5,4E6,1,1,1,1,"Acetylation (N-term)",,5 8 18 6 2 2 10 5,S(+42.01)LKEKTGL,sp|Q8IYA2|C144C_HUMAN:sp|Q9BWH6|RPAP1_HUMAN:sp|P52701|MSH6_HUMAN:sp|Q9Y620|RA54B_HUMAN:sp|Q8TC36|SUN5_HUMAN:sp|P41252|SYIC_HUMAN:sp|Q5VT06|CE350_HUMAN:sp|O14986|PI51B_HUMAN:sp|A6NKW6|SHL2B_HUMAN:sp|Q9UGL1|KDM5B_HUMAN:sp|Q13428|TCOF_HUMAN:sp|Q460N5|PAR14_HUMAN:sp|Q75QN2|INT8_HUMAN:sp|Q08378|GOGA3_HUMAN:sp|Q6UB98|ANR12_HUMAN:sp|Q8WXA9|SREK1_HUMAN:sp|P19823|ITIH2_HUMAN:sp|Q96R06|SPAG5_HUMAN:sp|Q6NWY9|PR40B_HUMAN:sp|Q8TBE7|S35G2_HUMAN:sp|P25116|PAR1_HUMAN:CKAP2_DEL_A-p.K605Rfs*14_::chr13:52474399-52475399_frame=1:sp|P46821|MAP1B_HUMAN:sp|Q8N1Q1|CAH13_HUMAN:sp|Q7Z4Q2|HEAT3_HUMAN:sp|Q5VUD6|DIK1B_HUMAN:sp|C9JCN9|HSBPL_HUMAN:sp|Q9HAI6|TASL_HUMAN:sp|Q01804|OTUD4_HUMAN:sp|Q9UL12|SARDH_HUMAN:sp|Q96AD5|PLPL2_HUMAN:sp|Q6ZR37|PKHG7_HUMAN:sp|P30622|CLIP1_HUMAN:sp|Q9NX05|F120C_HUMAN:sp|O60318|GANP_HUMAN:sp|Q14592|ZN460_HUMAN:sp|Q8TCG1|CIP2A_HUMAN:sp|Q3BBV2|NBPF8_HUMAN:sp|A6NE52|WDR97_HUMAN:sp|Q8WWK9|CKAP2_HUMAN:sp|P15924|DESP_HUMAN:sp|P40205|NCYM_HUMAN:sp|Q9Y6I8|PXMP4_HUMAN:sp|Q04671|P_HUMAN:sp|Q7L590|MCM10_HUMAN:sp|P46926|GNPI1_HUMAN:sp|A4IF30|S35F4_HUMAN:sp|Q5SYC1|CLVS2_HUMAN:sp|P46020|KPB1_HUMAN:sp|Q5T1N1|AKND1_HUMAN:sp|Q96MR6|CFA57_HUMAN:sp|Q16655|MAR1_HUMAN:sp|Q2KJY2|KI26B_HUMAN:sp|Q3B820|F161A_HUMAN:sp|Q8TC27|ADA32_HUMAN:sp|Q9Y6F7|CDY2_HUMAN:sp|Q9Y618|NCOR2_HUMAN:sp|P35227|PCGF2_HUMAN:sp|Q9UKA4|AKA11_HUMAN:sp|Q9Y305|ACOT9_HUMAN:sp|Q8TD31|CCHCR_HUMAN:sp|Q9Y6H5|SNCAP_HUMAN:sp|O43374|RASL2_HUMAN:sp|O15054|KDM6B_HUMAN:sp|P11532|DMD_HUMAN:sp|Q86YT6|MIB1_HUMAN:sp|Q8N960|CE120_HUMAN:sp|Q8NDV3|SMC1B_HUMAN:sp|P10589|COT1_HUMAN:sp|O14981|BTAF1_HUMAN:sp|Q92783|STAM1_HUMAN:sp|Q9Y6F8|CDY1_HUMAN:sp|Q6PIY5|ARMD1_HUMAN:sp|P29375|KDM5A_HUMAN:sp|Q92802|N42L2_HUMAN:sp|Q9C0C6|CIPC_HUMAN:sp|Q0VF96|CGNL1_HUMAN:sp|Q96N77|ZN641_HUMAN:sp|Q8IVM0|CCD50_HUMAN:sp|Q5TB80|CE162_HUMAN:sp|O60315|ZEB2_HUMAN:sp|Q9NQG6|MID51_HUMAN:sp|P25092|GUC2C_HUMAN:sp|Q15075|EEA1_HUMAN:sp|Q70CQ2|UBP34_HUMAN:sp|Q9Y3P9|RBGP1_HUMAN:sp|Q9H981|ARP8_HUMAN:sp|Q3L8U1|CHD9_HUMAN:sp|Q92896|GSLG1_HUMAN:sp|Q02224|CENPE_HUMAN:sp|O75064|DEN4B_HUMAN:sp|P35580|MYH10_HUMAN:sp|Q5SZJ8|BEND6_HUMAN:sp|Q9BQS8|FYCO1_HUMAN:sp|Q8NBS3|S4A11_HUMAN:sp|P07814|SYEP_HUMAN:sp|Q9NZJ4|SACS_HUMAN:sp|P40425|PBX2_HUMAN:sp|O15078|CE290_HUMAN:sp|Q86T75|NBPFB_HUMAN:sp|Q8WWQ2|HPSE2_HUMAN:sp|Q8N2F6|ARM10_HUMAN:sp|O75475|PSIP1_HUMAN:sp|Q14582|MAD4_HUMAN:sp|Q8TD26|CHD6_HUMAN:sp|Q9ULE4|F184B_HUMAN:sp|Q9Y6D9|MD1L1_HUMAN:sp|Q9C0F0|ASXL3_HUMAN:sp|Q63HQ2|EGFLA_HUMAN:sp|Q5JVS0|HABP4_HUMAN:sp|O75330|HMMR_HUMAN:sp|Q9NR48|ASH1L_HUMAN:sp|Q96JJ3|ELMO2_HUMAN:sp|P31629|ZEP2_HUMAN:sp|Q8TF21|ANR24_HUMAN:CKAP2_DEL_A-p.K605Rfs*14_::chr13:52474399-52475399_frame=-3:sp|Q5VZR2|NTM2G_HUMAN:sp|Q15036|SNX17_HUMAN:sp|Q16772|GSTA3_HUMAN:sp|O75886|STAM2_HUMAN,DeepNovo
S(+42.01)LKEKTVL,29.44,958.5699,8,87.5,8,2.2,480.29327,2,34.0612,-16.9387,0.62,12961,HFX193_IPP292_GEL_CRC_324_Even.raw,5.34E6,3.45E7,1,1,1,1,"Acetylation (N-term)",,5 13 14 6 2 1 17 5,S(+42.01)LKEKTVL,sp|Q8IYA2|C144C_HUMAN:sp|P52701|MSH6_HUMAN:sp|Q9Y620|RA54B_HUMAN:sp|Q5T197|DCST1_HUMAN:sp|P41252|SYIC_HUMAN:sp|Q5VT06|CE350_HUMAN:sp|O14986|PI51B_HUMAN:sp|A6NKW6|SHL2B_HUMAN:sp|Q460N5|PAR14_HUMAN:sp|Q75QN2|INT8_HUMAN:sp|Q08378|GOGA3_HUMAN:sp|Q6UB98|ANR12_HUMAN:sp|Q8WXA9|SREK1_HUMAN:sp|A6NGB0|T191C_HUMAN:sp|P19823|ITIH2_HUMAN:sp|Q96R06|SPAG5_HUMAN:sp|Q8TBE7|S35G2_HUMAN:sp|P25116|PAR1_HUMAN:CKAP2_DEL_A-p.K605Rfs*14_::chr13:52474399-52475399_frame=1:sp|Q7Z553|MDGA2_HUMAN:sp|P46821|MAP1B_HUMAN:sp|Q8N1Q1|CAH13_HUMAN:sp|Q7Z4Q2|HEAT3_HUMAN:sp|A4UGR9|XIRP2_HUMAN:sp|Q5VUD6|DIK1B_HUMAN:sp|Q3SXY7|LRIT3_HUMAN:sp|C9JCN9|HSBPL_HUMAN:sp|Q9HAI6|TASL_HUMAN:sp|Q01804|OTUD4_HUMAN:sp|Q6ZR37|PKHG7_HUMAN:sp|P30622|CLIP1_HUMAN:sp|O60318|GANP_HUMAN:sp|Q14592|ZN460_HUMAN:sp|Q8TCG1|CIP2A_HUMAN:sp|P01024|CO3_HUMAN:sp|P35498|SCN1A_HUMAN:sp|Q3BBV2|NBPF8_HUMAN:sp|A6NE52|WDR97_HUMAN:sp|Q7Z4F1|LRP10_HUMAN:sp|Q8WWK9|CKAP2_HUMAN:sp|P15924|DESP_HUMAN:sp|P40205|NCYM_HUMAN:sp|Q9Y6I8|PXMP4_HUMAN:sp|Q7L590|MCM10_HUMAN:sp|Q659A1|ICE2_HUMAN:sp|P46926|GNPI1_HUMAN:sp|A4IF30|S35F4_HUMAN:sp|Q5SYC1|CLVS2_HUMAN:sp|P46020|KPB1_HUMAN:sp|Q5T1N1|AKND1_HUMAN:sp|Q96MR6|CFA57_HUMAN:sp|Q16655|MAR1_HUMAN:sp|Q3B820|F161A_HUMAN:sp|Q8TC27|ADA32_HUMAN:sp|Q9Y618|NCOR2_HUMAN:sp|Q9UKA4|AKA11_HUMAN:sp|Q9Y305|ACOT9_HUMAN:sp|Q9UPS8|ANR26_HUMAN:sp|Q8TD31|CCHCR_HUMAN:sp|A6NIM6|S15A5_HUMAN:sp|Q9Y6H5|SNCAP_HUMAN:sp|P11532|DMD_HUMAN:sp|Q86YT6|MIB1_HUMAN:sp|Q8N960|CE120_HUMAN:sp|P10589|COT1_HUMAN:sp|Q92783|STAM1_HUMAN:sp|Q6PIY5|ARMD1_HUMAN:sp|P0C7N4|T191B_HUMAN:sp|Q07617|SPAG1_HUMAN:sp|Q9P2M7|CING_HUMAN:sp|Q92802|N42L2_HUMAN:sp|Q6PID6|TTC33_HUMAN:sp|Q8WZ42|TITIN_HUMAN:sp|Q9C0C6|CIPC_HUMAN:sp|Q0VF96|CGNL1_HUMAN:sp|Q96N77|ZN641_HUMAN:sp|Q8IVM0|CCD50_HUMAN:sp|Q5TB80|CE162_HUMAN:sp|Q9NQG6|MID51_HUMAN:sp|P15622|ZN250_HUMAN:sp|P25092|GUC2C_HUMAN:sp|Q15075|EEA1_HUMAN:sp|Q70CQ2|UBP34_HUMAN:sp|Q5SZK8|FREM2_HUMAN:sp|Q3L8U1|CHD9_HUMAN:sp|Q02224|CENPE_HUMAN:sp|O75064|DEN4B_HUMAN:sp|P35580|MYH10_HUMAN:sp|Q5SZJ8|BEND6_HUMAN:sp|Q9BQS8|FYCO1_HUMAN:sp|Q8NBS3|S4A11_HUMAN:sp|Q8TE76|MORC4_HUMAN:sp|Q9NZJ4|SACS_HUMAN:sp|P40425|PBX2_HUMAN:sp|O15078|CE290_HUMAN:sp|Q86T75|NBPFB_HUMAN:sp|Q8WWQ2|HPSE2_HUMAN:sp|Q8N2F6|ARM10_HUMAN:sp|O14795|UN13B_HUMAN:sp|Q14582|MAD4_HUMAN:sp|Q9H4Z2|ZN335_HUMAN:sp|Q8TD26|CHD6_HUMAN:sp|Q9ULE4|F184B_HUMAN:sp|Q9NZV7|ZIM2_HUMAN:sp|Q9Y6D9|MD1L1_HUMAN:sp|Q9C0F0|ASXL3_HUMAN:sp|Q63HQ2|EGFLA_HUMAN:sp|Q5JVS0|HABP4_HUMAN:sp|O75330|HMMR_HUMAN:sp|Q9NR48|ASH1L_HUMAN:sp|Q96JJ3|ELMO2_HUMAN:sp|P31629|ZEP2_HUMAN:sp|Q8TF21|ANR24_HUMAN:CKAP2_DEL_A-p.K605Rfs*14_::chr13:52474399-52475399_frame=-3:sp|Q5VZR2|NTM2G_HUMAN:sp|O95239|KIF4A_HUMAN:sp|Q15036|SNX17_HUMAN:sp|Q16772|GSTA3_HUMAN:sp|O75886|STAM2_HUMAN:sp|Q9NZJ5|E2AK3_HUMAN,DeepNovo
S(+42.01)LKFKKAHL,28.42,1112.6705,9,55.6,9,0.2,371.89755,3,32.6623,4.5623,0.14,12418,HFX193_IPP292_GEL_CRC_324_Even.raw,7.06E5,5.47E6,2,2,2,2,"Acetylation (N-term)",,1 1 3 0 0 2 6 7 5,S(+42.01)LKFKKAHL,,DeepNovo
S(+42.01)LKGKKVEL,40.88,1042.6387,9,55.6,9,1.3,522.32727,2,30.3390,3.4390,0.55,11477,HFX193_IPP292_GEL_CRC_324_Even.raw,1.04E6,9.91E6,2,2,2,2,"Acetylation (N-term)",,5 12 17 1 1 1 1 3 5,S(+42.01)LKGKKVEL,sp|Q2M3G4|SHRM1_HUMAN,DB Search
S(+42.01)LKKKASLF,30.17,1062.6437,9,66.7,9,2.4,532.33038,2,33.9625,-17.1375,0.71,12968,HFX193_IPP292_GEL_CRC_324_Odd.raw,3.33E5,2.36E6,1,1,1,1,"Acetylation (N-term)",,5 8 12 4 0 0 0 4 5,S(+42.01)LKKKASLF,,DeepNovo
S(+42.01)LKKKFKL,24.98,1032.6696,8,100.0,8,1.9,517.34302,2,29.8397,0.2397,0.41,11284,HFX193_IPP292_GEL_CRC_324_Odd.raw,1.21E6,1.02E7,2,2,2,2,"Acetylation (N-term)",,5 8 10 6 3 3 2 5,S(+42.01)LKKKFKL,sp|P29728|OAS2_HUMAN:sp|Q14684|RRP1B_HUMAN:DNAH12_DEL_T-p.G93Dfs*7_::chr3:57523086-57524086_frame=-2:sp|Q2M243|CCD27_HUMAN:sp|A0AVI2|FR1L5_HUMAN:sp|Q9UKI2|BORG2_HUMAN:sp|P59046|NAL12_HUMAN:RBM27_DEL_A-p.K816Nfs*5_::chr5:146267257-146268257_frame=-2:sp|Q93088|BHMT1_HUMAN:sp|Q9UBF1|MAGC2_HUMAN:sp|O95396|MOCS3_HUMAN:sp|Q1X8D7|LRC36_HUMAN:sp|Q92621|NU205_HUMAN:sp|P38398|BRCA1_HUMAN:sp|P51828|ADCY7_HUMAN:sp|Q6P0Q8|MAST2_HUMAN:sp|O14513|NCKP5_HUMAN:sp|Q9H4I2|ZHX3_HUMAN:sp|Q8NFD5|ARI1B_HUMAN:sp|Q75T13|PGAP1_HUMAN:sp|P05496|AT5G1_HUMAN:sp|Q9BYD6|RM01_HUMAN:sp|Q9HAU5|RENT2_HUMAN:sp|Q8WVB6|CTF18_HUMAN:sp|Q96ST3|SIN3A_HUMAN:sp|Q12788|TBL3_HUMAN:SERPINB10_DEL_A-p.R76Gfs*7_::chr18:63917005-63918005_frame=-1:sp|Q15527|SURF2_HUMAN:sp|Q7L190|DPPA4_HUMAN:sp|Q96PD7|DGAT2_HUMAN:sp|Q8N7X4|MAGB6_HUMAN:sp|P58658|EVA1C_HUMAN:sp|Q8NC06|ACBD4_HUMAN:sp|Q9HBT8|Z286A_HUMAN:sp|Q8NEZ2|VP37A_HUMAN:sp|Q7L590|MCM10_HUMAN:sp|A6NCC3|GOG8O_HUMAN:sp|P23471|PTPRZ_HUMAN:sp|Q9NYA3|GOG6A_HUMAN:TVP23A_DEL_A-p.F140Lfs*7_::chr16:10772846-10773846_frame=-3:sp|I6L899|GOG8R_HUMAN:sp|O95359|TACC2_HUMAN:sp|Q9BWF2|TRAIP_HUMAN:sp|Q16594|TAF9_HUMAN:sp|Q8TD16|BICD2_HUMAN:sp|Q969T7|5NT3B_HUMAN:sp|Q9P2P6|STAR9_HUMAN:sp|P23497|SP100_HUMAN:sp|A6NN73|GOG8C_HUMAN:sp|Q9H6A0|DEN2D_HUMAN:sp|Q92560|BAP1_HUMAN:sp|Q6NT04|TIGD7_HUMAN:sp|Q8TD31|CCHCR_HUMAN:sp|P16152|CBR1_HUMAN:sp|O14964|HGS_HUMAN:sp|B2RPK0|HGB1A_HUMAN:sp|Q8WXA3|RUFY2_HUMAN:sp|Q9NRV9|HEBP1_HUMAN:sp|Q9NVU7|SDA1_HUMAN:ANO10_DEL_T-p.D45Mfs*12_::chr3:43605221-43606221_frame=-3:sp|O75949|NALF2_HUMAN:sp|Q86UR5|RIMS1_HUMAN:sp|Q9HCK4|ROBO2_HUMAN:sp|Q8N5V2|NGEF_HUMAN:sp|Q969S8|HDA10_HUMAN:sp|Q8IWA6|CCD60_HUMAN:sp|Q8IYB4|PEX5R_HUMAN:sp|D6RF30|GOG8K_HUMAN:sp|O76024|WFS1_HUMAN:sp|Q9NSY1|BMP2K_HUMAN:sp|O95237|LRAT_HUMAN:sp|Q08AF3|SLFN5_HUMAN:sp|O43395|PRPF3_HUMAN:sp|Q08379|GOGA2_HUMAN:sp|Q8WUM4|PDC6I_HUMAN:sp|O94906|PRP6_HUMAN:sp|Q15390|MTFR1_HUMAN:sp|P02549|SPTA1_HUMAN:sp|O94988|FA13A_HUMAN:sp|Q9HAH1|ZN556_HUMAN:sp|Q13112|CAF1B_HUMAN:sp|Q13137|CACO2_HUMAN:sp|Q5T5P2|SKT_HUMAN:sp|O15371|EIF3D_HUMAN:sp|Q9ULY5|CLC4E_HUMAN:sp|Q15075|EEA1_HUMAN:sp|P35243|RECO_HUMAN:sp|Q86XI2|CNDG2_HUMAN:sp|Q15147|PLCB4_HUMAN:sp|O75132|ZBED4_HUMAN:sp|P54132|BLM_HUMAN:sp|Q9H560|ANR19_HUMAN:sp|Q9Y6Y1|CMTA1_HUMAN:sp|Q86SQ4|AGRG6_HUMAN:sp|Q99578|RIT2_HUMAN:sp|O95625|ZBT11_HUMAN:sp|O94915|FRYL_HUMAN:sp|P42356|PI4KA_HUMAN:sp|P46199|IF2M_HUMAN:sp|Q92878|RAD50_HUMAN:sp|Q14563|SEM3A_HUMAN:sp|O75364|PITX3_HUMAN:sp|Q96H72|S39AD_HUMAN:sp|P55197|AF10_HUMAN:sp|Q6ZMQ8|LMTK1_HUMAN:sp|Q9BRZ2|TRI56_HUMAN:sp|Q13023|AKAP6_HUMAN:sp|P53804|TTC3_HUMAN:sp|H3BSY2|GOG8M_HUMAN:sp|Q9NZC9|SMAL1_HUMAN:sp|Q99962|SH3G2_HUMAN:sp|P52746|ZN142_HUMAN:sp|Q9UKW4|VAV3_HUMAN:sp|Q9Y4P9|SPEF1_HUMAN:sp|O15117|FYB1_HUMAN:sp|Q5JQC9|AKAP4_HUMAN:sp|Q9HCM4|E41L5_HUMAN:sp|Q9UPR0|PLCL2_HUMAN:sp|P78316|NOP14_HUMAN:sp|P14091|CATE_HUMAN,DeepNovo
S(+42.01)LKKKYGL,39.72,977.5909,8,100.0,8,1.3,489.80341,2,29.6725,0.6725,0.41,11182,HFX193_IPP292_GEL_CRC_324_Even.raw,2.7E6,2.56E7,3,3,3,3,"Acetylation (N-term)",,5 12 16 6 2 2 3 5,S(+42.01)LKKKYGL,sp|Q14684|RRP1B_HUMAN:sp|Q9ULS5|TMCC3_HUMAN:sp|Q2M243|CCD27_HUMAN:sp|A0AVI2|FR1L5_HUMAN:sp|O00429|DNM1L_HUMAN:sp|Q8IXK0|PHC2_HUMAN:sp|Q6ZRK6|CCD73_HUMAN:sp|Q96MZ0|GD1L1_HUMAN:sp|Q9UBF1|MAGC2_HUMAN:sp|A4D0S4|LAMB4_HUMAN:sp|Q08378|GOGA3_HUMAN:sp|O95396|MOCS3_HUMAN:sp|Q1X8D7|LRC36_HUMAN:sp|A0A0B4J273|TVA34_HUMAN:sp|Q92621|NU205_HUMAN:sp|P38398|BRCA1_HUMAN:sp|Q96T68|SETB2_HUMAN:sp|Q8IX21|SLF2_HUMAN:sp|Q9P225|DYH2_HUMAN:sp|Q6P0Q8|MAST2_HUMAN:sp|O14513|NCKP5_HUMAN:sp|Q14241|ELOA1_HUMAN:sp|Q9H4I2|ZHX3_HUMAN:sp|Q8NFD5|ARI1B_HUMAN:sp|Q8NB50|ZFP62_HUMAN:sp|Q9Y4B5|MTCL1_HUMAN:sp|Q75T13|PGAP1_HUMAN:sp|A4FU69|EFCB5_HUMAN:sp|P05496|AT5G1_HUMAN:sp|Q8WVB6|CTF18_HUMAN:sp|P27216|ANX13_HUMAN:sp|Q99758|ABCA3_HUMAN:sp|Q96DN5|TBC31_HUMAN:SERPINB10_DEL_A-p.R76Gfs*7_::chr18:63917005-63918005_frame=-1:sp|Q15527|SURF2_HUMAN:sp|Q9HC77|CENPJ_HUMAN:sp|Q6ZU69|S31F1_HUMAN:sp|Q8TAA3|PSMA8_HUMAN:sp|Q53G44|IF44L_HUMAN:sp|Q9BRT8|ZNG1A_HUMAN:sp|Q7L190|DPPA4_HUMAN:sp|Q96CQ1|S2536_HUMAN:sp|Q8TES7|FBF1_HUMAN:sp|P58658|EVA1C_HUMAN:sp|Q9BV87|CNPD1_HUMAN:sp|Q9HBT8|Z286A_HUMAN:sp|Q8NEZ2|VP37A_HUMAN:sp|Q14980|NUMA1_HUMAN:sp|Q7L590|MCM10_HUMAN:sp|A6NCC3|GOG8O_HUMAN:sp|Q9NYA3|GOG6A_HUMAN:TVP23A_DEL_A-p.F140Lfs*7_::chr16:10772846-10773846_frame=-3:sp|I6L899|GOG8R_HUMAN:sp|O95359|TACC2_HUMAN:sp|Q9BWF2|TRAIP_HUMAN:sp|Q16594|TAF9_HUMAN:sp|Q8TD16|BICD2_HUMAN:sp|Q9P2P6|STAR9_HUMAN:sp|A6NN73|GOG8C_HUMAN:sp|Q9BX84|TRPM6_HUMAN:sp|Q9H6A0|DEN2D_HUMAN:sp|O94953|KDM4B_HUMAN:sp|Q8TD31|CCHCR_HUMAN:sp|O14964|HGS_HUMAN:sp|Q8WXA3|RUFY2_HUMAN:sp|Q9NRV9|HEBP1_HUMAN:sp|Q86UR5|RIMS1_HUMAN:sp|Q9NQL9|DMRT3_HUMAN:sp|Q9HCK4|ROBO2_HUMAN:sp|Q8N5V2|NGEF_HUMAN:sp|Q969S8|HDA10_HUMAN:sp|Q8IYB4|PEX5R_HUMAN:sp|D6RF30|GOG8K_HUMAN:sp|Q02817|MUC2_HUMAN:sp|O76024|WFS1_HUMAN:sp|O95237|LRAT_HUMAN:sp|Q7Z5J8|ANKAR_HUMAN:sp|Q08AF3|SLFN5_HUMAN:sp|Q08379|GOGA2_HUMAN:sp|Q8WUM4|PDC6I_HUMAN:sp|Q8IV01|SYT12_HUMAN:sp|O94988|FA13A_HUMAN:sp|Q9HAH1|ZN556_HUMAN:sp|Q13112|CAF1B_HUMAN:sp|O15226|NKRF_HUMAN:sp|Q13137|CACO2_HUMAN:sp|Q5T5P2|SKT_HUMAN:sp|Q13045|FLII_HUMAN:sp|P20273|CD22_HUMAN:sp|P21964|COMT_HUMAN:sp|Q15075|EEA1_HUMAN:sp|Q9H7D7|WDR26_HUMAN:sp|Q9P2D1|CHD7_HUMAN:sp|Q8TE69|EOLA1_HUMAN:sp|Q15147|PLCB4_HUMAN:sp|O75132|ZBED4_HUMAN:AKAP7_DEL_A-p.K79Rfs*21_::chr6:131159636-131160636_frame=-1:sp|P54132|BLM_HUMAN:sp|Q9H560|ANR19_HUMAN:sp|Q3L8U1|CHD9_HUMAN:sp|Q86SQ4|AGRG6_HUMAN:sp|Q99578|RIT2_HUMAN:sp|O94915|FRYL_HUMAN:sp|Q14563|SEM3A_HUMAN:sp|O75364|PITX3_HUMAN:sp|Q96H72|S39AD_HUMAN:sp|A6NC78|GOG8I_HUMAN:sp|Q86WJ1|CHD1L_HUMAN:sp|Q6ZMQ8|LMTK1_HUMAN:sp|Q5SZL2|CE85L_HUMAN:sp|Q63HN1|S31F2_HUMAN:sp|Q8TD26|CHD6_HUMAN:sp|P53804|TTC3_HUMAN:sp|H3BSY2|GOG8M_HUMAN:sp|Q9Y4P9|SPEF1_HUMAN:sp|Q5JQC9|AKAP4_HUMAN:sp|P22307|SCP2_HUMAN:sp|Q9HCM4|E41L5_HUMAN:sp|Q9UPR0|PLCL2_HUMAN:sp|P14091|CATE_HUMAN,DeepNovo
S(+42.01)LKKRAAGEL,41.49,1113.6506,10,60.0,10,1.6,557.83344,2,27.0099,16.5099,0.49,10095,HFX193_IPP292_GEL_CRC_324_Even.raw,7.74E6,5.7E7,2,2,2,2,"Acetylation (N-term)",,5 11 15 6 0 1 0 0 5 5,S(+42.01)LKKRAAGEL,sp|Q14684|RRP1B_HUMAN:sp|Q14789|GOGB1_HUMAN:sp|O14654|IRS4_HUMAN:sp|Q9BYH8|IKBZ_HUMAN:sp|O75694|NU155_HUMAN:sp|Q5T197|DCST1_HUMAN:sp|Q5VTQ0|TT39B_HUMAN:sp|Q9NYW4|TA2R5_HUMAN:sp|Q9Y6X0|SETBP_HUMAN:sp|Q92626|PXDN_HUMAN:sp|Q9P2K6|KLH42_HUMAN:sp|O43747|AP1G1_HUMAN:sp|Q5T292|TM273_HUMAN:sp|P46013|KI67_HUMAN:sp|Q9H7D0|DOCK5_HUMAN:sp|Q8IVB4|SL9A9_HUMAN:sp|O60309|L37A3_HUMAN:sp|Q9BWT7|CAR10_HUMAN:sp|O75843|AP1G2_HUMAN:sp|Q8N8E3|CE112_HUMAN:sp|Q9NZ71|RTEL1_HUMAN:sp|Q9H3D4|P63_HUMAN:sp|P46821|MAP1B_HUMAN:sp|P24928|RPB1_HUMAN:sp|Q13224|NMDE2_HUMAN:sp|Q96MM3|ZFP42_HUMAN:sp|Q9UL45|BL1S6_HUMAN:sp|Q9C0G6|DYH6_HUMAN:sp|Q7RTX1|TS1R1_HUMAN:sp|Q9BQE5|APOL2_HUMAN:sp|Q02127|PYRD_HUMAN:sp|Q96DS6|M4A6E_HUMAN:sp|O14818|PSA7_HUMAN:sp|P47874|OMP_HUMAN:sp|Q9UL68|MYT1L_HUMAN:sp|P48357|LEPR_HUMAN:sp|Q7RTZ1|OVCH2_HUMAN:sp|Q5HYK9|ZN667_HUMAN:sp|Q7Z4H9|F220A_HUMAN:sp|Q6SPF0|SAMD1_HUMAN:sp|Q49AR2|CE022_HUMAN:sp|Q8WYA0|IFT81_HUMAN:sp|O00533|NCHL1_HUMAN:sp|Q9Y5W8|SNX13_HUMAN:sp|Q9Y2K3|MYH15_HUMAN:sp|A7MCY6|TBKB1_HUMAN:sp|O00161|SNP23_HUMAN:sp|Q8TAB5|CA216_HUMAN:sp|Q9Y618|NCOR2_HUMAN:sp|Q8TE58|ATS15_HUMAN:sp|P17706|PTN2_HUMAN:sp|Q9BQT9|CSTN3_HUMAN:sp|Q9BQI7|PSD2_HUMAN:sp|Q12830|BPTF_HUMAN:sp|Q5T9S5|CCD18_HUMAN:sp|P10827|THA_HUMAN:sp|P78559|MAP1A_HUMAN:sp|Q9H853|TBA4B_HUMAN:sp|Q02040|AK17A_HUMAN:sp|Q86VF2|IGFN1_HUMAN:sp|P30531|SC6A1_HUMAN:sp|Q9BSL1|UBAC1_HUMAN:sp|B1ANY3|F220P_HUMAN:sp|Q6PIF2|SYCE2_HUMAN:sp|O94973|AP2A2_HUMAN:sp|Q5TFG8|ZC21B_HUMAN:sp|O94851|MICA2_HUMAN:sp|Q9Y3Y2|CHTOP_HUMAN:sp|Q8HWS3|RFX6_HUMAN:sp|Q9P2E3|ZNFX1_HUMAN:sp|Q8WZ42|TITIN_HUMAN:sp|P55072|TERA_HUMAN:sp|Q8IVP5|FUND1_HUMAN:sp|Q5JPB2|ZN831_HUMAN:sp|P01308|INS_HUMAN:sp|O95969|SG1D2_HUMAN:sp|O94964|SOGA1_HUMAN:sp|Q96DZ5|CLIP3_HUMAN:sp|Q5UE93|PI3R6_HUMAN:sp|Q7Z3K3|POGZ_HUMAN:sp|Q9UQ84|EXO1_HUMAN:sp|Q13277|STX3_HUMAN:sp|Q5VWN6|TASO2_HUMAN:sp|Q3KQU3|MA7D1_HUMAN:sp|P25092|GUC2C_HUMAN:sp|Q96QU1|PCD15_HUMAN:sp|Q8NCC5|SPX3_HUMAN:sp|P48506|GSH1_HUMAN:sp|Q53F19|NCBP3_HUMAN:sp|Q5T4F4|ZFY27_HUMAN:sp|Q96ER9|MITOK_HUMAN:sp|O95782|AP2A1_HUMAN:sp|Q8NEP3|DAAF1_HUMAN:sp|Q6DN12|MCTP2_HUMAN:sp|Q96P31|FCRL3_HUMAN:sp|Q15276|RABE1_HUMAN:sp|Q9NUJ3|T11L1_HUMAN:sp|Q14978|NOLC1_HUMAN:sp|Q6E0U4|DMKN_HUMAN:sp|P51956|NEK3_HUMAN:sp|Q5VU57|CBPC6_HUMAN:sp|Q9HBM0|VEZA_HUMAN:sp|Q96ED9|HOOK2_HUMAN:sp|Q92698|RAD54_HUMAN:sp|Q9NXB0|MKS1_HUMAN:sp|P11678|PERE_HUMAN:sp|Q8N122|RPTOR_HUMAN:sp|Q5SVZ6|ZMYM1_HUMAN:sp|Q14240|IF4A2_HUMAN:sp|A6NMS7|L37A1_HUMAN:sp|P38919|IF4A3_HUMAN:sp|Q9HCK8|CHD8_HUMAN:sp|E9PRG8|CK098_HUMAN:sp|Q09472|EP300_HUMAN:sp|Q8IX30|SCUB3_HUMAN:sp|Q13464|ROCK1_HUMAN:sp|Q03468|ERCC6_HUMAN:sp|Q9NR21|PAR11_HUMAN:sp|Q9NW68|BSDC1_HUMAN:sp|Q8IZT6|ASPM_HUMAN,DeepNovo
S(+42.01)LKKRFRAGL,42.82,1216.7404,10,60.0,10,1.4,406.58798,3,29.2111,4.8111,0.03,11012,HFX193_IPP292_GEL_CRC_324_Even.raw,9.51E5,6.94E6,1,1,1,1,"Acetylation (N-term)",,5 8 25 5 2 0 0 0 0 5,S(+42.01)LKKRFRAGL,sp|Q14684|RRP1B_HUMAN:sp|Q14789|GOGB1_HUMAN:sp|Q96BY7|ATG2B_HUMAN:sp|Q03188|CENPC_HUMAN:sp|Q96MX6|DAA10_HUMAN:sp|O14654|IRS4_HUMAN:sp|Q9H853|TBA4B_HUMAN:sp|Q9BYH8|IKBZ_HUMAN:sp|Q02040|AK17A_HUMAN:sp|Q8TDX9|PK1L1_HUMAN:sp|P31751|AKT2_HUMAN:sp|P30531|SC6A1_HUMAN:sp|O75694|NU155_HUMAN:sp|Q9BZF9|UACA_HUMAN:sp|Q5VTQ0|TT39B_HUMAN:sp|Q9Y6X0|SETBP_HUMAN:sp|B1ANY3|F220P_HUMAN:sp|Q5TFG8|ZC21B_HUMAN:sp|Q9Y3Y2|CHTOP_HUMAN:sp|P49750|YLPM1_HUMAN:sp|Q8HWS3|RFX6_HUMAN:sp|Q9P2K6|KLH42_HUMAN:sp|Q9P2E3|ZNFX1_HUMAN:sp|A6NM11|L37A2_HUMAN:sp|Q9UPC5|GPR34_HUMAN:sp|Q86VI1|EX3L1_HUMAN:sp|Q8IVB4|SL9A9_HUMAN:sp|O60309|L37A3_HUMAN:sp|Q5JPB2|ZN831_HUMAN:sp|P01308|INS_HUMAN:sp|O95969|SG1D2_HUMAN:sp|O94964|SOGA1_HUMAN:sp|Q96DZ5|CLIP3_HUMAN:sp|Q9NZ71|RTEL1_HUMAN:sp|Q3KNS6|ZN829_HUMAN:sp|Q96NU7|HUTI_HUMAN:sp|Q9H3D4|P63_HUMAN:sp|Q7Z3K3|POGZ_HUMAN:sp|P24928|RPB1_HUMAN:sp|Q13224|NMDE2_HUMAN:sp|Q16825|PTN21_HUMAN:sp|Q9UQ84|EXO1_HUMAN:sp|Q5VWN6|TASO2_HUMAN:sp|P05164|PERM_HUMAN:sp|Q3KQU3|MA7D1_HUMAN:sp|P25092|GUC2C_HUMAN:sp|Q8IXT1|DDIAS_HUMAN:sp|Q96QU1|PCD15_HUMAN:sp|Q96DS6|M4A6E_HUMAN:sp|Q5T4F4|ZFY27_HUMAN:sp|O14818|PSA7_HUMAN:sp|Q96ER9|MITOK_HUMAN:sp|P47874|OMP_HUMAN:sp|P48357|LEPR_HUMAN:sp|Q7RTZ1|OVCH2_HUMAN:sp|Q5HYK9|ZN667_HUMAN:sp|Q7Z4H9|F220A_HUMAN:sp|Q6DN12|MCTP2_HUMAN:sp|Q96P31|FCRL3_HUMAN:sp|Q15276|RABE1_HUMAN:sp|Q9NUJ3|T11L1_HUMAN:sp|Q14978|NOLC1_HUMAN:sp|Q6E0U4|DMKN_HUMAN:sp|Q49AR2|CE022_HUMAN:sp|Q5VU57|CBPC6_HUMAN:sp|O00533|NCHL1_HUMAN:sp|Q9HBM0|VEZA_HUMAN:sp|Q9Y5W8|SNX13_HUMAN:sp|Q9Y2K3|MYH15_HUMAN:sp|A7MCY6|TBKB1_HUMAN:sp|Q92698|RAD54_HUMAN:sp|Q8WXF0|SRS12_HUMAN:sp|Q9NXG0|CNTLN_HUMAN:sp|Q9NXB0|MKS1_HUMAN:sp|P11678|PERE_HUMAN:sp|Q8N122|RPTOR_HUMAN:sp|P17706|PTN2_HUMAN:sp|Q96T83|SL9A7_HUMAN:sp|P60228|EIF3E_HUMAN:sp|Q9BQT9|CSTN3_HUMAN:sp|Q5SVZ6|ZMYM1_HUMAN:sp|Q9Y3C1|NOP16_HUMAN:sp|Q8N2C7|UNC80_HUMAN:sp|A6NMS7|L37A1_HUMAN:sp|Q86WD7|SPA9_HUMAN:sp|Q9HCK8|CHD8_HUMAN:sp|P48664|EAA4_HUMAN:sp|Q8IX30|SCUB3_HUMAN:sp|Q13464|ROCK1_HUMAN:sp|Q96Q15|SMG1_HUMAN:sp|P10827|THA_HUMAN:sp|Q9NR21|PAR11_HUMAN,DeepNovo
S(+42.01)LKKRFRLAG,44.91,1216.7404,10,10.0,10,0.5,609.37781,2,29.4275,6.3275,0.11,11086,HFX193_IPP292_GEL_CRC_324_Odd.raw,6.07E6,4.01E7,1,1,1,1,"Acetylation (N-term)",,3 1 0 0 0 0 0 0 0 0,S(+42.01)LKKRFRLAG,sp|Q14684|RRP1B_HUMAN:sp|Q14789|GOGB1_HUMAN:sp|Q8IYA2|C144C_HUMAN:sp|O14654|IRS4_HUMAN:sp|Q9BYH8|IKBZ_HUMAN:sp|O60290|ZN862_HUMAN:sp|O75694|NU155_HUMAN:sp|Q9NPE3|NOP10_HUMAN:sp|Q5VTQ0|TT39B_HUMAN:sp|Q9Y6X0|SETBP_HUMAN:sp|Q8WW35|DYT2B_HUMAN:sp|Q9NRF2|SH2B1_HUMAN:sp|Q9P2K6|KLH42_HUMAN:sp|Q0JRZ9|FCHO2_HUMAN:sp|Q96TA1|NIBA2_HUMAN:sp|Q8ND61|CC020_HUMAN:sp|Q8IVB4|SL9A9_HUMAN:sp|O60309|L37A3_HUMAN:sp|Q9NZ71|RTEL1_HUMAN:sp|Q9H3D4|P63_HUMAN:sp|P24928|RPB1_HUMAN:sp|Q13224|NMDE2_HUMAN:sp|Q9C0E2|XPO4_HUMAN:sp|P51809|VAMP7_HUMAN:sp|Q5VV67|PPRC1_HUMAN:sp|Q96DS6|M4A6E_HUMAN:sp|O14818|PSA7_HUMAN:sp|P04004|VTNC_HUMAN:sp|P47874|OMP_HUMAN:sp|P48357|LEPR_HUMAN:MNS1_DEL_TT-p.K202Afs*5_::chr15:56444025-56445026_frame=3:sp|Q7RTZ1|OVCH2_HUMAN:sp|Q5HYK9|ZN667_HUMAN:sp|Q7Z4H9|F220A_HUMAN:sp|O43920|NDUS5_HUMAN:sp|Q49AR2|CE022_HUMAN:sp|O00533|NCHL1_HUMAN:sp|Q8NF91|SYNE1_HUMAN:sp|Q9BQI5|SGIP1_HUMAN:sp|Q5DID0|UROL1_HUMAN:sp|Q9Y5W8|SNX13_HUMAN:sp|Q7L590|MCM10_HUMAN:sp|Q9Y2K3|MYH15_HUMAN:sp|Q53LP3|SWAHC_HUMAN:sp|A7MCY6|TBKB1_HUMAN:sp|P16278|BGAL_HUMAN:sp|Q9P0Z9|SOX_HUMAN:sp|O75937|DNJC8_HUMAN:sp|P17706|PTN2_HUMAN:sp|Q9BQT9|CSTN3_HUMAN:sp|Q08493|PDE4C_HUMAN:sp|Q9Y6X6|MYO16_HUMAN:sp|O94967|WDR47_HUMAN:sp|P10827|THA_HUMAN:sp|Q9H853|TBA4B_HUMAN:sp|Q02040|AK17A_HUMAN:sp|P30531|SC6A1_HUMAN:sp|Q3MJ40|C144B_HUMAN:sp|B1ANY3|F220P_HUMAN:sp|P33402|GCYA2_HUMAN:sp|Q5TFG8|ZC21B_HUMAN:sp|Q9Y3Y2|CHTOP_HUMAN:sp|P14543|NID1_HUMAN:sp|Q8HWS3|RFX6_HUMAN:sp|P01266|THYG_HUMAN:sp|Q6NUQ1|RINT1_HUMAN:sp|Q9P2E3|ZNFX1_HUMAN:sp|P49721|PSB2_HUMAN:sp|Q5JPB2|ZN831_HUMAN:sp|P01308|INS_HUMAN:sp|Q5VVC0|SPO16_HUMAN:sp|O95969|SG1D2_HUMAN:sp|O94964|SOGA1_HUMAN:sp|Q96DZ5|CLIP3_HUMAN:sp|Q9NRD8|DUOX2_HUMAN:sp|Q7Z3K3|POGZ_HUMAN:sp|Q9UQ84|EXO1_HUMAN:sp|Q5VWN6|TASO2_HUMAN:sp|O95070|YIF1A_HUMAN:sp|Q08999|RBL2_HUMAN:sp|Q3KQU3|MA7D1_HUMAN:sp|P25092|GUC2C_HUMAN:sp|Q9HAW4|CLSPN_HUMAN:sp|Q96QU1|PCD15_HUMAN:sp|Q5T4F4|ZFY27_HUMAN:sp|Q6ZMV9|KIF6_HUMAN:sp|Q96ER9|MITOK_HUMAN:sp|O15068|MCF2L_HUMAN:sp|Q8TDX5|ACMSD_HUMAN:sp|Q6DN12|MCTP2_HUMAN:sp|Q96P31|FCRL3_HUMAN:sp|Q15276|RABE1_HUMAN:sp|Q9NUJ3|T11L1_HUMAN:sp|Q14978|NOLC1_HUMAN:sp|P51648|AL3A2_HUMAN:sp|Q6E0U4|DMKN_HUMAN:sp|Q9H8Y1|VRTN_HUMAN:sp|Q5VU57|CBPC6_HUMAN:sp|Q9HBM0|VEZA_HUMAN:sp|Q15911|ZFHX3_HUMAN:sp|Q13519|PNOC_HUMAN:sp|Q92698|RAD54_HUMAN:sp|Q9NXB0|MKS1_HUMAN:sp|Q5H9L4|TAF7L_HUMAN:sp|P11678|PERE_HUMAN:sp|Q8N122|RPTOR_HUMAN:sp|Q7Z7B0|FLIP1_HUMAN:sp|Q9H0I2|ENKD1_HUMAN:sp|Q5SVZ6|ZMYM1_HUMAN:sp|A2RUR9|C144A_HUMAN:sp|P13805|TNNT1_HUMAN:sp|A6NMS7|L37A1_HUMAN:sp|O43795|MYO1B_HUMAN:sp|Q9GZU8|PIP30_HUMAN:sp|Q9HCK8|CHD8_HUMAN:sp|Q8IX30|SCUB3_HUMAN:sp|Q13464|ROCK1_HUMAN:sp|Q92736|RYR2_HUMAN:sp|Q9NR21|PAR11_HUMAN:sp|Q8IZT6|ASPM_HUMAN,DeepNovo
S(+42.01)LKKRRFAGL,41.84,1216.7404,10,60.0,10,0.5,406.58762,3,29.4291,8.3291,0.02,11066,HFX193_IPP292_GEL_CRC_324_Odd.raw,4.01E7,2.49E8,1,1,1,1,"Acetylation (N-term)",,5 6 20 4 2 1 0 0 0 5,S(+42.01)LKKRRFAGL,sp|Q14684|RRP1B_HUMAN:sp|Q14789|GOGB1_HUMAN:sp|Q96BY7|ATG2B_HUMAN:sp|Q03188|CENPC_HUMAN:sp|Q96MX6|DAA10_HUMAN:sp|O14654|IRS4_HUMAN:sp|Q9H853|TBA4B_HUMAN:sp|Q9BYH8|IKBZ_HUMAN:sp|Q02040|AK17A_HUMAN:sp|Q8TDX9|PK1L1_HUMAN:sp|P31751|AKT2_HUMAN:sp|P30531|SC6A1_HUMAN:sp|O75694|NU155_HUMAN:sp|Q9BZF9|UACA_HUMAN:sp|Q5VTQ0|TT39B_HUMAN:sp|Q9Y6X0|SETBP_HUMAN:sp|B1ANY3|F220P_HUMAN:sp|Q5TFG8|ZC21B_HUMAN:sp|Q9Y3Y2|CHTOP_HUMAN:sp|P49750|YLPM1_HUMAN:sp|Q8HWS3|RFX6_HUMAN:sp|Q9P2K6|KLH42_HUMAN:sp|Q9P2E3|ZNFX1_HUMAN:sp|A6NM11|L37A2_HUMAN:sp|Q9UPC5|GPR34_HUMAN:sp|Q86VI1|EX3L1_HUMAN:sp|Q8IVB4|SL9A9_HUMAN:sp|O60309|L37A3_HUMAN:sp|Q5JPB2|ZN831_HUMAN:sp|P01308|INS_HUMAN:sp|O95969|SG1D2_HUMAN:sp|O94964|SOGA1_HUMAN:sp|Q96DZ5|CLIP3_HUMAN:sp|Q9NZ71|RTEL1_HUMAN:sp|Q3KNS6|ZN829_HUMAN:sp|Q96NU7|HUTI_HUMAN:sp|Q9H3D4|P63_HUMAN:sp|Q7Z3K3|POGZ_HUMAN:sp|P24928|RPB1_HUMAN:sp|Q13224|NMDE2_HUMAN:sp|Q16825|PTN21_HUMAN:sp|Q9UQ84|EXO1_HUMAN:sp|Q5VWN6|TASO2_HUMAN:sp|P05164|PERM_HUMAN:sp|Q3KQU3|MA7D1_HUMAN:sp|P25092|GUC2C_HUMAN:sp|Q8IXT1|DDIAS_HUMAN:sp|Q96QU1|PCD15_HUMAN:sp|Q96DS6|M4A6E_HUMAN:sp|Q5T4F4|ZFY27_HUMAN:sp|O14818|PSA7_HUMAN:sp|Q96ER9|MITOK_HUMAN:sp|P47874|OMP_HUMAN:sp|P48357|LEPR_HUMAN:sp|Q7RTZ1|OVCH2_HUMAN:sp|Q5HYK9|ZN667_HUMAN:sp|Q7Z4H9|F220A_HUMAN:sp|Q6DN12|MCTP2_HUMAN:sp|Q96P31|FCRL3_HUMAN:sp|Q15276|RABE1_HUMAN:sp|Q9NUJ3|T11L1_HUMAN:sp|Q14978|NOLC1_HUMAN:sp|Q6E0U4|DMKN_HUMAN:sp|Q49AR2|CE022_HUMAN:sp|Q5VU57|CBPC6_HUMAN:sp|O00533|NCHL1_HUMAN:sp|Q9HBM0|VEZA_HUMAN:sp|Q9Y5W8|SNX13_HUMAN:sp|Q9Y2K3|MYH15_HUMAN:sp|A7MCY6|TBKB1_HUMAN:sp|Q92698|RAD54_HUMAN:sp|Q8WXF0|SRS12_HUMAN:sp|Q9NXG0|CNTLN_HUMAN:sp|Q9NXB0|MKS1_HUMAN:sp|P11678|PERE_HUMAN:sp|Q8N122|RPTOR_HUMAN:sp|P17706|PTN2_HUMAN:sp|Q96T83|SL9A7_HUMAN:sp|P60228|EIF3E_HUMAN:sp|Q9BQT9|CSTN3_HUMAN:sp|Q5SVZ6|ZMYM1_HUMAN:sp|Q9Y3C1|NOP16_HUMAN:sp|Q8N2C7|UNC80_HUMAN:sp|A6NMS7|L37A1_HUMAN:sp|Q86WD7|SPA9_HUMAN:sp|Q9HCK8|CHD8_HUMAN:sp|P48664|EAA4_HUMAN:sp|Q8IX30|SCUB3_HUMAN:sp|Q13464|ROCK1_HUMAN:sp|Q96Q15|SMG1_HUMAN:sp|P10827|THA_HUMAN:sp|Q9NR21|PAR11_HUMAN,DeepNovo
S(+42.01)LKLKRSL,28.21,985.6284,8,87.5,8,1.7,493.82233,2,33.3937,-5.3063,0.71,12728,HFX193_IPP292_GEL_CRC_324_Odd.raw,1.38E6,9.98E6,2,2,2,2,"Acetylation (N-term)",,5 15 32 26 6 1 2 5,S(+42.01)LKLKRSL,sp|P29728|OAS2_HUMAN:sp|Q6ZRF7|ZN818_HUMAN:sp|Q6IV72|ZN425_HUMAN:sp|Q8IYA2|C144C_HUMAN:sp|Q8IWB1|IPRI_HUMAN:sp|O14924|RGS12_HUMAN:sp|Q9UF56|FXL17_HUMAN:sp|Q9P2N2|RHG28_HUMAN:sp|Q68DL7|CR063_HUMAN:sp|Q86WS5|TMPSC_HUMAN:sp|Q9UI26|IPO11_HUMAN:sp|Q13370|PDE3B_HUMAN:sp|O43933|PEX1_HUMAN:sp|P11055|MYH3_HUMAN:sp|P55268|LAMB2_HUMAN:sp|Q9NS84|CHST7_HUMAN:sp|Q86VZ5|SMS1_HUMAN:sp|Q9Y5P0|O51B4_HUMAN:sp|Q32NB8|PGPS1_HUMAN:SLC35F5_DEL_A-p.C248Afs*22_::chr2:113742200-113743200_frame=2:sp|Q8N1G2|CMTR1_HUMAN:sp|Q8IX07|FOG1_HUMAN:sp|O75665|OFD1_HUMAN:sp|Q7Z4Q2|HEAT3_HUMAN:sp|Q58DX5|NADL2_HUMAN:sp|Q2PPJ7|RGPA2_HUMAN:sp|O95319|CELF2_HUMAN:sp|Q9BZF2|OSBL7_HUMAN:sp|Q9NYC9|DYH9_HUMAN:sp|A0A075B6L6|TVB73_HUMAN:sp|Q8IWK6|AGRA3_HUMAN:sp|Q5T7B8|KIF24_HUMAN:sp|Q93008|USP9X_HUMAN:sp|Q8N139|ABCA6_HUMAN:sp|Q9NWH7|SPAT6_HUMAN:sp|Q14693|LPIN1_HUMAN:sp|O75663|TIPRL_HUMAN:sp|Q9NUU7|DD19A_HUMAN:sp|Q99467|CD180_HUMAN:sp|A6NDI0|TR49B_HUMAN:sp|O60281|ZN292_HUMAN:sp|Q8WXI9|P66B_HUMAN:sp|P0CF97|F200B_HUMAN:sp|Q5VZL5|ZMYM4_HUMAN:TVP23A_DEL_A-p.F140Lfs*7_::chr16:10772846-10773846_frame=-3:RPL22_DEL_T-p.K15Rfs*5_::chr1:6197225-6198225_frame=1:sp|P18124|RL7_HUMAN:sp|Q9UKN1|MUC12_HUMAN:sp|P60507|EFC1_HUMAN:sp|Q9Y508|RN114_HUMAN:sp|Q0ZGT2|NEXN_HUMAN:sp|Q9Y597|KCTD3_HUMAN:sp|Q9H0B6|KLC2_HUMAN:sp|Q9BVG3|TRI62_HUMAN:sp|Q14156|EFR3A_HUMAN:sp|Q6ICB0|DESI1_HUMAN:sp|O00178|GTPB1_HUMAN:sp|Q9NZ56|FMN2_HUMAN:sp|Q96T58|MINT_HUMAN:sp|Q96GX2|A7L3B_HUMAN:sp|Q3MIP1|IPIL2_HUMAN:sp|Q9Y6X6|MYO16_HUMAN:sp|Q8TD31|CCHCR_HUMAN:sp|Q9UQ35|SRRM2_HUMAN:sp|Q6NUN0|ACSM5_HUMAN:sp|P08579|RU2B_HUMAN:sp|Q86XA9|HTR5A_HUMAN:sp|Q02763|TIE2_HUMAN:sp|Q86UR5|RIMS1_HUMAN:sp|Q4FZB7|KMT5B_HUMAN:sp|P11831|SRF_HUMAN:ENO4_DEL_A-p.K207Rfs*32_::chr10:116858617-116859617_frame=-2:sp|Q7Z333|SETX_HUMAN:sp|O15040|TCPR2_HUMAN:sp|P56179|DLX6_HUMAN:sp|P59103|DAOA_HUMAN:sp|Q68D86|C102B_HUMAN:sp|Q96KW2|P12L2_HUMAN:sp|Q9NRC6|SPTN5_HUMAN:sp|A6NC98|CC88B_HUMAN:sp|O15503|INSI1_HUMAN:sp|Q96PE3|INP4A_HUMAN:sp|P04180|LCAT_HUMAN:sp|Q15075|EEA1_HUMAN:sp|Q96A99|PTX4_HUMAN:sp|Q86XI2|CNDG2_HUMAN:sp|P18433|PTPRA_HUMAN:SERPINB10_DEL_A-p.R76Gfs*7_::chr18:63917005-63918005_frame=-3:sp|Q14524|SCN5A_HUMAN:sp|Q9NQZ5|STAR7_HUMAN:sp|Q9NYQ6|CELR1_HUMAN:sp|Q9H8H2|DDX31_HUMAN:sp|A0A1B0GTU1|ZC11B_HUMAN:sp|O96028|NSD2_HUMAN:sp|Q8TE76|MORC4_HUMAN:sp|Q569K4|Z385B_HUMAN:sp|P07814|SYEP_HUMAN:sp|Q86UX6|ST32C_HUMAN:sp|Q86Y13|DZIP3_HUMAN:sp|O00268|TAF4_HUMAN:sp|P20742|PZP_HUMAN:sp|P20774|MIME_HUMAN:sp|Q7Z6J6|FRMD5_HUMAN:sp|P0C864|DANCR_HUMAN:sp|Q9NQW8|CNGB3_HUMAN:sp|Q13023|AKAP6_HUMAN:sp|Q6PFW1|VIP1_HUMAN:sp|Q08174|PCDH1_HUMAN:sp|Q9NQZ2|SAS10_HUMAN:sp|Q68CQ4|UTP25_HUMAN:sp|Q969R2|OSBP2_HUMAN:sp|Q96D42|HAVR1_HUMAN:sp|O75152|ZC11A_HUMAN:sp|Q9BWS9|CHID1_HUMAN:sp|O15117|FYB1_HUMAN:sp|Q96JJ3|ELMO2_HUMAN:sp|Q14814|MEF2D_HUMAN:sp|O00712|NFIB_HUMAN:sp|Q9Y5U4|INSI2_HUMAN:sp|Q00653|NFKB2_HUMAN,DeepNovo
S(+42.01)LKLSAGHAKY,52.72,1215.6611,11,63.6,11,1.4,406.22824,3,32.0033,-11.3967,0.55,12172,HFX193_IPP292_GEL_CRC_324_Odd.raw,5.43E5,3.83E6,1,1,1,1,"Acetylation (N-term)",,3 3 0 13 0 0 0 6 6 10 5,S(+42.01)LKLSAGHAKY,,DeepNovo
S(+42.01)LKRKLLL,27.75,1011.6804,8,87.5,8,1.8,506.84839,2,36.9978,-22.3022,0.26,14180,HFX193_IPP292_GEL_CRC_324_Even.raw,2.77E6,1.92E7,2,2,2,2,"Acetylation (N-term)",,5 15 5 2 1 5 12 5,S(+42.01)LKRKLLL,sp|O43663|PRC1_HUMAN,DB Search
S(+42.01)LKRRLGL,24.14,983.6240,8,12.5,8,1.2,492.81985,2,33.8591,-4.5409,0.07,12913,HFX193_IPP292_GEL_CRC_324_Odd.raw,7.94E5,7.34E6,1,1,1,1,"Acetylation (N-term)",,5 1 0 0 0 0 0 0,S(+42.01)LKRRLGL,,DeepNovo
S(+42.01)LKRRPLF,27.96,1057.6396,8,62.5,8,3.1,353.55490,3,35.3474,-9.5526,0.10,13331,HFX193_IPP292_GEL_CRC_324_Even.raw,2.07E6,8.86E6,1,1,1,1,"Acetylation (N-term)",,5 6 8 0 0 0 8 5,S(+42.01)LKRRPLF,,DeepNovo
S(+42.01)LKTAHKL,28.88,938.5549,8,100.0,8,0.0,470.28473,2,26.0352,12.9352,0.44,9702,HFX193_IPP292_GEL_CRC_324_Even.raw,1.05E6,7.18E6,3,3,2,2,"Acetylation (N-term)",,5 6 6 3 3 3 6 5,S(+42.01)LKTAHKL,sp|Q6UWL2|SUSD1_HUMAN:sp|Q8NFH3|NUP43_HUMAN:sp|O75373|ZN737_HUMAN:sp|P39880|CUX1_HUMAN:sp|Q8TDX9|PK1L1_HUMAN:sp|Q9P255|ZN492_HUMAN:sp|Q8WXH0|SYNE2_HUMAN:sp|Q92817|EVPL_HUMAN:sp|Q6PIW4|FIGL1_HUMAN:sp|P20929|NEBU_HUMAN:sp|Q9BTX1|NDC1_HUMAN:sp|Q9NX31|OSER1_HUMAN:sp|B2RTY4|MYO9A_HUMAN:sp|Q6NZ63|STEAL_HUMAN:sp|P07954|FUMH_HUMAN:sp|Q9BXY5|CAYP2_HUMAN:sp|Q9Y227|ENTP4_HUMAN:sp|Q09428|ABCC8_HUMAN:sp|Q8NAN2|MIGA1_HUMAN:sp|Q8N9R0|CP081_HUMAN:sp|Q6UX68|XKR5_HUMAN:sp|Q8TF32|ZN431_HUMAN:sp|O00499|BIN1_HUMAN:sp|Q9Y4D1|DAAM1_HUMAN:sp|Q14191|WRN_HUMAN:sp|Q8TEW8|PAR3L_HUMAN:sp|Q5T1M5|FKB15_HUMAN:sp|P13051|UNG_HUMAN:sp|Q7L775|EPMIP_HUMAN:sp|Q8N7X0|ADGB_HUMAN:sp|Q6ZN08|ZNF66_HUMAN:sp|Q3T8J9|GON4L_HUMAN:sp|Q5K651|SAMD9_HUMAN:sp|Q8TEW0|PARD3_HUMAN:sp|Q9NUW8|TYDP1_HUMAN:sp|Q14966|ZN638_HUMAN:sp|Q7Z406|MYH14_HUMAN:sp|Q9Y3P9|RBGP1_HUMAN:sp|O60318|GANP_HUMAN:sp|O75420|GGYF1_HUMAN:sp|Q08AN1|ZN616_HUMAN:sp|Q9Y2Q0|AT8A1_HUMAN:sp|O95678|K2C75_HUMAN:sp|O43520|AT8B1_HUMAN:sp|Q6ZVN8|RGMC_HUMAN:sp|Q13469|NFAC2_HUMAN:sp|Q96QT6|PHF12_HUMAN:sp|Q6UWV7|SHL2A_HUMAN:sp|O43151|TET3_HUMAN:sp|O94915|FRYL_HUMAN:sp|Q9P246|STIM2_HUMAN:sp|Q9NTI2|AT8A2_HUMAN:sp|Q9H8G1|ZN430_HUMAN:sp|P98198|AT8B2_HUMAN:sp|Q86Y13|DZIP3_HUMAN:sp|Q86UK0|ABCAC_HUMAN:sp|Q13608|PEX6_HUMAN:sp|Q9ULD2|MTUS1_HUMAN:sp|O15018|PDZD2_HUMAN:sp|A6NNF4|ZN726_HUMAN:sp|Q5VZ89|DEN4C_HUMAN:sp|Q7Z494|NPHP3_HUMAN:sp|Q5XG92|EST4A_HUMAN:sp|Q9NZR4|VSX1_HUMAN:sp|Q8NFX7|STXB6_HUMAN:sp|Q8IXB1|DJC10_HUMAN:sp|A6NK75|ZNF98_HUMAN:sp|Q9NVD3|SETD4_HUMAN:sp|P07911|UROM_HUMAN:sp|P20849|CO9A1_HUMAN:sp|P0C7P3|SLN14_HUMAN:sp|Q03001|DYST_HUMAN:sp|Q9UHD2|TBK1_HUMAN:sp|Q14517|FAT1_HUMAN,DeepNovo
S(+42.01)LKTKLKEL,32.19,1100.6805,9,100.0,9,0.5,551.34778,2,33.8074,-20.1926,0.65,12885,HFX193_IPP292_GEL_CRC_324_Odd.raw,3.53E6,2.63E7,2,2,2,2,"Acetylation (N-term)",,5 11 16 5 4 4 3 3 5,S(+42.01)LKTKLKEL,sp|Q8IYA2|C144C_HUMAN:sp|Q8WVV4|POF1B_HUMAN:sp|Q5T197|DCST1_HUMAN:sp|Q0P6D6|CCD15_HUMAN:sp|Q13574|DGKZ_HUMAN:sp|Q16595|FRDA_HUMAN:sp|Q93088|BHMT1_HUMAN:sp|O60241|AGRB2_HUMAN:sp|O60518|RNBP6_HUMAN:sp|Q9UFC0|LRWD1_HUMAN:sp|Q9P209|CEP72_HUMAN:sp|P33992|MCM5_HUMAN:sp|P54652|HSP72_HUMAN:sp|Q5VSG8|MANEL_HUMAN:sp|Q96NB3|ZN830_HUMAN:sp|P35221|CTNA1_HUMAN:sp|Q96MF7|NSE2_HUMAN:sp|Q02045|MYL5_HUMAN:sp|Q6ZNA1|ZN836_HUMAN:sp|Q12766|HMGX3_HUMAN:sp|O43815|STRN_HUMAN:sp|Q9NYY8|FAKD2_HUMAN:sp|Q92541|RTF1_HUMAN:sp|O95630|STABP_HUMAN:sp|Q3KP66|INAVA_HUMAN:sp|Q13620|CUL4B_HUMAN:sp|A8MYV0|DCD2C_HUMAN:sp|P30622|CLIP1_HUMAN:sp|P51587|BRCA2_HUMAN:sp|Q8WUB2|F216A_HUMAN:sp|Q9BTA9|WAC_HUMAN:sp|Q99467|CD180_HUMAN:sp|P21359|NF1_HUMAN:sp|Q12769|NU160_HUMAN:sp|O60281|ZN292_HUMAN:sp|Q5VZ72|IZUM3_HUMAN:sp|Q9H341|O51M1_HUMAN:sp|Q9NX95|SYBU_HUMAN:sp|Q8N4S0|CCD82_HUMAN:sp|Q15365|PCBP1_HUMAN:sp|Q8N461|FXL16_HUMAN:sp|I6L899|GOG8R_HUMAN:sp|Q15404|RSU1_HUMAN:sp|Q16513|PKN2_HUMAN:sp|Q5VTA0|PRA17_HUMAN:sp|Q9Y6F7|CDY2_HUMAN:sp|Q5VWQ8|DAB2P_HUMAN:sp|Q3T906|GNPTA_HUMAN:sp|A6NN73|GOG8C_HUMAN:sp|Q8TDY2|RBCC1_HUMAN:sp|O15054|KDM6B_HUMAN:sp|P11532|DMD_HUMAN:sp|Q9UN81|LORF1_HUMAN:sp|Q8IUG5|MY18B_HUMAN:sp|Q6NUN0|ACSM5_HUMAN:sp|P51693|APLP1_HUMAN:sp|Q5XPI4|RN123_HUMAN:sp|P78337|PITX1_HUMAN:sp|P49842|STK19_HUMAN:sp|Q86XA9|HTR5A_HUMAN:sp|Q9NZM3|ITSN2_HUMAN:sp|Q6P9F0|CCD62_HUMAN:sp|O75604|UBP2_HUMAN:sp|Q9Y5V3|MAGD1_HUMAN:sp|Q9Y6F8|CDY1_HUMAN:sp|A0PK11|CLRN2_HUMAN:sp|P28482|MK01_HUMAN:sp|Q96NT1|NP1L5_HUMAN:sp|Q8IYB4|PEX5R_HUMAN:sp|Q7Z333|SETX_HUMAN:sp|Q96RU2|UBP28_HUMAN:sp|Q86VH5|LRRT3_HUMAN:sp|P38435|VKGC_HUMAN:sp|Q13356|PPIL2_HUMAN:sp|O75925|PIAS1_HUMAN:sp|Q9P212|PLCE1_HUMAN:sp|Q3KR16|PKHG6_HUMAN:sp|Q0D2H9|GOG8D_HUMAN:sp|P62333|PRS10_HUMAN:sp|P02549|SPTA1_HUMAN:sp|Q9NRC6|SPTN5_HUMAN:sp|Q13200|PSMD2_HUMAN:sp|P40763|STAT3_HUMAN:sp|O75912|DGKI_HUMAN:sp|O00410|IPO5_HUMAN:sp|Q15431|SYCP1_HUMAN:sp|Q13127|REST_HUMAN:sp|Q8IUX4|ABC3F_HUMAN:sp|Q7Z7C7|STRA8_HUMAN:sp|Q8WZ73|RFFL_HUMAN:sp|Q9NQ66|PLCB1_HUMAN:sp|Q7Z406|MYH14_HUMAN:sp|Q9UKV3|ACINU_HUMAN:sp|O95782|AP2A1_HUMAN:sp|P23515|OMGP_HUMAN:sp|Q9UBZ9|REV1_HUMAN:sp|A0A1B0GTU1|ZC11B_HUMAN:sp|Q14186|TFDP1_HUMAN:sp|Q6P2I7|EBLN2_HUMAN:sp|Q5BJE1|CC178_HUMAN:sp|P98171|RHG04_HUMAN:MNS1_DEL_TT-p.K202Afs*5_::chr15:56444025-56445026_frame=1:sp|Q15652|JHD2C_HUMAN:sp|O95757|HS74L_HUMAN:sp|O15078|CE290_HUMAN:sp|Q8NDW8|TT21A_HUMAN:sp|O75364|PITX3_HUMAN:sp|Q9Y238|DLEC1_HUMAN:sp|Q9Y623|MYH4_HUMAN:sp|Q9H967|WDR76_HUMAN:sp|Q96L50|LLR1_HUMAN:sp|Q9NQW8|CNGB3_HUMAN:sp|Q8WYB5|KAT6B_HUMAN:sp|O95153|RIMB1_HUMAN:sp|Q9NYU1|UGGG2_HUMAN:sp|Q7Z443|PK1L3_HUMAN:sp|O75152|ZC11A_HUMAN:sp|Q9NR56|MBNL1_HUMAN:sp|Q13464|ROCK1_HUMAN:sp|O60284|ST18_HUMAN,DeepNovo
S(+42.01)LLEKHKL,24.97,1008.5967,8,100.0,8,2.2,505.30676,2,31.0085,-10.6915,0.60,11730,HFX193_IPP292_GEL_CRC_324_Even.raw,7.21E5,5.45E6,1,1,1,1,"Acetylation (N-term)",,5 9 22 14 14 17 4 5,S(+42.01)LLEKHKL,sp|A0AVI2|FR1L5_HUMAN:sp|P21817|RYR1_HUMAN:sp|Q7Z5W3|BN3D2_HUMAN:sp|Q9NVK5|FGOP2_HUMAN:sp|Q15545|TAF7_HUMAN:sp|P16157|ANK1_HUMAN:sp|A0A1W2PPK0|CPHL2_HUMAN:sp|Q9BWX1|PHF7_HUMAN:sp|O43173|SIA8C_HUMAN:sp|Q9Y5K3|PCY1B_HUMAN:sp|P17027|ZNF23_HUMAN:sp|Q460N5|PAR14_HUMAN:sp|Q75QN2|INT8_HUMAN:sp|O00330|ODPX_HUMAN:sp|Q13370|PDE3B_HUMAN:sp|Q8N5U0|CK042_HUMAN:sp|P09848|LPH_HUMAN:sp|Q8NA42|ZN383_HUMAN:sp|Q7RTY7|OVCH1_HUMAN:sp|Q9BWT7|CAR10_HUMAN:sp|Q9UNA1|RHG26_HUMAN:sp|Q6NWY9|PR40B_HUMAN:sp|P05014|IFNA4_HUMAN:sp|Q9C0B7|TNG6_HUMAN:sp|Q5VW36|FOCAD_HUMAN:sp|Q8IY47|KBTB2_HUMAN:sp|O75151|PHF2_HUMAN:sp|Q8NB50|ZFP62_HUMAN:sp|Q9C0G6|DYH6_HUMAN:sp|Q8NBA8|DTWD2_HUMAN:sp|P01567|IFNA7_HUMAN:sp|Q9NYC9|DYH9_HUMAN:sp|P39086|GRIK1_HUMAN:sp|Q9NYW8|RBAK_HUMAN:sp|Q86WI1|PKHL1_HUMAN:sp|Q15506|SP17_HUMAN:sp|O60318|GANP_HUMAN:sp|Q9UGI9|AAKG3_HUMAN:sp|Q7Z2Y8|GVIN1_HUMAN:sp|Q9BVR0|HRC23_HUMAN:sp|Q9Y5A9|YTHD2_HUMAN:sp|Q96K83|ZN521_HUMAN:sp|Q96ND8|ZN583_HUMAN:sp|Q8TB61|S35B2_HUMAN:sp|O75155|CAND2_HUMAN:sp|Q9NY15|STAB1_HUMAN:sp|Q8NDH2|CC168_HUMAN:sp|Q86V15|CASZ1_HUMAN:sp|Q14573|ITPR3_HUMAN:sp|P36507|MP2K2_HUMAN:sp|Q7Z2Y5|NRK_HUMAN:sp|Q8IZ52|CHSS2_HUMAN:sp|O00233|PSMD9_HUMAN:sp|Q8TB24|RIN3_HUMAN:sp|Q96FF7|MISP3_HUMAN:sp|Q8IUD2|RB6I2_HUMAN:sp|P52292|IMA1_HUMAN:sp|Q17RB8|LONF1_HUMAN:sp|Q8TD16|BICD2_HUMAN:sp|Q8TDY2|RBCC1_HUMAN:sp|O75897|ST1C4_HUMAN:sp|P01571|IFN17_HUMAN:sp|Q5T9S5|CCD18_HUMAN:sp|Q3MIP1|IPIL2_HUMAN:sp|Q9Y6X6|MYO16_HUMAN:sp|A8MW95|BECN2_HUMAN:sp|Q8IUG5|MY18B_HUMAN:sp|Q9UBB9|TFP11_HUMAN:sp|P0DPA3|SNH28_HUMAN:sp|O15519|CFLAR_HUMAN:sp|Q6IC98|GRAM4_HUMAN:sp|Q9NS87|KIF15_HUMAN:sp|O75604|UBP2_HUMAN:sp|Q9H816|DCR1B_HUMAN:sp|O43566|RGS14_HUMAN:sp|Q8TBR4|ST3L4_HUMAN:sp|Q8WXB4|ZN606_HUMAN:sp|Q8TC29|ENKUR_HUMAN:sp|Q32P28|P3H1_HUMAN:sp|Q13616|CUL1_HUMAN:sp|Q8TC44|POC1B_HUMAN:sp|Q9ULJ3|ZBT21_HUMAN:PHF2_DEL_A-p.K492Rfs*6_::chr9:93659830-93660830_frame=2:sp|Q13002|GRIK2_HUMAN:sp|Q8N9K5|ZN565_HUMAN:sp|Q8WUH2|TGFA1_HUMAN:sp|O95456|PSMG1_HUMAN:sp|Q5VWK5|IL23R_HUMAN:sp|Q15075|EEA1_HUMAN:sp|Q9BQ69|MACD1_HUMAN:sp|Q6WCQ1|MPRIP_HUMAN:sp|Q9P2L0|WDR35_HUMAN:sp|Q9BPX7|CG025_HUMAN:sp|Q9UC07|ZNF69_HUMAN:sp|Q76FK4|NOL8_HUMAN:sp|Q9BXX2|AN30B_HUMAN:sp|O96028|NSD2_HUMAN:sp|A7KAX9|RHG32_HUMAN:sp|P00533|EGFR_HUMAN:sp|Q9H069|DRC3_HUMAN:sp|Q92540|SMG7_HUMAN:sp|Q9Y6W3|CAN7_HUMAN:sp|Q86UK0|ABCAC_HUMAN:sp|Q96AE7|TTC17_HUMAN:sp|P26998|CRBB3_HUMAN:sp|A6NFE3|EFC10_HUMAN:sp|P14672|GLUT4_HUMAN:sp|Q7Z4N2|TRPM1_HUMAN:sp|P49821|NDUV1_HUMAN:sp|Q6ZSC3|RBM43_HUMAN:sp|Q9Y592|CEP83_HUMAN:sp|Q9BSK2|S2533_HUMAN:sp|Q9NR48|ASH1L_HUMAN:sp|P54852|EMP3_HUMAN:sp|Q9C0B9|ZCHC2_HUMAN:sp|Q8TDW7|FAT3_HUMAN:sp|Q8TF21|ANR24_HUMAN:sp|Q6PG37|ZN790_HUMAN:sp|O60284|ST18_HUMAN:sp|Q2KHM9|MOONR_HUMAN,DeepNovo
S(+42.01)LLGGAL,21.18,671.3854,7,71.4,7,-0.2,672.39252,1,64.5042,-81.0958,0.68,25255,HFX193_IPP292_GEL_CRC_324_Even.raw,2.49E6,1.3E7,1,1,1,1,"Acetylation (N-term)",,0 0 13 13 14 14 5,S(+42.01)LLGGAL,sp|Q9Y4P1|ATG4B_HUMAN,DB Search
S(+42.01)LLGGKPK,37.09,840.5069,8,75.0,8,0.5,421.26093,2,38.4425,2.2425,0.72,14758,HFX193_IPP292_GEL_CRC_324_Even.raw,6.34E5,5.33E6,1,1,1,1,"Acetylation (N-term)",,5 13 25 0 0 4 3 3,S(+42.01)LLGGKPK,sp|Q9C0B6|BRNP2_HUMAN:sp|P35568|IRS1_HUMAN:sp|Q9P2F6|RHG20_HUMAN:sp|Q13253|NOGG_HUMAN:sp|P0CK96|S352B_HUMAN:sp|Q56UQ5|TPT1L_HUMAN:sp|Q8TF46|DI3L1_HUMAN:sp|A6H8M9|CDHR4_HUMAN:sp|Q8IYL2|TRM44_HUMAN:sp|Q9ULB1|NRX1A_HUMAN:sp|P51582|P2RY4_HUMAN:sp|P20963|CD3Z_HUMAN:sp|P43146|DCC_HUMAN:sp|O00370|LORF2_HUMAN:sp|O14628|ZN195_HUMAN:sp|Q9NRF2|SH2B1_HUMAN:sp|Q8IWU5|SULF2_HUMAN:sp|Q4VNC0|AT135_HUMAN:sp|Q8TF64|GIPC3_HUMAN:sp|Q5T011|SZT2_HUMAN:sp|P00736|C1R_HUMAN:sp|P61550|ENVT1_HUMAN:sp|Q96BM9|ARL8A_HUMAN:sp|P54652|HSP72_HUMAN:sp|O75593|FOXH1_HUMAN:sp|Q8WZ75|ROBO4_HUMAN:sp|O95500|CLD14_HUMAN:sp|A0A075B6I9|LV746_HUMAN:sp|Q9H3G5|CPVL_HUMAN:sp|Q16625|OCLN_HUMAN:sp|O60346|PHLP1_HUMAN:sp|Q9NYY8|FAKD2_HUMAN:sp|Q9UN36|NDRG2_HUMAN:sp|P55211|CASP9_HUMAN:sp|Q92754|AP2C_HUMAN:sp|Q86VR7|VS10L_HUMAN:sp|Q8WYN0|ATG4A_HUMAN:sp|Q96N67|DOCK7_HUMAN:sp|Q7L0X2|ERIP6_HUMAN:sp|A5YKK6|CNOT1_HUMAN:sp|P15884|ITF2_HUMAN:sp|P0CK97|S35E2_HUMAN:sp|Q15572|TAF1C_HUMAN:sp|O14682|ENC1_HUMAN:sp|Q92911|SC5A5_HUMAN:sp|Q8NDA2|HMCN2_HUMAN:sp|O75970|MPDZ_HUMAN:sp|P13984|T2FB_HUMAN:sp|Q6KC79|NIPBL_HUMAN:sp|Q96DT6|ATG4C_HUMAN:sp|Q86UD5|SL9B2_HUMAN:sp|I3L0S3|PYAS1_HUMAN:sp|P46091|CML2_HUMAN:sp|O43593|HAIR_HUMAN:sp|A5PL33|KRBA1_HUMAN:sp|Q9P2V4|LRIT1_HUMAN:sp|P13798|ACPH_HUMAN:sp|Q92481|AP2B_HUMAN:sp|Q4G148|GXLT1_HUMAN:sp|P23280|CAH6_HUMAN:sp|P00156|CYB_HUMAN:sp|Q96BI1|S22AI_HUMAN:sp|Q96NJ5|KLH32_HUMAN:sp|Q15758|AAAT_HUMAN:sp|P25067|CO8A2_HUMAN:sp|Q8TF40|FNIP1_HUMAN:sp|O00221|IKBE_HUMAN:sp|Q02040|AK17A_HUMAN:sp|Q6UXC1|AEGP_HUMAN:SEC31A_INS_--T_p.I462Nfs*2::chr4:82863911-82864912_frame=2:sp|Q8NF50|DOCK8_HUMAN:sp|P39060|COIA1_HUMAN:sp|Q9C0A1|ZFHX2_HUMAN:sp|Q9Y2I7|FYV1_HUMAN:sp|P34969|5HT7R_HUMAN:sp|Q8TEW8|PAR3L_HUMAN:sp|O43541|SMAD6_HUMAN:sp|P06737|PYGL_HUMAN:sp|Q9Y2T1|AXIN2_HUMAN:sp|A6NNN8|S38A8_HUMAN:sp|O95352|ATG7_HUMAN:sp|Q3T8J9|GON4L_HUMAN:sp|P23771|GATA3_HUMAN:sp|Q16676|FOXD1_HUMAN:sp|Q9BQ69|MACD1_HUMAN:sp|Q96G42|KLD7B_HUMAN:sp|Q70CQ2|UBP34_HUMAN:sp|Q8TF72|SHRM3_HUMAN:sp|Q9NYQ8|FAT2_HUMAN:sp|P08F94|PKHD1_HUMAN:sp|P51805|PLXA3_HUMAN:sp|Q4ZHG4|FNDC1_HUMAN:sp|Q14114|LRP8_HUMAN:sp|Q9BZW7|TSG10_HUMAN:sp|Q96QT6|PHF12_HUMAN:sp|O75581|LRP6_HUMAN:sp|P22105|TENX_HUMAN:sp|P20142|PEPC_HUMAN:sp|Q15652|JHD2C_HUMAN:sp|P35658|NU214_HUMAN:sp|Q9H422|HIPK3_HUMAN:sp|Q13485|SMAD4_HUMAN:sp|O00624|NPT3_HUMAN:sp|Q8IW52|SLIK4_HUMAN:sp|P34931|HS71L_HUMAN:sp|Q32MK0|MYLK3_HUMAN:sp|Q13939|CALI_HUMAN:sp|Q6IB77|GLYAT_HUMAN:sp|Q9H0H3|KLH25_HUMAN:sp|P61978|HNRPK_HUMAN:sp|Q10571|MN1_HUMAN:sp|Q92729|PTPRU_HUMAN:sp|P48047|ATPO_HUMAN:sp|Q9Y4P1|ATG4B_HUMAN:sp|Q9NR48|ASH1L_HUMAN:sp|A1Z1Q3|MACD2_HUMAN:sp|O95573|ACSL3_HUMAN:sp|Q9NR09|BIRC6_HUMAN:sp|Q5VSD8|YI029_HUMAN:sp|P56470|LEG4_HUMAN,DeepNovo
S(+42.01)LLKKARL,23.97,969.6335,8,62.5,8,1.2,485.82458,2,30.2354,-14.3646,0.63,11444,HFX193_IPP292_GEL_CRC_324_Even.raw,2.82E5,2.14E6,1,1,1,1,"Acetylation (N-term)",,2 2 4 4 1 0 0 3,S(+42.01)LLKKARL,sp|Q8TCE6|DEN10_HUMAN:sp|Q8IWB1|IPRI_HUMAN:sp|Q8IX94|CTGE4_HUMAN:sp|Q8NBP0|TTC13_HUMAN:sp|P41252|SYIC_HUMAN:sp|Q5VT06|CE350_HUMAN:sp|Q9Y250|LZTS1_HUMAN:sp|Q9UL36|ZN236_HUMAN:sp|Q12983|BNIP3_HUMAN:sp|Q6R327|RICTR_HUMAN:sp|Q75QN2|INT8_HUMAN:sp|P0CG41|CTGE8_HUMAN:sp|Q9BZK7|TBL1R_HUMAN:sp|Q6XZF7|DNMBP_HUMAN:sp|Q8WU76|SCFD2_HUMAN:sp|Q92750|TAF4B_HUMAN:sp|Q9Y5Z7|HCFC2_HUMAN:sp|Q8N7J2|AMER2_HUMAN:sp|Q6W2J9|BCOR_HUMAN:sp|Q09019|DMWD_HUMAN:sp|A4D2H0|CTGEF_HUMAN:sp|Q8N7X0|ADGB_HUMAN:sp|Q5TCQ9|MAGI3_HUMAN:sp|Q9BQG0|MBB1A_HUMAN:sp|O95319|CELF2_HUMAN:sp|Q6PL18|ATAD2_HUMAN:sp|Q9BYD6|RM01_HUMAN:sp|P43304|GPDM_HUMAN:sp|Q9BYG8|GSDMC_HUMAN:sp|Q96QA5|GSDMA_HUMAN:sp|Q9H582|ZN644_HUMAN:sp|Q9HBM6|TAF9B_HUMAN:sp|O94925|GLSK_HUMAN:sp|Q12918|KLRB1_HUMAN:sp|C9JN71|ZN878_HUMAN:sp|Q8NDH2|CC168_HUMAN:sp|Q7Z7H3|CATIP_HUMAN:sp|O75970|MPDZ_HUMAN:sp|Q14919|NC2A_HUMAN:sp|Q8WUQ7|CATIN_HUMAN:sp|Q8N888|BCOR2_HUMAN:sp|Q9UK61|TASOR_HUMAN:sp|Q16584|M3K11_HUMAN:sp|O60673|REV3L_HUMAN:sp|P05787|K2C8_HUMAN:sp|Q14674|ESPL1_HUMAN:sp|Q6ZV50|RFX8_HUMAN:sp|Q14722|KCAB1_HUMAN:sp|Q8N4C6|NIN_HUMAN:sp|Q9NXD2|MTMRA_HUMAN:sp|O60303|KATIP_HUMAN:sp|Q5T7W7|TSTD2_HUMAN:sp|Q8WU08|ST32A_HUMAN:sp|A2CJ06|DYTN_HUMAN:sp|Q9H1I8|ASCC2_HUMAN:sp|Q9C0A6|SETD5_HUMAN:sp|Q9Y6X6|MYO16_HUMAN:sp|Q9BRL7|SC22C_HUMAN:sp|Q4G148|GXLT1_HUMAN:sp|Q8N8R3|S2529_HUMAN:sp|Q15311|RBP1_HUMAN:sp|O60765|Z354A_HUMAN:sp|Q9BZQ2|SHP1L_HUMAN:sp|Q86UQ4|ABCAD_HUMAN:sp|P0DPF6|CB27B_HUMAN:sp|P12004|PCNA_HUMAN:sp|Q8WZ64|ARAP2_HUMAN:sp|A6NGG8|PCARE_HUMAN:sp|Q92882|OSTF1_HUMAN:sp|Q02817|MUC2_HUMAN:sp|O14980|XPO1_HUMAN:sp|Q9P2E3|ZNFX1_HUMAN:sp|Q8TDL5|BPIB1_HUMAN:sp|Q9P212|PLCE1_HUMAN:sp|Q96JM4|LRIQ1_HUMAN:sp|Q9P2K8|E2AK4_HUMAN:sp|Q5VU43|MYOME_HUMAN:sp|Q13616|CUL1_HUMAN:sp|Q8IYN0|ZN100_HUMAN:sp|Q9BXI6|TB10A_HUMAN:sp|Q96MH7|CE034_HUMAN:sp|Q9NRC6|SPTN5_HUMAN:sp|Q8NFC6|BD1L1_HUMAN:sp|Q8NFY9|KBTB8_HUMAN:sp|Q14896|MYPC3_HUMAN:sp|Q8WTV0|SCRB1_HUMAN:sp|O60763|USO1_HUMAN:sp|Q9UPU5|UBP24_HUMAN:sp|A6NES4|MRO2A_HUMAN:sp|Q68DN1|CB016_HUMAN:sp|O94759|TRPM2_HUMAN:sp|Q9C0I1|MTMRC_HUMAN:sp|Q86XI2|CNDG2_HUMAN:sp|Q86US8|EST1A_HUMAN:sp|A4D126|ISPD_HUMAN:sp|Q9BRK4|LZTS2_HUMAN:sp|Q6ZMV9|KIF6_HUMAN:sp|Q99990|VGLL1_HUMAN:sp|Q8IYT3|CC170_HUMAN:sp|Q9NWV8|BABA1_HUMAN:sp|Q5VIY5|ZN468_HUMAN:sp|O15061|SYNEM_HUMAN:sp|Q9H422|HIPK3_HUMAN:sp|Q8N5I2|ARRD1_HUMAN:sp|Q86UK0|ABCAC_HUMAN:sp|Q9H963|ZN702_HUMAN:sp|Q9H267|VP33B_HUMAN:sp|Q7RTR0|NLRP9_HUMAN:sp|Q9NQH7|XPP3_HUMAN:sp|Q9Y2D1|ATF5_HUMAN:sp|Q6Y288|B3GLT_HUMAN:sp|Q9BQ87|TBL1Y_HUMAN:sp|Q03701|CEBPZ_HUMAN:sp|O75330|HMMR_HUMAN:sp|Q14240|IF4A2_HUMAN:sp|Q9HBE4|IL21_HUMAN:sp|Q8IV35|WDR49_HUMAN:sp|Q9NZP6|NPAP1_HUMAN:sp|Q03164|KMT2A_HUMAN:sp|Q9Y2G8|DJC16_HUMAN,DeepNovo
S(+42.01)LLKKEKL,22.99,999.6328,8,100.0,8,1.6,500.82446,2,31.2665,-6.3335,0.42,11853,HFX193_IPP292_GEL_CRC_324_Even.raw,7.65E5,6.14E6,2,2,2,2,"Acetylation (N-term)",,5 13 22 15 5 5 6 5,S(+42.01)LLKKEKL,sp|Q8TCE6|DEN10_HUMAN:sp|Q9Y6D5|BIG2_HUMAN:sp|Q6UVJ0|SAS6_HUMAN:sp|Q8IX94|CTGE4_HUMAN:sp|Q6NW29|RWDD4_HUMAN:sp|Q9UL36|ZN236_HUMAN:sp|O75031|HSF2B_HUMAN:sp|P51817|PRKX_HUMAN:sp|Q9UKZ4|TEN1_HUMAN:sp|Q9Y5B6|PAXB1_HUMAN:sp|A6NFK2|GRCR2_HUMAN:sp|Q9BZK7|TBL1R_HUMAN:sp|Q6L8Q7|PDE12_HUMAN:sp|H0YM25|GG6LV_HUMAN:sp|Q9NRL2|BAZ1A_HUMAN:sp|Q8NFD5|ARI1B_HUMAN:sp|Q5SQ80|A20A2_HUMAN:sp|Q6W2J9|BCOR_HUMAN:sp|Q8N7X0|ADGB_HUMAN:sp|Q9UPM8|AP4E1_HUMAN:sp|Q9BQG0|MBB1A_HUMAN:sp|Q96Q35|FACC1_HUMAN:sp|Q5TZA2|CROCC_HUMAN:sp|P43304|GPDM_HUMAN:sp|Q9H582|ZN644_HUMAN:sp|Q12918|KLRB1_HUMAN:sp|P0DX02|GG6LZ_HUMAN:sp|C9JN71|ZN878_HUMAN:sp|Q9C0E4|GRIP2_HUMAN:sp|Q9NZN5|ARHGC_HUMAN:sp|Q9NY47|CA2D2_HUMAN:sp|Q5JPH6|SYEM_HUMAN:sp|Q5JPF3|AN36C_HUMAN:sp|O75037|KI21B_HUMAN:PDS5B_INS_--A_p.N1390Kfs*13::chr13:32770249-32771250_frame=2:sp|A4IF30|S35F4_HUMAN:sp|O60673|REV3L_HUMAN:sp|Q8NA19|LMBL4_HUMAN:sp|Q687X5|STEA4_HUMAN:sp|I6L899|GOG8R_HUMAN:sp|Q9H6L5|RETR1_HUMAN:sp|Q9BZE2|PUS3_HUMAN:sp|Q86UV6|TRI74_HUMAN:sp|Q9GZS0|DNAI2_HUMAN:sp|Q9UKA4|AKA11_HUMAN:sp|Q5T7W7|TSTD2_HUMAN:sp|A6NN73|GOG8C_HUMAN:sp|Q8WU08|ST32A_HUMAN:sp|Q9H040|SPRTN_HUMAN:sp|Q9H1I8|ASCC2_HUMAN:sp|O00222|GRM8_HUMAN:sp|Q15311|RBP1_HUMAN:sp|P78559|MAP1A_HUMAN:sp|Q6P9F0|CCD62_HUMAN:sp|Q15858|SCN9A_HUMAN:sp|Q8NE09|RGS22_HUMAN:sp|A6NJJ6|CS067_HUMAN:sp|Q9P212|PLCE1_HUMAN:sp|Q9P2K8|E2AK4_HUMAN:sp|Q5VU43|MYOME_HUMAN:sp|Q0D2H9|GOG8D_HUMAN:sp|Q5VUR7|A20A3_HUMAN:sp|Q0VF96|CGNL1_HUMAN:sp|Q86V40|TIKI1_HUMAN:sp|Q9H2D6|TARA_HUMAN:sp|Q8IYN0|ZN100_HUMAN:sp|Q9NRC6|SPTN5_HUMAN:sp|Q8WTV0|SCRB1_HUMAN:sp|Q96PE3|INP4A_HUMAN:sp|A6NES4|MRO2A_HUMAN:sp|Q96B26|EXOS8_HUMAN:sp|Q15075|EEA1_HUMAN:sp|Q70CQ2|UBP34_HUMAN:sp|P82914|RT15_HUMAN:sp|Q14872|MTF1_HUMAN:sp|A4D126|ISPD_HUMAN:sp|Q9NQ66|PLCB1_HUMAN:sp|P0CB48|UBFL6_HUMAN:sp|P15408|FOSL2_HUMAN:sp|Q6ZN32|ETV3L_HUMAN:sp|A6PVI3|NCB2L_HUMAN:sp|P43268|ETV4_HUMAN:sp|Q99990|VGLL1_HUMAN:sp|Q8IYT3|CC170_HUMAN:sp|Q8WUN7|UBTD2_HUMAN:sp|Q9HCX4|TRPC7_HUMAN:sp|P09327|VILI_HUMAN:sp|Q8TCU6|PREX1_HUMAN:sp|Q6ZUS5|CC121_HUMAN:sp|Q86XT4|TRI50_HUMAN:sp|Q9H7C4|SYNCI_HUMAN:sp|Q8N5I2|ARRD1_HUMAN:sp|O15078|CE290_HUMAN:sp|Q86Y13|DZIP3_HUMAN:sp|Q86UK0|ABCAC_HUMAN:sp|Q8N3K9|CMYA5_HUMAN:sp|Q9Y623|MYH4_HUMAN:sp|Q14554|PDIA5_HUMAN:sp|Q9BSC4|NOL10_HUMAN:sp|P34896|GLYC_HUMAN:sp|Q9NQS7|INCE_HUMAN:sp|Q9NQH7|XPP3_HUMAN:sp|Q9Y2D9|ZN652_HUMAN:sp|Q6P2D0|ZFP1_HUMAN:sp|Q9H707|ZN552_HUMAN:sp|O14626|GP171_HUMAN:sp|Q9NQ90|ANO2_HUMAN:sp|Q9Y6X9|MORC2_HUMAN:sp|P10092|CALCB_HUMAN:sp|Q9NR48|ASH1L_HUMAN:sp|Q9NZP6|NPAP1_HUMAN:sp|O14613|BORG1_HUMAN:sp|Q15695|U2AFL_HUMAN:sp|Q03164|KMT2A_HUMAN:sp|O95232|LC7L3_HUMAN:sp|Q8WXX5|DNJC9_HUMAN:ZNF518A_DEL_A-p.T929Lfs*2_::chr10:96158599-96159599_frame=-1:sp|Q8NCM8|DYHC2_HUMAN:sp|O95239|KIF4A_HUMAN:sp|Q96M89|CC138_HUMAN,DeepNovo
S(+42.01)LLKKREAL,26.71,1098.6760,9,66.7,9,-0.5,367.23245,3,32.5143,-5.4857,0.12,12339,HFX193_IPP292_GEL_CRC_324_Odd.raw,3.11E6,1.99E7,1,1,1,1,"Acetylation (N-term)",,5 9 23 4 0 0 0 6 5,S(+42.01)LLKKREAL,,DeepNovo
S(+42.01)LLKKVRVK,16.67,1111.7441,9,44.4,9,1.4,371.58914,3,29.1100,-0.2900,0.49,10968,HFX193_IPP292_GEL_CRC_324_Even.raw,1.75E6,1.41E7,1,1,1,1,"Acetylation (N-term)",,0 0 0 0 18 8 1 4 4,S(+42.01)LLKKVRVK,sp|P59923|ZN445_HUMAN:sp|A0AVI2|FR1L5_HUMAN:sp|Q5TCH4|CP4AM_HUMAN:sp|Q9NYQ6|CELR1_HUMAN:sp|O60486|PLXC1_HUMAN:sp|P14784|IL2RB_HUMAN:sp|Q92614|MY18A_HUMAN:sp|P09529|INHBB_HUMAN:sp|Q86UU1|PHLB1_HUMAN:sp|Q9H799|CPLN1_HUMAN:sp|P41743|KPCI_HUMAN:sp|Q9Y242|TCF19_HUMAN:sp|O95714|HERC2_HUMAN:sp|Q9Y3D0|CIA2B_HUMAN:sp|Q155Q3|DIXC1_HUMAN:sp|Q14990|ODFP1_HUMAN:sp|Q7Z442|PK1L2_HUMAN:sp|Q6PML9|ZNT9_HUMAN:sp|Q8TD31|CCHCR_HUMAN:sp|Q9BZL1|UBL5_HUMAN:sp|Q02928|CP4AB_HUMAN:sp|O60524|NEMF_HUMAN:sp|O94921|CDK14_HUMAN:sp|Q96EL3|RM53_HUMAN:sp|Q6ZMZ3|SYNE3_HUMAN:sp|Q14517|FAT1_HUMAN:sp|P78539|SRPX_HUMAN,DeepNovo
S(+42.01)LLKRAKL,22.45,969.6335,8,37.5,8,1.1,324.21878,3,30.2354,-13.4646,0.27,11446,HFX193_IPP292_GEL_CRC_324_Even.raw,2.69E5,2.3E6,1,1,1,1,"Acetylation (N-term)",,0 0 6 4 1 1 1 5,S(+42.01)LLKRAKL,sp|P05156|CFAI_HUMAN:sp|Q7Z3V4|UBE3B_HUMAN:sp|O43663|PRC1_HUMAN:sp|Q86TB9|PATL1_HUMAN:sp|Q5T1A1|DCST2_HUMAN:sp|Q9ULG1|INO80_HUMAN:sp|Q5T5J6|SWT1_HUMAN:sp|Q92738|US6NL_HUMAN:sp|O43290|SNUT1_HUMAN:sp|Q96TA1|NIBA2_HUMAN:sp|Q9BWT7|CAR10_HUMAN:sp|Q4AC99|1A1L2_HUMAN:sp|O95696|BRD1_HUMAN:sp|Q5TCZ1|SPD2A_HUMAN:sp|A6NP61|ZAR1L_HUMAN:sp|O75122|CLAP2_HUMAN:sp|O95835|LATS1_HUMAN:sp|Q8IY82|DRC7_HUMAN:sp|Q14185|DOCK1_HUMAN:sp|Q9Y3B9|RRP15_HUMAN:sp|O95786|RIGI_HUMAN:sp|Q8NHG7|SVIP_HUMAN:sp|Q96MC2|DRC1_HUMAN:sp|Q8IUW3|SPA2L_HUMAN:sp|P20042|IF2B_HUMAN:sp|P31327|CPSM_HUMAN:sp|Q9BXL7|CAR11_HUMAN:sp|O95996|APCL_HUMAN:sp|Q5VVH2|FKB1C_HUMAN:sp|O76041|NEBL_HUMAN:sp|P28290|ITPI2_HUMAN:sp|Q14469|HES1_HUMAN:sp|Q8TDF6|GRP4_HUMAN:sp|Q86X45|DAA11_HUMAN:sp|Q6ZU69|S31F1_HUMAN:sp|Q8WUY3|PRUN2_HUMAN:sp|Q9P246|STIM2_HUMAN:sp|O75037|KI21B_HUMAN:sp|Q86YC2|PALB2_HUMAN:sp|P05787|K2C8_HUMAN:sp|Q6ZVH7|ESPNL_HUMAN:sp|Q86YI8|PHF13_HUMAN:sp|O75150|BRE1B_HUMAN:sp|Q49A26|GLYR1_HUMAN:sp|Q9NPH3|IL1AP_HUMAN:sp|Q92793|CBP_HUMAN:sp|Q9NSB2|KRT84_HUMAN:sp|Q9Y2M0|FAN1_HUMAN:sp|Q9Y4F4|TGRM1_HUMAN:sp|P23415|GLRA1_HUMAN:sp|Q9HAU0|PKHA5_HUMAN:sp|O00270|GPR31_HUMAN:sp|Q13416|ORC2_HUMAN:sp|Q9HC84|MUC5B_HUMAN:sp|Q8TDD1|DDX54_HUMAN:sp|P78386|KRT85_HUMAN:sp|O00468|AGRIN_HUMAN:sp|Q86UQ4|ABCAD_HUMAN:sp|Q9NRM7|LATS2_HUMAN:sp|Q9NS87|KIF15_HUMAN:sp|Q14019|COTL1_HUMAN:sp|Q15831|STK11_HUMAN:sp|P68106|FKB1B_HUMAN:sp|Q9H6F5|CCD86_HUMAN:sp|P19622|HME2_HUMAN:sp|Q8N8I6|CQ055_HUMAN:sp|Q96JM4|LRIQ1_HUMAN:sp|Q86WN1|FCSD1_HUMAN:sp|Q96P48|ARAP1_HUMAN:sp|Q5T2Q4|CCYL2_HUMAN:sp|P18858|DNLI1_HUMAN:sp|Q5TAA0|TTC22_HUMAN:sp|Q9UHV5|RPGFL_HUMAN:sp|Q6PKC3|TXD11_HUMAN:sp|A8MTQ0|NOTO_HUMAN:sp|P38935|SMBP2_HUMAN:sp|Q9ULL1|PKHG1_HUMAN:sp|P33908|MA1A1_HUMAN:sp|Q8NB66|UN13C_HUMAN:sp|Q05925|HME1_HUMAN:sp|Q14644|RASA3_HUMAN:sp|Q8IX06|GOR_HUMAN:sp|P13533|MYH6_HUMAN:sp|Q8NEG7|DEN6B_HUMAN:sp|Q9UMN6|KMT2B_HUMAN:sp|Q9UBE0|SAE1_HUMAN:sp|Q7Z406|MYH14_HUMAN:sp|P51800|CLCKA_HUMAN:sp|Q5TID7|CC181_HUMAN:sp|P52630|STAT2_HUMAN:sp|Q9Y3D5|RT18C_HUMAN:sp|Q6P1N0|C2D1A_HUMAN:sp|Q8IYT3|CC170_HUMAN:sp|Q53EU6|GPAT3_HUMAN:sp|Q6ZMJ4|IL34_HUMAN:sp|Q86VD1|MORC1_HUMAN:sp|Q9H8Y1|VRTN_HUMAN:sp|Q96C10|DHX58_HUMAN:sp|Q5T6V5|QNG1_HUMAN:sp|Q86YH2|Z280B_HUMAN:sp|P32780|TF2H1_HUMAN:sp|P15538|C11B1_HUMAN:sp|P04424|ARLY_HUMAN:sp|O75197|LRP5_HUMAN:sp|Q08AH3|ACS2A_HUMAN:sp|Q63HN1|S31F2_HUMAN:sp|P12883|MYH7_HUMAN:sp|Q14582|MAD4_HUMAN:sp|Q9Y6X9|MORC2_HUMAN:sp|Q9Y2W2|WBP11_HUMAN:sp|Q7Z460|CLAP1_HUMAN:sp|P11049|CD37_HUMAN:sp|Q03164|KMT2A_HUMAN:sp|Q9NVR7|TBCC1_HUMAN:sp|O75896|TUSC2_HUMAN:sp|P23760|PAX3_HUMAN:sp|Q8NCM8|DYHC2_HUMAN:sp|Q14689|DIP2A_HUMAN:sp|Q8IZT6|ASPM_HUMAN:sp|Q86VM9|ZCH18_HUMAN,DeepNovo
S(+42.01)LLKRGGKEL,30.95,1141.6819,10,50.0,10,1.8,381.56857,3,30.9103,-4.2897,0.18,11684,HFX193_IPP292_GEL_CRC_324_Even.raw,2.09E6,1.37E7,2,2,2,2,"Acetylation (N-term)",,5 6 5 1 1 0 0 1 7 5,S(+42.01)LLKRGGKEL,sp|Q9P2F6|RHG20_HUMAN:sp|Q8WZ82|OVCA2_HUMAN:sp|Q8WVV4|POF1B_HUMAN:sp|Q8N4C7|STX19_HUMAN:sp|A4QPH2|PI4P2_HUMAN:sp|Q5PRF9|SMAG2_HUMAN:sp|Q96SZ5|AEDO_HUMAN:sp|Q7Z3V4|UBE3B_HUMAN:sp|B1AK76|SNUFL_HUMAN:sp|Q96PB1|CASD1_HUMAN:sp|Q8TC57|M1AP_HUMAN:sp|O15020|SPTN2_HUMAN:sp|Q149N8|SHPRH_HUMAN:sp|P17844|DDX5_HUMAN:sp|Q02779|M3K10_HUMAN:sp|Q96BJ3|AIDA_HUMAN:sp|Q9Y3M8|STA13_HUMAN:sp|O95503|CBX6_HUMAN:sp|Q8N3P4|VPS8_HUMAN:sp|Q92831|KAT2B_HUMAN:sp|O14904|WNT9A_HUMAN:sp|Q8NBH2|KY_HUMAN:sp|Q6ZT12|UBR3_HUMAN:sp|Q9BZF1|OSBL8_HUMAN:sp|Q9H5Z6|F124B_HUMAN:sp|Q8N0Z3|SPICE_HUMAN:sp|Q9UPA5|BSN_HUMAN:sp|A6NM36|LRC30_HUMAN:sp|Q8N9M1|CS047_HUMAN:sp|Q96N23|CFA54_HUMAN:sp|Q9UG22|GIMA2_HUMAN:sp|Q9Y3R5|DOP2_HUMAN:sp|Q9NQS5|GPR84_HUMAN:sp|O95249|GOSR1_HUMAN:sp|O95476|CNEP1_HUMAN:sp|Q8N2H3|PYRD2_HUMAN:TEAD2_DEL_G-p.H299Mfs*12_::chr19:49346716-49347716_frame=2:sp|Q8IYD8|FANCM_HUMAN:sp|P62841|RS15_HUMAN:sp|Q0P6H9|TMM62_HUMAN:sp|Q8NEA6|GLIS3_HUMAN:sp|Q9H6S0|YTDC2_HUMAN:sp|Q96S42|NODAL_HUMAN:sp|Q96T58|MINT_HUMAN:sp|Q8N912|NRAC_HUMAN:sp|Q7Z6Z7|HUWE1_HUMAN:sp|Q92990|GLMN_HUMAN:sp|Q9NXE4|NSMA3_HUMAN:sp|O15037|KHNYN_HUMAN:sp|P27352|IF_HUMAN:sp|Q9UPX6|MNAR1_HUMAN:sp|Q6ZMZ3|SYNE3_HUMAN:sp|Q17RS7|GEN_HUMAN:sp|Q8N8J0|PI4P1_HUMAN:sp|O15031|PLXB2_HUMAN:sp|Q96QB1|RHG07_HUMAN:sp|P39880|CUX1_HUMAN:sp|Q6ZSI9|CAN12_HUMAN:sp|Q6Q4G3|AMPQ_HUMAN:sp|Q92947|GCDH_HUMAN:sp|P57678|GEMI4_HUMAN:sp|Q14999|CUL7_HUMAN:sp|Q96JJ7|TMX3_HUMAN:sp|Q92556|ELMO1_HUMAN:sp|Q8IUN9|CLC10_HUMAN:sp|Q8WX94|NALP7_HUMAN:sp|Q5VU43|MYOME_HUMAN:sp|P30085|KCY_HUMAN:sp|P36941|TNR3_HUMAN:sp|Q15722|LT4R1_HUMAN:sp|O14668|TMG1_HUMAN:sp|Q96MH7|CE034_HUMAN:sp|O14686|KMT2D_HUMAN:sp|Q9NVL8|CC198_HUMAN:sp|P36873|PP1G_HUMAN:sp|O43541|SMAD6_HUMAN:sp|Q5T5P2|SKT_HUMAN:sp|Q9P1Z3|HCN3_HUMAN:sp|P08246|ELNE_HUMAN:sp|Q6P3R8|NEK5_HUMAN:sp|A5PLK6|RGSL_HUMAN:sp|A6NES4|MRO2A_HUMAN:sp|P58004|SESN2_HUMAN:sp|Q70CQ2|UBP34_HUMAN:sp|Q6ZTQ3|RASF6_HUMAN:sp|Q9UMN6|KMT2B_HUMAN:sp|Q5UIP0|RIF1_HUMAN:sp|O95256|I18RA_HUMAN:sp|Q6ZWL3|CP4V2_HUMAN:sp|Q96S65|CSRN1_HUMAN:sp|Q969V5|MUL1_HUMAN:sp|Q86YR5|GPSM1_HUMAN:sp|Q8NDA8|MROH1_HUMAN:sp|Q68CP4|HGNAT_HUMAN:sp|P01909|DQA1_HUMAN:sp|Q5T890|ER6L2_HUMAN:sp|P42356|PI4KA_HUMAN:sp|Q9NZJ4|SACS_HUMAN:sp|O15061|SYNEM_HUMAN:sp|P00734|THRB_HUMAN:sp|Q8NDW8|TT21A_HUMAN:sp|Q9UHL0|DDX25_HUMAN:sp|Q9NXT0|ZN586_HUMAN:sp|Q2M3G4|SHRM1_HUMAN:sp|Q9UPU9|SMAG1_HUMAN:sp|Q14582|MAD4_HUMAN:sp|Q8N163|CCAR2_HUMAN:sp|Q9UBK8|MTRR_HUMAN:sp|P53384|NUBP1_HUMAN:sp|Q99567|NUP88_HUMAN:sp|Q9NR48|ASH1L_HUMAN:sp|Q15031|SYLM_HUMAN:sp|P11277|SPTB1_HUMAN:sp|Q6ICG8|WBP2L_HUMAN:sp|Q96PU5|NED4L_HUMAN:sp|Q9NRH2|SNRK_HUMAN:sp|Q96JJ3|ELMO2_HUMAN:sp|Q8TBA6|GOGA5_HUMAN:sp|P06400|RB_HUMAN:sp|O15063|GRRE1_HUMAN,DeepNovo
S(+42.01)LLKRKEAL,36.96,1098.6760,9,77.8,9,-0.2,550.34521,2,32.5167,-4.5833,0.55,12350,HFX193_IPP292_GEL_CRC_324_Odd.raw,2.84E6,2.41E7,3,3,3,3,"Acetylation (N-term)",,5 8 11 4 1 0 3 5 5,S(+42.01)LLKRKEAL,sp|Q14684|RRP1B_HUMAN:sp|Q8WVV4|POF1B_HUMAN:sp|P49418|AMPH_HUMAN:sp|Q96JB8|MPP4_HUMAN:sp|Q9BZG8|DPH1_HUMAN:sp|Q96SZ5|AEDO_HUMAN:sp|P37198|NUP62_HUMAN:sp|Q8N1L4|CP4Z2_HUMAN:sp|P17568|NDUB7_HUMAN:sp|P17020|ZNF16_HUMAN:sp|A4D0S4|LAMB4_HUMAN:sp|B1AK76|SNUFL_HUMAN:sp|Q5VU92|DC121_HUMAN:sp|Q7L985|LIGO2_HUMAN:sp|P11055|MYH3_HUMAN:sp|Q5SQ80|A20A2_HUMAN:sp|Q9Y2K7|KDM2A_HUMAN:sp|Q92935|EXTL1_HUMAN:sp|Q8N635|MEIOB_HUMAN:sp|Q969Z4|TR19L_HUMAN:sp|Q9H5Z6|F124B_HUMAN:sp|Q5TZA2|CROCC_HUMAN:sp|Q9Y2H0|DLGP4_HUMAN:sp|Q9P1A6|DLGP2_HUMAN:sp|Q99758|ABCA3_HUMAN:sp|Q9BRP8|PYM1_HUMAN:sp|Q6ZU69|S31F1_HUMAN:sp|P0CAP2|GRL1A_HUMAN:sp|Q6P5Z2|PKN3_HUMAN:sp|Q02410|APBA1_HUMAN:sp|Q8WXI9|P66B_HUMAN:sp|Q9NZN5|ARHGC_HUMAN:sp|Q9UHR5|S30BP_HUMAN:sp|P46063|RECQ1_HUMAN:sp|Q9NQS5|GPR84_HUMAN:sp|O75970|MPDZ_HUMAN:sp|O60673|REV3L_HUMAN:sp|P49221|TGM4_HUMAN:sp|Q8IY17|PLPL6_HUMAN:TEAD2_DEL_G-p.H299Mfs*12_::chr19:49346716-49347716_frame=2:sp|Q6PUV4|CPLX2_HUMAN:sp|P11473|VDR_HUMAN:sp|Q17RB8|LONF1_HUMAN:DDX27_DEL_A-p.K660Rfs*4_::chr20:49241467-49242467_frame=1:sp|O75469|NR1I2_HUMAN:sp|O14810|CPLX1_HUMAN:sp|Q9BVG3|TRI62_HUMAN:sp|Q3T906|GNPTA_HUMAN:sp|Q0P6H9|TMM62_HUMAN:sp|Q8NEV4|MYO3A_HUMAN:sp|Q9NYL5|CP39A_HUMAN:sp|Q96T58|MINT_HUMAN:sp|Q92990|GLMN_HUMAN:sp|P11532|DMD_HUMAN:sp|O94983|CMTA2_HUMAN:sp|P49842|STK19_HUMAN:sp|P78559|MAP1A_HUMAN:sp|Q8IXU6|S35F2_HUMAN:sp|Q9UNZ2|NSF1C_HUMAN:sp|Q02040|AK17A_HUMAN:sp|Q6ZSI9|CAN12_HUMAN:sp|Q92947|GCDH_HUMAN:sp|Q6P2Q9|PRP8_HUMAN:sp|Q9Y4E6|WDR7_HUMAN:sp|Q8N8V4|ANS4B_HUMAN:sp|Q7Z333|SETX_HUMAN:sp|Q6J272|F166A_HUMAN:sp|Q5T124|UBX11_HUMAN:sp|Q5VU43|MYOME_HUMAN:sp|B4DX44|ZN736_HUMAN:sp|Q5VUR7|A20A3_HUMAN:sp|Q92974|ARHG2_HUMAN:sp|Q9BTC0|DIDO1_HUMAN:sp|Q9NRC6|SPTN5_HUMAN:sp|Q8NFC6|BD1L1_HUMAN:sp|Q5FYB1|ARSI_HUMAN:sp|Q8IYM0|F186B_HUMAN:sp|Q9NQF3|SERHL_HUMAN:sp|P36873|PP1G_HUMAN:sp|Q07283|TRHY_HUMAN:sp|O75445|USH2A_HUMAN:sp|O43541|SMAD6_HUMAN:sp|Q5TB80|CE162_HUMAN:sp|Q5T5P2|SKT_HUMAN:sp|Q86W10|CP4Z1_HUMAN:sp|P08246|ELNE_HUMAN:sp|A6NES4|MRO2A_HUMAN:sp|Q70CQ2|UBP34_HUMAN:sp|Q8TD55|PKHO2_HUMAN:sp|O95256|I18RA_HUMAN:sp|Q58EX2|SDK2_HUMAN:sp|Q9UPP1|PHF8_HUMAN:sp|Q13043|STK4_HUMAN:sp|P42356|PI4KA_HUMAN:sp|Q9NZJ4|SACS_HUMAN:sp|Q2HXU8|CL12B_HUMAN:sp|O15061|SYNEM_HUMAN:sp|O15078|CE290_HUMAN:sp|P00734|THRB_HUMAN:sp|Q8NDW8|TT21A_HUMAN:sp|Q86YR7|MF2L2_HUMAN:sp|Q9Y623|MYH4_HUMAN:sp|Q9UHL0|DDX25_HUMAN:sp|Q9NXT0|ZN586_HUMAN:sp|Q13133|NR1H3_HUMAN:sp|Q9UPU9|SMAG1_HUMAN:sp|Q14582|MAD4_HUMAN:sp|Q9UBK8|MTRR_HUMAN:sp|P53384|NUBP1_HUMAN:sp|Q99567|NUP88_HUMAN:sp|Q9NR48|ASH1L_HUMAN:sp|O95573|ACSL3_HUMAN:sp|Q16671|AMHR2_HUMAN:sp|P33121|ACSL1_HUMAN:sp|Q9NRH2|SNRK_HUMAN:sp|Q96JJ3|ELMO2_HUMAN:sp|Q9H0E3|SP130_HUMAN:sp|Q8NCM8|DYHC2_HUMAN:sp|Q53H64|AK40L_HUMAN:sp|P06400|RB_HUMAN,DeepNovo
S(+42.01)LLKRRGL,28.53,983.6240,8,75.0,8,0.9,328.88223,3,33.8591,0.7591,0.00,12894,HFX193_IPP292_GEL_CRC_324_Odd.raw,3.11E6,1.92E7,1,1,1,1,"Acetylation (N-term)",,5 8 4 3 0 0 2 5,S(+42.01)LLKRRGL,sp|Q9ULD5|ZN777_HUMAN:sp|P58107|EPIPL_HUMAN:sp|Q6UVK1|CSPG4_HUMAN:sp|Q8WVV4|POF1B_HUMAN:sp|Q8N8A6|DDX51_HUMAN:sp|Q5PRF9|SMAG2_HUMAN:sp|Q5VT06|CE350_HUMAN:sp|Q96SZ5|AEDO_HUMAN:sp|Q96JH7|VCIP1_HUMAN:sp|Q7L2E3|DHX30_HUMAN:sp|Q99447|PCY2_HUMAN:sp|B1AK76|SNUFL_HUMAN:sp|Q00872|MYPC1_HUMAN:sp|P35348|ADA1A_HUMAN:sp|Q08050|FOXM1_HUMAN:sp|Q8N3P4|VPS8_HUMAN:sp|Q92541|RTF1_HUMAN:sp|Q9H5Z6|F124B_HUMAN:sp|Q8N0Z3|SPICE_HUMAN:sp|Q9UPA5|BSN_HUMAN:sp|Q9Y4G8|RPGF2_HUMAN:sp|Q8WVB6|CTF18_HUMAN:sp|Q9UJW3|DNM3L_HUMAN:sp|Q92797|SYMPK_HUMAN:sp|Q9UG22|GIMA2_HUMAN:sp|Q8IZR5|CKLF4_HUMAN:sp|Q9NYH9|UTP6_HUMAN:sp|Q99969|RARR2_HUMAN:sp|Q9NQS5|GPR84_HUMAN:sp|Q9UMS5|PHTF1_HUMAN:TEAD2_DEL_G-p.H299Mfs*12_::chr19:49346716-49347716_frame=2:sp|Q5VWM6|PRA13_HUMAN:sp|O00629|IMA3_HUMAN:sp|Q8TE58|ATS15_HUMAN:sp|Q96P56|CTSR2_HUMAN:sp|P0C874|S31D3_HUMAN:sp|P04626|ERBB2_HUMAN:sp|Q0P6H9|TMM62_HUMAN:sp|Q8NEA6|GLIS3_HUMAN:sp|Q96S42|NODAL_HUMAN:sp|Q96T58|MINT_HUMAN:sp|Q12830|BPTF_HUMAN:sp|Q96L15|NAR5_HUMAN:sp|Q92990|GLMN_HUMAN:sp|Q9BUL9|RPP25_HUMAN:sp|P11532|DMD_HUMAN:sp|Q9UPX6|MNAR1_HUMAN:sp|Q7Z6J9|SEN54_HUMAN:sp|Q6ZUB0|S31D4_HUMAN:sp|Q9H813|PACC1_HUMAN:sp|Q8WVF2|UCMA_HUMAN:sp|O15031|PLXB2_HUMAN:sp|Q96QB1|RHG07_HUMAN:sp|Q9NQ35|NRIP3_HUMAN:sp|Q6ZSI9|CAN12_HUMAN:sp|Q92947|GCDH_HUMAN:sp|Q6P1J9|CDC73_HUMAN:sp|Q9Y2Y9|KLF13_HUMAN:sp|Q92556|ELMO1_HUMAN:sp|Q5VU43|MYOME_HUMAN:sp|Q15722|LT4R1_HUMAN:sp|Q0VF96|CGNL1_HUMAN:sp|O95180|CAC1H_HUMAN:sp|Q9NRC6|SPTN5_HUMAN:sp|Q13117|DAZ2_HUMAN:sp|P36873|PP1G_HUMAN:sp|O43541|SMAD6_HUMAN:sp|Q5TB80|CE162_HUMAN:sp|Q5T5P2|SKT_HUMAN:sp|P08246|ELNE_HUMAN:sp|A6NES4|MRO2A_HUMAN:sp|Q9ULE3|DEN2A_HUMAN:sp|Q96A99|PTX4_HUMAN:sp|Q9P2D1|CHD7_HUMAN:sp|Q70CQ2|UBP34_HUMAN:sp|Q00888|PSG4_HUMAN:sp|Q9UMN6|KMT2B_HUMAN:sp|Q6ZQQ2|S31D1_HUMAN:sp|Q96SL1|DIRC2_HUMAN:sp|Q9C0D5|TANC1_HUMAN:sp|O95256|I18RA_HUMAN:sp|Q5SZK8|FREM2_HUMAN:sp|P11177|ODPB_HUMAN:sp|Q6ZT07|TBCD9_HUMAN:sp|P42356|PI4KA_HUMAN:sp|P36578|RL4_HUMAN:sp|Q9BWT3|PAPOG_HUMAN:sp|P07814|SYEP_HUMAN:sp|Q9NZJ4|SACS_HUMAN:sp|O15061|SYNEM_HUMAN:sp|Q86T75|NBPFB_HUMAN:sp|P00734|THRB_HUMAN:sp|Q8NDW8|TT21A_HUMAN:sp|Q1MSJ5|CSPP1_HUMAN:sp|Q5VTJ3|KLD7A_HUMAN:sp|Q9NQ34|TMM9B_HUMAN:sp|Q9UHL0|DDX25_HUMAN:sp|Q9NXT0|ZN586_HUMAN:sp|Q7RTR0|NLRP9_HUMAN:sp|Q9BXS0|COPA1_HUMAN:sp|Q9UPU9|SMAG1_HUMAN:sp|Q14582|MAD4_HUMAN:sp|Q9UGM3|DMBT1_HUMAN:sp|Q8TD26|CHD6_HUMAN:sp|Q9UBK8|MTRR_HUMAN:sp|Q9NQZ2|SAS10_HUMAN:sp|P53384|NUBP1_HUMAN:sp|Q8NBR9|CK072_HUMAN:sp|Q92925|SMRD2_HUMAN:sp|O14757|CHK1_HUMAN:sp|Q99567|NUP88_HUMAN:sp|Q9NR48|ASH1L_HUMAN:sp|Q9BWS9|CHID1_HUMAN:sp|Q9H9Y2|RPF1_HUMAN:sp|P49137|MAPK2_HUMAN:sp|Q9NRH2|SNRK_HUMAN:sp|Q96JJ3|ELMO2_HUMAN:sp|Q8NE18|NSUN7_HUMAN:sp|P06400|RB_HUMAN:sp|Q6ZMS7|ZN783_HUMAN,DeepNovo
S(+42.01)LLKRRSL,29.59,1013.6345,8,87.5,8,-0.2,338.88538,3,34.3754,1.9754,0.01,13126,HFX193_IPP292_GEL_CRC_324_Odd.raw,4.51E5,3.47E6,1,1,1,1,"Acetylation (N-term)",,5 6 7 5 5 1 3 5,S(+42.01)LLKRRSL,sp|Q8N292|GAPT_HUMAN:sp|Q9ULD5|ZN777_HUMAN:sp|Q8WVV4|POF1B_HUMAN:sp|Q8N8A6|DDX51_HUMAN:sp|Q5PRF9|SMAG2_HUMAN:sp|Q5VT06|CE350_HUMAN:sp|Q6UXZ4|UNC5D_HUMAN:sp|Q96SZ5|AEDO_HUMAN:sp|Q96JH7|VCIP1_HUMAN:sp|Q9UBN6|TR10D_HUMAN:sp|Q9UKZ4|TEN1_HUMAN:sp|B1AK76|SNUFL_HUMAN:sp|Q00872|MYPC1_HUMAN:sp|Q86YV9|HPS6_HUMAN:sp|Q8N3P4|VPS8_HUMAN:sp|Q9Y4B5|MTCL1_HUMAN:sp|Q2PPJ7|RGPA2_HUMAN:sp|Q9H5Z6|F124B_HUMAN:sp|Q8N0Z3|SPICE_HUMAN:sp|Q5TZA2|CROCC_HUMAN:sp|Q9UPA5|BSN_HUMAN:sp|Q96N67|DOCK7_HUMAN:sp|Q684P5|RPGP2_HUMAN:sp|Q9UJW3|DNM3L_HUMAN:sp|Q92797|SYMPK_HUMAN:sp|Q9UG22|GIMA2_HUMAN:sp|Q9NYH9|UTP6_HUMAN:sp|P82987|ATL3_HUMAN:sp|O95672|ECEL1_HUMAN:sp|Q9NQS5|GPR84_HUMAN:sp|Q7Z2Y5|NRK_HUMAN:sp|Q9UMS5|PHTF1_HUMAN:TEAD2_DEL_G-p.H299Mfs*12_::chr19:49346716-49347716_frame=2:sp|O00629|IMA3_HUMAN:sp|Q8TE58|ATS15_HUMAN:sp|Q96P56|CTSR2_HUMAN:sp|P0C874|S31D3_HUMAN:sp|O43525|KCNQ3_HUMAN:sp|P04626|ERBB2_HUMAN:sp|Q0P6H9|TMM62_HUMAN:sp|Q8NEA6|GLIS3_HUMAN:sp|Q6ZRI0|OTOG_HUMAN:sp|Q96S42|NODAL_HUMAN:sp|Q96T58|MINT_HUMAN:sp|Q12830|BPTF_HUMAN:sp|Q92990|GLMN_HUMAN:sp|Q9BUL9|RPP25_HUMAN:sp|P11532|DMD_HUMAN:sp|Q9UPX6|MNAR1_HUMAN:sp|Q7Z6J9|SEN54_HUMAN:sp|Q6ZUB0|S31D4_HUMAN:sp|O15031|PLXB2_HUMAN:sp|Q96QB1|RHG07_HUMAN:sp|Q9NQ35|NRIP3_HUMAN:sp|Q6ZSI9|CAN12_HUMAN:sp|Q92947|GCDH_HUMAN:sp|P10644|KAP0_HUMAN:sp|Q8N5C6|SRBD1_HUMAN:sp|Q7LBE3|S26A9_HUMAN:sp|Q6P1J9|CDC73_HUMAN:sp|Q92556|ELMO1_HUMAN:sp|Q5VU43|MYOME_HUMAN:sp|Q9Y2I7|FYV1_HUMAN:sp|Q15722|LT4R1_HUMAN:sp|O95180|CAC1H_HUMAN:sp|Q9NRC6|SPTN5_HUMAN:sp|Q8NFC6|BD1L1_HUMAN:sp|Q13117|DAZ2_HUMAN:sp|P36873|PP1G_HUMAN:sp|O43541|SMAD6_HUMAN:sp|Q5TB80|CE162_HUMAN:sp|Q5T5P2|SKT_HUMAN:sp|P08246|ELNE_HUMAN:sp|Q86YW9|MD12L_HUMAN:sp|A6NES4|MRO2A_HUMAN:sp|Q9P2D1|CHD7_HUMAN:sp|Q70CQ2|UBP34_HUMAN:sp|Q00888|PSG4_HUMAN:sp|Q9UMN6|KMT2B_HUMAN:sp|Q6ZQQ2|S31D1_HUMAN:sp|Q96SL1|DIRC2_HUMAN:sp|Q9C0D5|TANC1_HUMAN:sp|O95256|I18RA_HUMAN:sp|Q5SZK8|FREM2_HUMAN:sp|P11177|ODPB_HUMAN:sp|Q6ZT07|TBCD9_HUMAN:sp|O75581|LRP6_HUMAN:sp|Q8NHJ6|LIRB4_HUMAN:sp|O94915|FRYL_HUMAN:sp|P42356|PI4KA_HUMAN:sp|Q9NZJ4|SACS_HUMAN:sp|O15061|SYNEM_HUMAN:sp|Q9BZC7|ABCA2_HUMAN:sp|P00734|THRB_HUMAN:sp|Q8NDW8|TT21A_HUMAN:sp|Q1MSJ5|CSPP1_HUMAN:sp|O75197|LRP5_HUMAN:sp|Q5VTJ3|KLD7A_HUMAN:sp|Q9NQ34|TMM9B_HUMAN:sp|Q9UHL0|DDX25_HUMAN:sp|Q9NXT0|ZN586_HUMAN:sp|Q7RTR0|NLRP9_HUMAN:sp|Q9BXS0|COPA1_HUMAN:sp|Q9UPU9|SMAG1_HUMAN:sp|Q14582|MAD4_HUMAN:sp|Q9UGM3|DMBT1_HUMAN:sp|O15403|MOT7_HUMAN:sp|Q8TD26|CHD6_HUMAN:sp|Q9UBK8|MTRR_HUMAN:sp|Q9NQZ2|SAS10_HUMAN:sp|P53384|NUBP1_HUMAN:sp|Q8NBR9|CK072_HUMAN:sp|O14757|CHK1_HUMAN:sp|Q99567|NUP88_HUMAN:sp|Q9NR48|ASH1L_HUMAN:sp|P49137|MAPK2_HUMAN:sp|Q9NRH2|SNRK_HUMAN:sp|Q96JJ3|ELMO2_HUMAN:sp|P06400|RB_HUMAN:sp|Q6ZMS7|ZN783_HUMAN,DeepNovo
S(+42.01)LLRKERL,27.11,1055.6451,8,100.0,8,0.4,352.88913,3,32.8764,-5.3236,0.01,12512,HFX193_IPP292_GEL_CRC_324_Odd.raw,3.81E5,2.69E6,1,1,1,1,"Acetylation (N-term)",,5 14 57 7 7 4 4 5,S(+42.01)LLRKERL,sp|P48556|PSMD8_HUMAN:sp|O15431|COPT1_HUMAN:sp|Q9NRQ2|PLS4_HUMAN:sp|P59046|NAL12_HUMAN:sp|O14924|RGS12_HUMAN:sp|Q6ZN16|M3K15_HUMAN:sp|Q93034|CUL5_HUMAN:sp|Q92914|FGF11_HUMAN:sp|Q10586|DBP_HUMAN:sp|Q6R327|RICTR_HUMAN:sp|Q49AG3|ZBED5_HUMAN:sp|Q6UB98|ANR12_HUMAN:sp|Q9H254|SPTN4_HUMAN:sp|Q16394|EXT1_HUMAN:sp|O00292|LFTY2_HUMAN:sp|Q9BSJ2|GCP2_HUMAN:sp|Q9UNA1|RHG26_HUMAN:sp|Q2VWA4|SKOR2_HUMAN:sp|Q6IQ32|ADNP2_HUMAN:sp|Q5SQ80|A20A2_HUMAN:sp|Q8TEL6|TP4AP_HUMAN:sp|Q70YC5|ZN365_HUMAN:sp|Q96MN2|NALP4_HUMAN:sp|Q9C0G6|DYH6_HUMAN:sp|Q9NUT2|MITOS_HUMAN:sp|Q5S007|LRRK2_HUMAN:sp|Q96IS3|RAX2_HUMAN:sp|Q5TZA2|CROCC_HUMAN:sp|Q9NRK6|ABCBA_HUMAN:sp|Q96K21|ANCHR_HUMAN:sp|Q8TCG1|CIP2A_HUMAN:sp|P20248|CCNA2_HUMAN:sp|Q9UG22|GIMA2_HUMAN:sp|P0CAP2|GRL1A_HUMAN:sp|Q6P5Z2|PKN3_HUMAN:sp|A6NKG5|RTL1_HUMAN:sp|Q8NDH2|CC168_HUMAN:sp|P46108|CRK_HUMAN:sp|Q96P20|NLRP3_HUMAN:sp|Q8N4L4|SPEM1_HUMAN:sp|Q9C009|FOXQ1_HUMAN:CCDC178_DEL_TT-p.K291Nfs*11_::chr18:33332679-33333680_frame=2:sp|Q8IY17|PLPL6_HUMAN:sp|O75787|RENR_HUMAN:sp|Q9UKU9|ANGL2_HUMAN:sp|Q9UDY6|TRI10_HUMAN:sp|P61328|FGF12_HUMAN:sp|Q9Y619|ORNT1_HUMAN:sp|O75600|KBL_HUMAN:sp|O00178|GTPB1_HUMAN:sp|Q8N7F7|UBL4B_HUMAN:sp|Q96T58|MINT_HUMAN:sp|P51649|SSDH_HUMAN:sp|Q9NVM6|DJC17_HUMAN:sp|P11532|DMD_HUMAN:sp|Q8IV42|PSTK_HUMAN:sp|Q6NYC8|PPR18_HUMAN:sp|Q8TEP8|CE192_HUMAN:sp|Q9H813|PACC1_HUMAN:sp|Q08117|TLE5_HUMAN:sp|O75116|ROCK2_HUMAN:sp|O15519|CFLAR_HUMAN:sp|A2AJT9|BCLA3_HUMAN:sp|O95427|PIGN_HUMAN:sp|O43566|RGS14_HUMAN:sp|Q3B8N5|PROX2_HUMAN:sp|Q8NEZ4|KMT2C_HUMAN:sp|O14525|ASTN1_HUMAN:sp|O95260|ATE1_HUMAN:sp|Q9UKE5|TNIK_HUMAN:sp|Q6P2S7|TTC41_HUMAN:sp|Q5VUR7|A20A3_HUMAN:sp|Q8TBF5|PIGX_HUMAN:sp|P23109|AMPD1_HUMAN:sp|Q9NRC6|SPTN5_HUMAN:sp|Q9NUS5|AP5S1_HUMAN:sp|P38935|SMBP2_HUMAN:sp|Q8IVE0|CROL2_HUMAN:sp|Q07283|TRHY_HUMAN:sp|P50458|LHX2_HUMAN:sp|P23945|FSHR_HUMAN:sp|Q9NW38|FANCL_HUMAN:sp|Q7L2R6|ZN765_HUMAN:sp|Q8IYS4|DAAF8_HUMAN:sp|A6NES4|MRO2A_HUMAN:sp|O94759|TRPM2_HUMAN:sp|P25092|GUC2C_HUMAN:sp|Q15075|EEA1_HUMAN:sp|P07550|ADRB2_HUMAN:ADD3_INS_--A_p.E702Gfs*4::chr10:110133091-110134092_frame=3:sp|Q9Y4X0|AMMR1_HUMAN:sp|Q9H0I3|CC113_HUMAN:sp|P30279|CCND2_HUMAN:sp|Q9UHC1|MLH3_HUMAN:sp|Q01826|SATB1_HUMAN:sp|Q9Y5S2|MRCKB_HUMAN:sp|Q03519|TAP2_HUMAN:sp|Q8IYT3|CC170_HUMAN:sp|Q8IY33|MILK2_HUMAN:sp|O60885|BRD4_HUMAN:sp|Q9NWS6|F118A_HUMAN:sp|O15078|CE290_HUMAN:sp|Q9P267|MBD5_HUMAN:sp|Q8N782|ZN525_HUMAN:sp|O60942|MCE1_HUMAN:sp|P19099|C11B2_HUMAN:sp|Q9BSC4|NOL10_HUMAN:sp|O15264|MK13_HUMAN:sp|Q9NQ69|LHX9_HUMAN:sp|Q9Y592|CEP83_HUMAN:sp|O76011|KRT34_HUMAN:sp|Q9BYD2|RM09_HUMAN:sp|Q9NR48|ASH1L_HUMAN:sp|Q9BS91|S35A5_HUMAN:sp|Q02413|DSG1_HUMAN:sp|P49773|HINT1_HUMAN:sp|O94762|RECQ5_HUMAN:sp|Q8TF21|ANR24_HUMAN:sp|Q9H0E3|SP130_HUMAN:sp|Q2KHM9|MOONR_HUMAN,DeepNovo
S(+42.01)LLRKREL,21.97,1055.6451,8,87.5,8,0.4,352.88913,3,31.1125,-2.9875,0.01,11775,HFX193_IPP292_GEL_CRC_324_Even.raw,2.43E5,2.46E6,1,1,1,1,"Acetylation (N-term)",,5 9 27 3 2 0 2 5,S(+42.01)LLRKREL,sp|P48556|PSMD8_HUMAN:sp|O15431|COPT1_HUMAN:sp|P08183|MDR1_HUMAN:sp|Q9NRQ2|PLS4_HUMAN:sp|P59046|NAL12_HUMAN:sp|Q92914|FGF11_HUMAN:sp|Q86TB9|PATL1_HUMAN:sp|Q9NRF8|PYRG2_HUMAN:sp|Q13535|ATR_HUMAN:sp|Q86XN6|ZN761_HUMAN:sp|Q49AG3|ZBED5_HUMAN:sp|Q5T3F8|CSCL2_HUMAN:sp|Q16394|EXT1_HUMAN:sp|O00292|LFTY2_HUMAN:sp|Q4G0U5|PCDP1_HUMAN:sp|A8MW99|MEI4_HUMAN:sp|P51957|NEK4_HUMAN:sp|B4DU55|ZN879_HUMAN:sp|Q9UNA1|RHG26_HUMAN:sp|Q2VWA4|SKOR2_HUMAN:sp|Q6IQ32|ADNP2_HUMAN:sp|Q13490|BIRC2_HUMAN:sp|Q5XKE5|K2C79_HUMAN:sp|P22681|CBL_HUMAN:sp|Q96MN2|NALP4_HUMAN:sp|Q96EH3|MASU1_HUMAN:sp|Q9NUT2|MITOS_HUMAN:sp|Q96ME1|FXL18_HUMAN:sp|Q66PJ3|AR6P4_HUMAN:sp|Q5HYW2|NHSL2_HUMAN:sp|Q9NRK6|ABCBA_HUMAN:sp|O15021|MAST4_HUMAN:sp|P20248|CCNA2_HUMAN:sp|Q8N5R6|CCD33_HUMAN:sp|Q99683|M3K5_HUMAN:sp|Q8N1I0|DOCK4_HUMAN:sp|A0A1W2PQD8|S72L2_HUMAN:sp|Q8N205|SYNE4_HUMAN:sp|Q9UG22|GIMA2_HUMAN:sp|Q6NUS6|TECT3_HUMAN:sp|P38432|COIL_HUMAN:sp|Q8NDH2|CC168_HUMAN:sp|Q2TAY7|SMU1_HUMAN:sp|Q96P20|NLRP3_HUMAN:sp|Q5SSJ5|HP1B3_HUMAN:sp|Q8N4L4|SPEM1_HUMAN:sp|Q9C009|FOXQ1_HUMAN:CCDC178_DEL_TT-p.K291Nfs*11_::chr18:33332679-33333680_frame=2:sp|Q8IY17|PLPL6_HUMAN:sp|O75787|RENR_HUMAN:sp|Q9UJX0|OSGI1_HUMAN:sp|Q6ZN06|ZN813_HUMAN:sp|O95751|LDOC1_HUMAN:sp|P61328|FGF12_HUMAN:sp|Q9Y619|ORNT1_HUMAN:sp|O75610|LFTY1_HUMAN:sp|O75600|KBL_HUMAN:sp|Q6ZNG1|ZN600_HUMAN:sp|O00178|GTPB1_HUMAN:sp|Q8IZA0|K319L_HUMAN:sp|P51649|SSDH_HUMAN:sp|Q92542|NICA_HUMAN:sp|Q0ZLH3|PJVK_HUMAN:sp|P82094|TMF1_HUMAN:sp|Q9Y6G9|DC1L1_HUMAN:sp|Q92185|SIA8A_HUMAN:sp|Q8TEP8|CE192_HUMAN:sp|Q08117|TLE5_HUMAN:sp|Q8IZD9|DOCK3_HUMAN:sp|Q08209|PP2BA_HUMAN:sp|P57740|NU107_HUMAN:sp|O95427|PIGN_HUMAN:sp|Q9BWV1|BOC_HUMAN:sp|P43897|EFTS_HUMAN:sp|Q9H334|FOXP1_HUMAN:sp|Q7Z6M4|MTEF4_HUMAN:sp|Q8NF50|DOCK8_HUMAN:sp|Q5JRC9|FA47A_HUMAN:sp|Q9Y252|RNF6_HUMAN:sp|Q8N4Y2|EFC4A_HUMAN:sp|Q9Y4I1|MYO5A_HUMAN:sp|Q6P2S7|TTC41_HUMAN:sp|Q8IVH2|FOXP4_HUMAN:sp|O95714|HERC2_HUMAN:sp|P23945|FSHR_HUMAN:sp|Q9NW38|FANCL_HUMAN:sp|Q7L2R6|ZN765_HUMAN:sp|Q8WUG5|S22AH_HUMAN:sp|A6NES4|MRO2A_HUMAN:sp|Q9UK55|ZPI_HUMAN:sp|P36405|ARL3_HUMAN:sp|Q9UIK4|DAPK2_HUMAN:sp|Q2NKX8|ERC6L_HUMAN:sp|Q9Y4X0|AMMR1_HUMAN:sp|P30279|CCND2_HUMAN:sp|Q86W24|NAL14_HUMAN:sp|Q9H6R0|DHX33_HUMAN:sp|Q03519|TAP2_HUMAN:sp|Q8IYT3|CC170_HUMAN:sp|P51571|SSRD_HUMAN:sp|Q8N6Y1|PCD20_HUMAN:sp|Q9NWS6|F118A_HUMAN:sp|O15078|CE290_HUMAN:sp|Q9P267|MBD5_HUMAN:sp|O14529|CUX2_HUMAN:sp|Q8N782|ZN525_HUMAN:sp|Q9BXW6|OSBL1_HUMAN:sp|Q9UHY7|ENOPH_HUMAN:sp|O15264|MK13_HUMAN:sp|Q6DCA0|AMERL_HUMAN:sp|Q9Y592|CEP83_HUMAN:sp|Q13459|MYO9B_HUMAN:sp|P78362|SRPK2_HUMAN:sp|Q9NRJ2|GSAS1_HUMAN:sp|P11277|SPTB1_HUMAN:sp|Q9H0E3|SP130_HUMAN:sp|Q9Y296|TPPC4_HUMAN:sp|P55160|NCKPL_HUMAN:sp|Q8N823|ZN611_HUMAN:sp|Q2KHM9|MOONR_HUMAN,DeepNovo
S(+42.01)LPKKREL,31.83,1011.6077,8,87.5,8,0.8,338.21008,3,27.8293,11.4293,0.11,10430,HFX193_IPP292_GEL_CRC_324_Even.raw,2.52E6,1.67E7,2,2,2,2,"Acetylation (N-term)",,2 2 24 23 3 0 5 5,S(+42.01)LPKKREL,sp|Q9UKN5|PRDM4_HUMAN:sp|Q12767|TMM94_HUMAN:sp|P20810|ICAL_HUMAN:sp|Q9P2D8|UNC79_HUMAN:sp|P06401|PRGR_HUMAN:sp|P53618|COPB_HUMAN:sp|Q8TEU7|RPGF6_HUMAN:sp|Q9HD23|MRS2_HUMAN:sp|Q6ZV73|FGD6_HUMAN:sp|Q9UQR1|ZN148_HUMAN:sp|Q8TC29|ENKUR_HUMAN:sp|Q9P212|PLCE1_HUMAN:sp|P27816|MAP4_HUMAN:sp|Q6PKG0|LARP1_HUMAN:sp|Q9BY84|DUS16_HUMAN:sp|O60315|ZEB2_HUMAN:sp|O95785|WIZ_HUMAN:sp|O60841|IF2P_HUMAN:sp|Q6VMQ6|MCAF1_HUMAN:sp|O94822|LTN1_HUMAN:sp|Q9Y6R4|M3K4_HUMAN:sp|O95208|EPN2_HUMAN:sp|P98182|ZN200_HUMAN:sp|Q7L804|RFIP2_HUMAN:sp|Q9ULV4|COR1C_HUMAN:sp|Q53EZ4|CEP55_HUMAN:sp|Q16706|MA2A1_HUMAN:sp|P0DJD1|RGPD2_HUMAN:sp|P0DJD0|RGPD1_HUMAN:sp|Q5VXU9|SHOC1_HUMAN:sp|P51841|GUC2F_HUMAN:sp|O43187|IRAK2_HUMAN:sp|Q8TDI0|CHD5_HUMAN:sp|Q6NW34|NEPRO_HUMAN:sp|O95782|AP2A1_HUMAN:sp|Q5VT52|RPRD2_HUMAN:sp|P50553|ASCL1_HUMAN:sp|Q15399|TLR1_HUMAN:sp|Q9UBW7|ZMYM2_HUMAN:sp|Q15714|T22D1_HUMAN:sp|Q14679|TTLL4_HUMAN:sp|P34059|GALNS_HUMAN:sp|M0R2J8|DCDC1_HUMAN:sp|Q2KHR2|RFX7_HUMAN:sp|P30304|MPIP1_HUMAN:sp|A7KAX9|RHG32_HUMAN:sp|Q14934|NFAC4_HUMAN:sp|Q9UNZ5|L10K_HUMAN:sp|Q15111|PLCL1_HUMAN:sp|Q8N1P7|CRBG2_HUMAN:sp|Q7Z2T5|TRM1L_HUMAN:sp|Q13201|MMRN1_HUMAN:sp|Q92793|CBP_HUMAN:sp|Q92828|COR2A_HUMAN:sp|Q14157|UBP2L_HUMAN:sp|Q8NEM7|SP20H_HUMAN:sp|A6NM62|LRC53_HUMAN:sp|Q6ZRI6|CO039_HUMAN:sp|Q96G28|CFA36_HUMAN:sp|O60271|JIP4_HUMAN:sp|Q5CZC0|FSIP2_HUMAN:sp|P37275|ZEB1_HUMAN:sp|P02686|MBP_HUMAN:sp|Q9Y3Q4|HCN4_HUMAN:sp|Q96B01|R51A1_HUMAN:sp|Q9H223|EHD4_HUMAN:sp|P51825|AFF1_HUMAN:sp|P51826|AFF3_HUMAN:sp|Q9BY76|ANGL4_HUMAN:sp|Q9H2P0|ADNP_HUMAN:sp|Q8IZE3|PACE1_HUMAN:sp|O95487|SC24B_HUMAN,DeepNovo
S(+42.01)LPYARTR,32.64,1004.5403,8,75.0,8,1.0,335.85437,3,32.3015,-10.7985,0.02,12283,HFX193_IPP292_GEL_CRC_324_Even.raw,2.02E5,1.95E6,1,1,1,1,"Acetylation (N-term)",,5 16 16 20 3 0 0 2,S(+42.01)LPYARTR,sp|Q8TF05|PP4R1_HUMAN:sp|Q9H6R0|DHX33_HUMAN:sp|P0C7T5|ATX1L_HUMAN:sp|P30953|OR1E1_HUMAN:sp|P47887|OR1E2_HUMAN:sp|P23142|FBLN1_HUMAN:sp|Q9UGU5|HMGX4_HUMAN:sp|P08514|ITA2B_HUMAN:sp|Q8TBB6|S7A14_HUMAN:sp|Q9UJ55|MAGL2_HUMAN:sp|P41161|ETV5_HUMAN:sp|Q14439|GP176_HUMAN,DeepNovo
S(+42.01)LRAGKYGGVR,63.96,1204.6676,11,54.5,11,1.1,402.56360,3,27.8293,2.6293,0.71,10447,HFX193_IPP292_GEL_CRC_324_Even.raw,8.23E5,7.53E6,1,1,1,1,"Acetylation (N-term)",,5 15 0 0 0 3 53 0 0 14 5,S(+42.01)LRAGKYGGVR,sp|Q8N3R9|PALS1_HUMAN:sp|Q8IYR6|TEFF1_HUMAN:sp|Q5HYC2|K2026_HUMAN:sp|Q9Y4B6|DCAF1_HUMAN:sp|P51449|RORG_HUMAN:sp|Q7L1S5|CHST9_HUMAN:sp|O95932|TGM3L_HUMAN:sp|A6NMB9|FIGL2_HUMAN:sp|Q9UKV0|HDAC9_HUMAN:sp|P21860|ERBB3_HUMAN:sp|P10515|ODP2_HUMAN:sp|P38570|ITAE_HUMAN:sp|P53355|DAPK1_HUMAN:sp|P10643|CO7_HUMAN:sp|P21506|ZNF10_HUMAN:sp|Q92753|RORB_HUMAN:sp|O43670|ZN207_HUMAN,DeepNovo
S(+42.01)LRGAKY,35.61,835.4552,7,85.7,7,0.8,418.73520,2,26.8484,3.6484,0.52,10036,HFX193_IPP292_GEL_CRC_324_Odd.raw,1.27E6,9.24E6,1,1,1,1,"Acetylation (N-term)",,5 8 2 0 6 10 5,S(+42.01)LRGAKY,sp|Q9UI36|DACH1_HUMAN:sp|Q6NV74|CRCDL_HUMAN:sp|P40426|PBX3_HUMAN:sp|P20036|DPA1_HUMAN:sp|Q8IYU2|HACE1_HUMAN:sp|Q9P107|GMIP_HUMAN:sp|Q8TE73|DYH5_HUMAN:sp|Q14154|DELE1_HUMAN:sp|P08514|ITA2B_HUMAN:sp|P19835|CEL_HUMAN:sp|O43561|LAT_HUMAN:sp|Q9BYB0|SHAN3_HUMAN:sp|Q15477|SKI2_HUMAN:sp|P40424|PBX1_HUMAN:sp|P53420|CO4A4_HUMAN:sp|P60866|RS20_HUMAN:sp|Q8IYP9|ZDH23_HUMAN:sp|Q86YV9|HPS6_HUMAN:sp|O75843|AP1G2_HUMAN:sp|P21796|VDAC1_HUMAN:sp|A0A455ZAR2|PNT87_HUMAN:sp|Q9P0J6|RM36_HUMAN:sp|P35499|SCN4A_HUMAN:sp|Q969W3|F104A_HUMAN:sp|Q5T653|RM02_HUMAN:sp|Q12794|HYAL1_HUMAN:sp|Q8IVU1|IGDC3_HUMAN:sp|Q6ZT52|FA43B_HUMAN:sp|P48058|GRIA4_HUMAN:sp|O14526|FCHO1_HUMAN:sp|Q9UPX8|SHAN2_HUMAN:sp|Q9Y2Q0|AT8A1_HUMAN:sp|P18031|PTN1_HUMAN:sp|Q14524|SCN5A_HUMAN:sp|Q9NR81|ARHG3_HUMAN:sp|Q6V0I7|FAT4_HUMAN:sp|Q7L0J3|SV2A_HUMAN:sp|P48681|NEST_HUMAN:sp|P26358|DNMT1_HUMAN:sp|Q8WWM7|ATX2L_HUMAN:sp|P78509|RELN_HUMAN:sp|Q9HCX4|TRPC7_HUMAN:sp|P37235|HPCL1_HUMAN:sp|Q8TCG5|CPT1C_HUMAN:sp|P42684|ABL2_HUMAN:sp|Q16363|LAMA4_HUMAN:sp|P84074|HPCA_HUMAN:sp|P08069|IGF1R_HUMAN:sp|Q9P0N8|MARH2_HUMAN:sp|Q13939|CALI_HUMAN:sp|Q9UMF0|ICAM5_HUMAN:sp|Q9P1Z2|CACO1_HUMAN:sp|Q9UJW2|TINAG_HUMAN:sp|O60902|SHOX2_HUMAN:sp|O14559|RHG33_HUMAN:sp|Q9Y566|SHAN1_HUMAN:sp|Q96M83|CCDC7_HUMAN:sp|Q76N32|CEP68_HUMAN:sp|P61601|NCALD_HUMAN:sp|Q9H2B4|S26A1_HUMAN:sp|O95980|RECK_HUMAN:sp|Q96KR1|ZFR_HUMAN:sp|Q15149|PLEC_HUMAN,DeepNovo
S(+42.01)LRKKSLAL,15.55,1056.6655,9,11.1,9,0.7,353.22937,3,29.6212,-8.4788,0.03,11274,HFX193_IPP292_GEL_CRC_324_Even.raw,4.21E5,2.19E6,1,1,1,1,"Acetylation (N-term)",,1 1 0 0 0 0 0 1 5,S(+42.01)LRKKSLAL,sp|Q4UJ75|A20A4_HUMAN:sp|Q5VUR7|A20A3_HUMAN:sp|Q5CZ79|AN20B_HUMAN:sp|Q5TYW2|A20A1_HUMAN:sp|Q5SQ80|A20A2_HUMAN,DB Search
S(+42.01)LRRKLREL,28.34,1211.7462,9,33.3,9,1.0,606.88098,2,30.2014,0.1014,0.08,11393,HFX193_IPP292_GEL_CRC_324_Odd.raw,5.77E6,3.66E7,2,2,2,2,"Acetylation (N-term)",,5 1 1 1 0 0 0 5 5,S(+42.01)LRRKLREL,sp|Q9UQB9|AURKC_HUMAN:sp|Q8N140|EID3_HUMAN:sp|P58107|EPIPL_HUMAN:sp|Q13253|NOGG_HUMAN:sp|O95819|M4K4_HUMAN:sp|Q96JB8|MPP4_HUMAN:sp|P47989|XDH_HUMAN:sp|Q6PI77|GASP3_HUMAN:sp|Q86UE8|TLK2_HUMAN:sp|Q9ULV8|CBLC_HUMAN:sp|Q9BRC7|PLCD4_HUMAN:sp|Q9H254|SPTN4_HUMAN:sp|P51828|ADCY7_HUMAN:sp|Q86VH2|KIF27_HUMAN:sp|Q5TCZ1|SPD2A_HUMAN:sp|Q9P1Z9|CC180_HUMAN:sp|P35221|CTNA1_HUMAN:sp|O95567|CV031_HUMAN:sp|Q400G9|AMZ1_HUMAN:sp|Q9BY31|ZN717_HUMAN:sp|Q9H2X9|S12A5_HUMAN:sp|Q6PRD1|GP179_HUMAN:sp|Q86SS6|SYT9_HUMAN:sp|Q4KMP7|TB10B_HUMAN:sp|A4UGR9|XIRP2_HUMAN:sp|Q9HCJ0|TNR6C_HUMAN:sp|Q70SY1|CR3L2_HUMAN:sp|Q9NYC9|DYH9_HUMAN:sp|Q96T88|UHRF1_HUMAN:sp|Q5TZA2|CROCC_HUMAN:sp|Q86WI1|PKHL1_HUMAN:sp|Q9H221|ABCG8_HUMAN:sp|Q8N5R6|CCD33_HUMAN:sp|P49619|DGKG_HUMAN:sp|P35498|SCN1A_HUMAN:sp|Q12846|STX4_HUMAN:sp|Q99250|SCN2A_HUMAN:sp|Q9C0D6|FHDC1_HUMAN:sp|Q6P5Z2|PKN3_HUMAN:sp|Q9BYC8|RM32_HUMAN:sp|Q5VVP1|S31A6_HUMAN:sp|P15924|DESP_HUMAN:sp|Q8IVL0|NAV3_HUMAN:tr|A0A2R8YFR7|A0A2R8YFR7_HUMAN:sp|Q12774|ARHG5_HUMAN:sp|P47755|CAZA2_HUMAN:sp|Q8NGM9|OR8D4_HUMAN:sp|P05787|K2C8_HUMAN:sp|Q9NSB2|KRT84_HUMAN:sp|Q8N5J4|SPIC_HUMAN:sp|P13647|K2C5_HUMAN:ACVR2A_DEL_A-p.K437Rfs*5_::chr2:147925617-147926617_frame=3:sp|Q8NCX0|CC150_HUMAN:sp|Q9NZ56|FMN2_HUMAN:sp|Q9BV36|MELPH_HUMAN:sp|Q9BVG8|KIFC3_HUMAN:sp|Q9ULD0|OGDHL_HUMAN:sp|Q86XH1|DRC11_HUMAN:sp|O15037|KHNYN_HUMAN:sp|Q8NEY1|NAV1_HUMAN:sp|Q8IUG5|MY18B_HUMAN:sp|A1A5D9|BICL2_HUMAN:sp|Q15311|RBP1_HUMAN:sp|Q8IUA7|ABCA9_HUMAN:sp|Q8IVL1|NAV2_HUMAN:sp|P0DPA3|SNH28_HUMAN:sp|Q8IZD9|DOCK3_HUMAN:sp|Q15858|SCN9A_HUMAN:sp|O43837|IDH3B_HUMAN:sp|Q8N5V2|NGEF_HUMAN:sp|Q8WZ64|ARAP2_HUMAN:sp|Q15018|ABRX2_HUMAN:sp|P62253|UB2G1_HUMAN:sp|Q8N5D0|WDTC1_HUMAN:sp|Q96MI6|PPM1M_HUMAN:sp|Q9BT17|MTG1_HUMAN:sp|Q9UKE5|TNIK_HUMAN:sp|O95613|PCNT_HUMAN:sp|P61254|RL26_HUMAN:sp|Q5XKR4|OTP_HUMAN:sp|Q92974|ARHG2_HUMAN:sp|B4DS77|SHSA9_HUMAN:sp|P04259|K2C6B_HUMAN:sp|O95180|CAC1H_HUMAN:sp|Q8TD08|MK15_HUMAN:sp|Q8NDV7|TNR6A_HUMAN:sp|Q8NFC6|BD1L1_HUMAN:sp|O15016|TRI66_HUMAN:sp|Q13200|PSMD2_HUMAN:sp|O75445|USH2A_HUMAN:sp|Q96PE3|INP4A_HUMAN:sp|Q5T4D3|TMTC4_HUMAN:sp|P54132|BLM_HUMAN:sp|Q8TAK6|OLIG1_HUMAN:sp|Q7L0X0|TRIL_HUMAN:sp|P52907|CAZA1_HUMAN:sp|P00973|OAS1_HUMAN:sp|Q9NSB4|KRT82_HUMAN:sp|Q96S59|RANB9_HUMAN:sp|Q96C92|ENTR1_HUMAN:sp|Q17RD7|SYT16_HUMAN:sp|O15078|CE290_HUMAN:sp|Q9H4L4|SENP3_HUMAN:sp|Q8N3K9|CMYA5_HUMAN:sp|Q9C0C4|SEM4C_HUMAN:sp|Q9UKI8|TLK1_HUMAN:sp|Q8TEC5|SH3R2_HUMAN:sp|Q6PJ69|TRI65_HUMAN:sp|Q9BZ71|PITM3_HUMAN:sp|Q6ZN03|CU136_HUMAN:sp|A9QM74|IMA8_HUMAN:sp|Q96QG7|MTMR9_HUMAN:sp|Q5T5U3|RHG21_HUMAN:sp|P25054|APC_HUMAN:sp|Q02413|DSG1_HUMAN:sp|Q8IXZ2|ZC3H3_HUMAN:sp|Q03164|KMT2A_HUMAN:sp|Q8IZT6|ASPM_HUMAN:sp|Q6PGQ7|BORA_HUMAN:sp|Q96N76|HUTU_HUMAN,DeepNovo
S(+42.01)LRRLKREL,23.98,1211.7462,9,44.4,9,0.6,404.92294,3,30.2014,0.1014,0.31,11380,HFX193_IPP292_GEL_CRC_324_Odd.raw,3.44E7,2.01E8,1,1,1,1,"Acetylation (N-term)",,5 17 1 1 0 0 0 5 5,S(+42.01)LRRLKREL,sp|Q9UHV2|SRTD1_HUMAN:sp|Q9H9F9|ARP5_HUMAN:sp|Q9NTI7|INKA2_HUMAN:sp|Q6ZNA4|RN111_HUMAN:sp|Q12772|SRBP2_HUMAN:sp|P0C6S8|LIGO3_HUMAN:sp|P20929|NEBU_HUMAN:sp|Q9GZU5|NYX_HUMAN:sp|Q96L73|NSD1_HUMAN:sp|O95396|MOCS3_HUMAN:sp|Q9H254|SPTN4_HUMAN:sp|O95696|BRD1_HUMAN:sp|Q5SYE7|NHSL1_HUMAN:sp|Q9NZQ3|SPN90_HUMAN:sp|Q9BV29|CCD32_HUMAN:sp|Q49AM1|MTEF2_HUMAN:sp|Q96CA5|BIRC7_HUMAN:sp|Q9H2X9|S12A5_HUMAN:sp|P27487|DPP4_HUMAN:sp|Q13490|BIRC2_HUMAN:sp|O94985|CSTN1_HUMAN:sp|O15211|RGL2_HUMAN:sp|Q8TCU5|NMD3A_HUMAN:sp|A4UGR9|XIRP2_HUMAN:sp|Q13489|BIRC3_HUMAN:sp|Q9C0G6|DYH6_HUMAN:sp|P20290|BTF3_HUMAN:sp|Q96T59|CDRTF_HUMAN:sp|P08686|CP21A_HUMAN:sp|Q8TDI0|CHD5_HUMAN:sp|Q8TDF6|GRP4_HUMAN:sp|Q8N456|LRC18_HUMAN:sp|Q9Y5P8|P2R3B_HUMAN:sp|Q9NZ20|PA2G3_HUMAN:sp|P20809|IL11_HUMAN:sp|Q14527|HLTF_HUMAN:sp|P53674|CRBB1_HUMAN:sp|Q9BV87|CNPD1_HUMAN:sp|P03971|MIS_HUMAN:sp|Q8WTW4|NPRL2_HUMAN:sp|P98164|LRP2_HUMAN:sp|P51531|SMCA2_HUMAN:sp|Q8TD16|BICD2_HUMAN:sp|Q9UQ03|COR2B_HUMAN:sp|Q8TD31|CCHCR_HUMAN:sp|P42226|STAT6_HUMAN:sp|Q8N9B5|JMY_HUMAN:sp|P11532|DMD_HUMAN:sp|Q13474|DRP2_HUMAN:sp|Q8IUG5|MY18B_HUMAN:sp|A1A5D9|BICL2_HUMAN:sp|Q92496|FHR4_HUMAN:sp|Q9BYX2|TBD2A_HUMAN:sp|O15230|LAMA5_HUMAN:sp|O00634|NET3_HUMAN:sp|Q96P09|BIRC8_HUMAN:sp|Q8NAA4|A16L2_HUMAN:sp|Q8IXU6|S35F2_HUMAN:sp|P09661|RU2A_HUMAN:sp|Q86VF2|IGFN1_HUMAN:sp|P58166|INHBE_HUMAN:sp|Q8WZ64|ARAP2_HUMAN:sp|Q86VH5|LRRT3_HUMAN:sp|Q9H8P0|PORED_HUMAN:sp|Q01970|PLCB3_HUMAN:sp|A6NK58|LIPT2_HUMAN:sp|P53673|CRBA4_HUMAN:sp|Q9NVW2|RNF12_HUMAN:sp|Q5BKY1|LRC10_HUMAN:sp|P11586|C1TC_HUMAN:sp|P28340|DPOD1_HUMAN:sp|Q92974|ARHG2_HUMAN:sp|Q0VF96|CGNL1_HUMAN:sp|Q8N490|PNKD_HUMAN:sp|Q86XK3|SFR1_HUMAN:sp|Q13936|CAC1C_HUMAN:sp|Q9UK80|UBP21_HUMAN:sp|Q9HCJ2|LRC4C_HUMAN:sp|A6NC98|CC88B_HUMAN:sp|Q8IYM0|F186B_HUMAN:sp|P40763|STAT3_HUMAN:sp|O75147|OBSL1_HUMAN:sp|Q6X4T0|CL054_HUMAN:sp|Q70EL4|UBP43_HUMAN:sp|Q13045|FLII_HUMAN:sp|Q9NP84|TNR12_HUMAN:sp|Q9Y2X7|GIT1_HUMAN:sp|P25092|GUC2C_HUMAN:sp|Q9P2D1|CHD7_HUMAN:sp|P06028|GLPB_HUMAN:sp|Q53FD0|ZC21C_HUMAN:sp|Q08AI8|MB214_HUMAN:sp|Q3L8U1|CHD9_HUMAN:sp|Q09013|DMPK_HUMAN:sp|Q02224|CENPE_HUMAN:sp|P14625|ENPL_HUMAN:sp|Q6ZNJ1|NBEL2_HUMAN:sp|Q9NZU1|FLRT1_HUMAN:sp|Q9BUH8|BEGIN_HUMAN:sp|Q8N9L9|ACOT4_HUMAN:sp|P85299|PRR5_HUMAN:sp|Q8NFZ5|TNIP2_HUMAN:sp|Q58FF3|ENPLL_HUMAN:sp|Q15772|SPEG_HUMAN:sp|Q9Y2H5|PKHA6_HUMAN:sp|Q9H0F6|SHRPN_HUMAN:RNF43_DEL_C-p.G659Vfs*41_::chr17:58357300-58358300_frame=-2:sp|Q9BYT8|NEUL_HUMAN:sp|Q8TD26|CHD6_HUMAN:sp|P98170|XIAP_HUMAN:sp|O76011|KRT34_HUMAN:sp|Q9NZC9|SMAL1_HUMAN:sp|P08138|TNR16_HUMAN:sp|A6NIX2|WTIP_HUMAN:sp|Q9NQX0|PRDM6_HUMAN:sp|Q9UM54|MYO6_HUMAN:sp|O60701|UGDH_HUMAN:sp|Q14140|SRTD2_HUMAN:sp|Q9UER7|DAXX_HUMAN:sp|P11274|BCR_HUMAN,DeepNovo
S(+42.01)LRYGGGKQ(+0.98)TL,48.39,1221.6354,11,45.5,11,2.1,611.82623,2,36.0800,-13.7200,0.40,13799,HFX193_IPP292_GEL_CRC_324_Odd.raw,1.61E6,1.27E7,1,1,1,1,"Acetylation (N-term);Deamidation (NQ)",,0 0 0 0 0 0 11 19 35 26 5,S(+42.01)LRYGGGKQ(+0.98)TL,sp|Q8TAM6|ERMIN_HUMAN:sp|O60682|MUSC_HUMAN:sp|Q96K75|ZN514_HUMAN:sp|Q96NL0|RUN3B_HUMAN:sp|P23582|ANFC_HUMAN:sp|Q8TAL5|CI043_HUMAN:sp|Q15021|CND1_HUMAN:sp|Q9ULM3|YETS2_HUMAN:sp|P25490|TYY1_HUMAN:sp|O15266|SHOX_HUMAN:sp|Q9UNX4|WDR3_HUMAN:sp|P33176|KINH_HUMAN:sp|Q08209|PP2BA_HUMAN:sp|Q8NFZ0|FBH1_HUMAN:sp|Q8N158|GPC2_HUMAN:sp|Q5MNZ6|WIPI3_HUMAN:sp|Q8TAP6|CEP76_HUMAN:sp|Q5TG53|SEAS1_HUMAN:sp|P52824|DGKQ_HUMAN:sp|Q8IVV2|LOXH1_HUMAN:sp|Q9UHV7|MED13_HUMAN:sp|Q9H1J1|REN3A_HUMAN:sp|Q15393|SF3B3_HUMAN:sp|Q13740|CD166_HUMAN:sp|Q8WX94|NALP7_HUMAN:sp|Q9H8W5|TRI45_HUMAN:sp|O60826|CCD22_HUMAN:sp|Q9NP73|ALG13_HUMAN:sp|Q96SK2|TM209_HUMAN:sp|Q12889|OVGP1_HUMAN:sp|Q10587|TEF_HUMAN:sp|O95255|MRP6_HUMAN:sp|P13051|UNG_HUMAN:sp|Q6PI26|SHQ1_HUMAN:sp|Q5T5P2|SKT_HUMAN:sp|P43351|RAD52_HUMAN:sp|O60568|PLOD3_HUMAN:sp|Q969S2|NEIL2_HUMAN:sp|O95843|GUC1C_HUMAN:sp|P15822|ZEP1_HUMAN:sp|P20851|C4BPB_HUMAN:sp|P00749|UROK_HUMAN:sp|Q8IYB3|SRRM1_HUMAN:sp|P15408|FOSL2_HUMAN:sp|P62191|PRS4_HUMAN:sp|P50993|AT1A2_HUMAN:sp|O95163|ELP1_HUMAN:sp|Q53EL6|PDCD4_HUMAN:sp|P55017|S12A3_HUMAN:sp|P00742|FA10_HUMAN:sp|Q8IVF2|AHNK2_HUMAN:sp|P0CG40|SP9_HUMAN:sp|P52907|CAZA1_HUMAN:sp|Q92766|RREB1_HUMAN:sp|Q9HCR9|PDE11_HUMAN:sp|Q14978|NOLC1_HUMAN:sp|P21333|FLNA_HUMAN:sp|P48454|PP2BC_HUMAN:sp|Q5BJE1|CC178_HUMAN:sp|O75431|MTX2_HUMAN:sp|P35637|FUS_HUMAN:sp|Q8NE71|ABCF1_HUMAN:sp|P21291|CSRP1_HUMAN:sp|Q7Z5J4|RAI1_HUMAN:sp|P47755|CAZA2_HUMAN:sp|Q8NEZ3|WDR19_HUMAN:sp|Q8N3F0|MTURN_HUMAN:sp|P80108|PHLD_HUMAN:sp|Q9Y623|MYH4_HUMAN:sp|Q8WUU5|GATD1_HUMAN:sp|Q969J2|ZKSC4_HUMAN:sp|Q6P9B6|MEAK7_HUMAN:sp|Q8N695|SC5A8_HUMAN:sp|P05160|F13B_HUMAN:sp|Q92769|HDAC2_HUMAN:sp|P12882|MYH1_HUMAN:sp|Q5VST9|OBSCN_HUMAN:sp|P13796|PLSL_HUMAN:sp|Q8IZH2|XRN1_HUMAN:sp|Q7Z3H4|SAMD7_HUMAN:sp|Q04725|TLE2_HUMAN:sp|Q13454|TUSC3_HUMAN:sp|O00469|PLOD2_HUMAN:sp|Q8WXX5|DNJC9_HUMAN:sp|A0A1B0GVH6|CM042_HUMAN:sp|Q96Q15|SMG1_HUMAN:sp|Q02809|PLOD1_HUMAN,DeepNovo
S(+42.01)LSSAPA,17.47,673.3282,7,0.0,7,4.6,674.33862,1,49.7469,4.6469,0.59,19323,HFX193_IPP292_GEL_CRC_324_Odd.raw,1.9E4,1.88E5,1,1,1,1,"Acetylation (N-term)",,0 0 0 0 0 0 0,S(+42.01)LSSAPA,sp|Q9Y4F4|TGRM1_HUMAN,DB Search
S(+42.01)LVEEL,15.94,730.3749,6,66.7,6,3.0,731.38434,1,75.1336,-56.5664,0.88,29410,HFX193_IPP292_GEL_CRC_324_Even.raw,7.33E4,2.65E5,1,1,1,1,"Acetylation (N-term)",,0 0 63 43 11 5,S(+42.01)LVEEL,sp|Q9BXK5|B2L13_HUMAN:sp|Q86UP2|KTN1_HUMAN,DB Search
S(+42.01)LVGARRHSL,38.82,1136.6414,10,40.0,10,1.8,379.88843,3,29.4649,-2.5351,0.05,11094,HFX193_IPP292_GEL_CRC_324_Even.raw,2.69E6,2E7,2,2,2,2,"Acetylation (N-term)",,0 0 2 0 0 0 1 2 2 5,S(+42.01)LVGARRHSL,,DeepNovo
S(+42.01)LVIPEKF,34.15,973.5484,8,25.0,8,2.7,974.55829,1,77.1713,-55.9287,0.76,30187,HFX193_IPP292_GEL_CRC_324_Even.raw,1.14E5,9.87E5,1,1,1,1,"Acetylation (N-term)",,1 1 7 11 1 1 1 1,S(+42.01)LVIPEKF,sp|P62269|RS18_HUMAN,DB Search
S(+42.01)LVIPEKFQ(+0.98)HIL,38.93,1465.8180,12,16.7,12,-0.5,733.91595,2,78.4644,-68.5356,0.79,30718,HFX193_IPP292_GEL_CRC_324_Even.raw,2.96E4,2.19E5,1,1,1,1,"Acetylation (N-term);Deamidation (NQ)",,0 0 45 0 0 0 0 0 0 12 0 0,S(+42.01)LVIPEKFQ(+0.98)HIL,sp|P62269|RS18_HUMAN,DB Search
S(+42.01)LYKKVLL,27.22,1004.6270,8,75.0,8,1.1,503.32132,2,46.0547,-43.0453,0.68,17837,HFX193_IPP292_GEL_CRC_324_Even.raw,6.92E5,4.61E6,1,1,1,1,"Acetylation (N-term)",,5 9 10 7 0 1 12 5,S(+42.01)LYKKVLL,sp|Q9BVI4|NOC4L_HUMAN,DB Search
S(+42.01)M(+15.99)ALLK,10.45,719.3887,6,66.7,6,0.3,360.70175,2,34.3064,-5.2936,0.26,13093,HFX193_IPP292_GEL_CRC_324_Odd.raw,,,1,1,0,0,"Acetylation (N-term);Oxidation (M)",,0 0 4 10 22 5,S(+42.01)M(+15.99)ALLK,sp|Q9HB90|RRAGC_HUMAN:sp|O75165|DJC13_HUMAN,DB Search
S(+42.01)M(+15.99)ATRAAL,27.91,877.4327,8,50.0,8,0.9,439.72403,2,32.6106,1.3106,0.78,12375,HFX193_IPP292_GEL_CRC_324_Even.raw,1.44E6,8.42E6,1,1,1,1,"Acetylation (N-term);Oxidation (M)",,0 0 44 17 0 0 13 5,S(+42.01)M(+15.99)ATRAAL,,DeepNovo
S(+42.01)M(+15.99)LEPR,25.63,789.3691,6,66.7,6,1.7,395.69247,2,29.2111,3.2111,0.83,10999,HFX193_IPP292_GEL_CRC_324_Even.raw,6.1E6,3.69E7,2,2,2,2,"Acetylation (N-term);Oxidation (M)",,1 1 18 18 11 5,S(+42.01)M(+15.99)LEPR,sp|Q8NDA2|HMCN2_HUMAN:sp|O95155|UBE4B_HUMAN:sp|Q9Y664|KPTN_HUMAN:sp|P62249|RS16_HUMAN:sp|Q15633|TRBP2_HUMAN:sp|Q9NZM5|NOP53_HUMAN:sp|Q5SYB0|FRPD1_HUMAN:sp|Q9Y646|CBPQ_HUMAN,DeepNovo
S(+42.01)M(+15.99)LRLAGK,38.06,932.5113,8,87.5,8,1.3,467.26352,2,38.8767,9.2767,0.60,15032,HFX193_IPP292_GEL_CRC_324_Odd.raw,1.72E6,6.95E6,1,1,1,1,"Acetylation (N-term);Oxidation (M)",,5 2 4 3 4 0 6 5,S(+42.01)M(+15.99)LRLAGK,sp|Q9NRX1|PNO1_HUMAN:sp|Q9H7B2|RPF2_HUMAN:sp|Q96PE2|ARHGH_HUMAN:sp|Q96Q11|TRNT1_HUMAN:sp|Q16827|PTPRO_HUMAN:sp|Q5VTQ0|TT39B_HUMAN:sp|Q8IVB5|LIX1L_HUMAN:sp|Q96HA7|TONSL_HUMAN:sp|P58418|CLRN1_HUMAN:sp|Q8WYL5|SSH1_HUMAN:sp|Q9Y4D8|HECD4_HUMAN:sp|Q96KJ4|MSLNL_HUMAN:sp|Q96RC9|OR8B4_HUMAN:sp|Q5GH70|XKR9_HUMAN:sp|Q5T292|TM273_HUMAN:sp|Q14566|MCM6_HUMAN:sp|Q9Y4K0|LOXL2_HUMAN:sp|Q9Y6J0|CABIN_HUMAN:sp|Q6PCT2|FXL19_HUMAN:sp|Q8N3C0|ASCC3_HUMAN:sp|Q9C0B7|TNG6_HUMAN:sp|Q6EMK4|VASN_HUMAN:sp|P63010|AP2B1_HUMAN:sp|Q16653|MOG_HUMAN:sp|Q66K41|Z385C_HUMAN:sp|P49643|PRI2_HUMAN:sp|P53814|SMTN_HUMAN:sp|A6NHZ5|LR14B_HUMAN:sp|Q8WWM7|ATX2L_HUMAN:sp|P08235|MCR_HUMAN:sp|A0AVT1|UBA6_HUMAN:sp|Q9C000|NLRP1_HUMAN:sp|Q96PP9|GBP4_HUMAN:sp|Q96B70|LENG9_HUMAN:sp|Q9H6D3|XKR8_HUMAN:sp|O60673|REV3L_HUMAN:sp|P22314|UBA1_HUMAN:sp|Q5SYC1|CLVS2_HUMAN:sp|Q6PJG6|BRAT1_HUMAN:sp|Q8NHY3|GA2L2_HUMAN:sp|O75165|DJC13_HUMAN:sp|Q6P4F7|RHGBA_HUMAN:sp|Q8NHC8|OR2T6_HUMAN:sp|A4D2P6|GRD2I_HUMAN:sp|Q9UBR5|CKLF_HUMAN:sp|Q8N157|AHI1_HUMAN:sp|Q14156|EFR3A_HUMAN:sp|Q86WG5|MTMRD_HUMAN:sp|Q8NHH1|TTL11_HUMAN:sp|Q8IZC4|RTKN2_HUMAN:sp|O95049|ZO3_HUMAN:sp|Q5VW32|BROX_HUMAN:sp|P56730|NETR_HUMAN:sp|Q07157|ZO1_HUMAN:sp|Q7Z2Z2|EFL1_HUMAN:sp|P84098|RL19_HUMAN:sp|Q8WTS1|ABHD5_HUMAN:sp|Q8TEP8|CE192_HUMAN:sp|Q15149|PLEC_HUMAN:sp|Q8NH81|O10G6_HUMAN:sp|Q86VV8|RTTN_HUMAN:sp|Q96EK2|PF21B_HUMAN:sp|O94973|AP2A2_HUMAN:sp|Q9H9A6|LRC40_HUMAN:sp|Q5T124|UBX11_HUMAN:sp|Q6P2S7|TTC41_HUMAN:sp|Q5T4B2|GT253_HUMAN:sp|Q5VY43|PEAR1_HUMAN:sp|Q969G9|NKD1_HUMAN:sp|O75473|LGR5_HUMAN:sp|Q96NE9|FRMD6_HUMAN:sp|Q5GH72|XKR7_HUMAN:sp|Q8WZ04|TOMT_HUMAN:sp|Q13045|FLII_HUMAN:sp|Q8N2M4|TM86A_HUMAN:sp|A6NES4|MRO2A_HUMAN:sp|Q96GD0|PLPP_HUMAN:sp|O95782|AP2A1_HUMAN:sp|Q9UHW9|S12A6_HUMAN:sp|Q6PF06|TM10B_HUMAN:sp|Q15678|PTN14_HUMAN:sp|Q9HBA0|TRPV4_HUMAN:sp|Q8NET5|NFAM1_HUMAN:sp|Q1L5Z9|LONF2_HUMAN:sp|Q8NHM5|KDM2B_HUMAN:sp|Q6P499|NPAL3_HUMAN:sp|Q14571|ITPR2_HUMAN:sp|Q2LD37|BLTP1_HUMAN:sp|Q9NWK9|BCD1_HUMAN:sp|Q8TBY9|CF251_HUMAN:sp|Q9UDY2|ZO2_HUMAN:sp|O00623|PEX12_HUMAN:sp|Q8TEA1|NSUN6_HUMAN:sp|Q8IX30|SCUB3_HUMAN:sp|Q7Z745|MRO2B_HUMAN:sp|P0C263|SBK2_HUMAN:sp|Q9NZV1|CRIM1_HUMAN:sp|P39019|RS19_HUMAN:sp|Q10567|AP1B1_HUMAN,DeepNovo
S(+42.01)M(+15.99)LRLAGKLRAS,52.92,1359.7656,12,58.3,12,0.4,454.26266,3,39.5220,-0.5780,0.19,15168,HFX193_IPP292_GEL_CRC_324_Even.raw,3.87E6,1.82E7,1,1,1,1,"Acetylation (N-term);Oxidation (M)",,5 56 20 6 4 0 0 5 0 0 0 5,S(+42.01)M(+15.99)LRLAGKLRAS,sp|Q9UHW9|S12A6_HUMAN:sp|Q8N3C0|ASCC3_HUMAN:sp|Q16827|PTPRO_HUMAN:sp|Q5GH72|XKR7_HUMAN:sp|Q86VV8|RTTN_HUMAN:sp|Q8N157|AHI1_HUMAN:sp|Q14571|ITPR2_HUMAN:sp|Q9Y4D8|HECD4_HUMAN:sp|Q9H6D3|XKR8_HUMAN:sp|Q96RC9|OR8B4_HUMAN:sp|Q8TBY9|CF251_HUMAN:sp|Q5GH70|XKR9_HUMAN:sp|Q5T292|TM273_HUMAN:sp|Q5T124|UBX11_HUMAN:sp|P84098|RL19_HUMAN:sp|Q14566|MCM6_HUMAN:sp|Q6P2S7|TTC41_HUMAN:sp|Q5SYC1|CLVS2_HUMAN:sp|Q8TEP8|CE192_HUMAN:sp|Q15149|PLEC_HUMAN,DeepNovo
S(+42.01)M(+15.99)LRLGAK,41.79,932.5113,8,75.0,8,1.3,467.26352,2,38.7490,8.9490,0.45,14873,HFX193_IPP292_GEL_CRC_324_Even.raw,1.29E6,4.6E6,1,1,1,1,"Acetylation (N-term);Oxidation (M)",,5 8 8 3 8 0 0 5,S(+42.01)M(+15.99)LRLGAK,sp|Q96BR1|SGK3_HUMAN:sp|Q16827|PTPRO_HUMAN:sp|Q7Z7G8|VP13B_HUMAN:sp|Q01118|SCN7A_HUMAN:sp|Q9Y4D8|HECD4_HUMAN:sp|P48547|KCNC1_HUMAN:sp|Q6PIF6|MYO7B_HUMAN:sp|Q96RC9|OR8B4_HUMAN:sp|Q5GH70|XKR9_HUMAN:sp|Q9HCM3|K1549_HUMAN:sp|Q5T292|TM273_HUMAN:sp|Q14566|MCM6_HUMAN:sp|P38398|BRCA1_HUMAN:sp|Q8N3C0|ASCC3_HUMAN:sp|Q13258|PD2R_HUMAN:sp|Q9BYF1|ACE2_HUMAN:sp|Q07092|COGA1_HUMAN:sp|Q6PD62|CTR9_HUMAN:sp|P32322|P5CR1_HUMAN:sp|O94887|FARP2_HUMAN:sp|Q5R3F8|PPR29_HUMAN:sp|O15047|SET1A_HUMAN:sp|Q8N7S6|ARI2O_HUMAN:sp|Q07890|SOS2_HUMAN:sp|P00505|AATM_HUMAN:sp|O95405|ZFYV9_HUMAN:sp|P08235|MCR_HUMAN:sp|Q9Y3A0|COQ4_HUMAN:sp|Q5VV42|CDKAL_HUMAN:sp|Q8NDA2|HMCN2_HUMAN:sp|Q9H6D3|XKR8_HUMAN:sp|Q8N3Z3|GTPB8_HUMAN:sp|Q5SYC1|CLVS2_HUMAN:sp|Q96CM8|ACSF2_HUMAN:sp|P01160|ANF_HUMAN:sp|O00141|SGK1_HUMAN:sp|Q96G21|IMP4_HUMAN:sp|O75635|SPB7_HUMAN:sp|Q8N157|AHI1_HUMAN:sp|Q9C019|TRI15_HUMAN:sp|Q8IXB1|DJC10_HUMAN:sp|Q9BSW2|EFC4B_HUMAN:sp|P04844|RPN2_HUMAN:sp|Q9P260|RELCH_HUMAN:sp|Q9NWX6|THG1_HUMAN:sp|P84098|RL19_HUMAN:sp|O60353|FZD6_HUMAN:sp|Q9HAB8|PPCS_HUMAN:sp|Q8TEP8|CE192_HUMAN:sp|P78539|SRPX_HUMAN:sp|Q15149|PLEC_HUMAN:sp|Q7L5L3|GDPD3_HUMAN:sp|Q2M3V2|SWAHA_HUMAN:sp|Q6ZUA9|MROH5_HUMAN:sp|Q9H461|FZD8_HUMAN:sp|P07099|HYEP_HUMAN:sp|Q86VV8|RTTN_HUMAN:sp|Q9NPB1|NT5M_HUMAN:tr|A0A8Q3SIG1|A0A8Q3SIG1_HUMAN:sp|P34897|GLYM_HUMAN:sp|Q96EP1|CHFR_HUMAN:sp|Q9Y4I1|MYO5A_HUMAN:sp|P17174|AATC_HUMAN:sp|Q5T124|UBX11_HUMAN:sp|Q6P2S7|TTC41_HUMAN:sp|Q13402|MYO7A_HUMAN:sp|A8TX70|CO6A5_HUMAN:sp|Q13467|FZD5_HUMAN:sp|O15417|TNC18_HUMAN:sp|Q9Y2K2|SIK3_HUMAN:sp|A6NC98|CC88B_HUMAN:sp|O60248|SOX15_HUMAN:sp|Q5GH72|XKR7_HUMAN:sp|Q8TEW8|PAR3L_HUMAN:sp|Q8TE68|ES8L1_HUMAN:sp|Q9HBH5|RDH14_HUMAN:sp|P98161|PKD1_HUMAN:sp|Q9UHW9|S12A6_HUMAN:sp|Q13472|TOP3A_HUMAN:sp|P02458|CO2A1_HUMAN:sp|O60266|ADCY3_HUMAN:sp|O75594|PGRP1_HUMAN:sp|Q14289|FAK2_HUMAN:sp|Q9UBC1|IKBL1_HUMAN:sp|Q7Z3T8|ZFY16_HUMAN:sp|Q8WXG9|AGRV1_HUMAN:sp|Q9NQT8|KI13B_HUMAN:sp|O75154|RFIP3_HUMAN:sp|Q8WYB5|KAT6B_HUMAN:sp|P12036|NFH_HUMAN:sp|P36222|CH3L1_HUMAN:sp|Q9C0F0|ASXL3_HUMAN:sp|Q92874|DNSL2_HUMAN:sp|Q14571|ITPR2_HUMAN:sp|A0JNW5|BLT3B_HUMAN:sp|O95754|SEM4F_HUMAN:sp|Q8TBY9|CF251_HUMAN:sp|Q9NPG1|FZD3_HUMAN:sp|A3KMH1|VWA8_HUMAN:sp|O15228|GNPAT_HUMAN:sp|O94762|RECQ5_HUMAN:sp|Q9Y487|VPP2_HUMAN:sp|Q99835|SMO_HUMAN:sp|Q7Z591|AKNA_HUMAN:sp|A8MZ26|EFCB9_HUMAN:sp|Q8TER5|ARH40_HUMAN:sp|Q9Y5L0|TNPO3_HUMAN,DeepNovo
S(+42.01)M(+15.99)LRLGAKRALS,50.35,1359.7656,12,58.3,12,1.1,454.26297,3,39.7270,2.7270,0.11,15291,HFX193_IPP292_GEL_CRC_324_Odd.raw,,,1,1,0,0,"Acetylation (N-term);Oxidation (M)",,5 30 7 3 2 0 0 2 0 0 0 5,S(+42.01)M(+15.99)LRLGAKRALS,sp|Q9UHW9|S12A6_HUMAN:sp|Q8N3C0|ASCC3_HUMAN:sp|Q16827|PTPRO_HUMAN:sp|Q5GH72|XKR7_HUMAN:sp|Q86VV8|RTTN_HUMAN:sp|Q8N157|AHI1_HUMAN:sp|Q14571|ITPR2_HUMAN:sp|Q9Y4D8|HECD4_HUMAN:sp|Q9H6D3|XKR8_HUMAN:sp|Q96RC9|OR8B4_HUMAN:sp|Q8TBY9|CF251_HUMAN:sp|Q5GH70|XKR9_HUMAN:sp|Q5T292|TM273_HUMAN:sp|Q5T124|UBX11_HUMAN:sp|P84098|RL19_HUMAN:sp|Q14566|MCM6_HUMAN:sp|Q6P2S7|TTC41_HUMAN:sp|Q5SYC1|CLVS2_HUMAN:sp|Q8TEP8|CE192_HUMAN:sp|Q15149|PLEC_HUMAN,DeepNovo
S(+42.01)M(+15.99)M(+15.99)ALKFLKK,34.36,1269.6825,10,70.0,10,2.6,424.23587,3,29.5181,-17.1819,0.29,11159,HFX193_IPP292_GEL_CRC_324_Even.raw,7.61E4,6.83E5,1,1,1,1,"Acetylation (N-term);Oxidation (M);Oxidation (M)",,0 0 0 9 9 21 4 4 7 5,S(+42.01)M(+15.99)M(+15.99)ALKFLKK,sp|O60779|S19A2_HUMAN:sp|O43490|PROM1_HUMAN:sp|P21817|RYR1_HUMAN:sp|Q9Y6D5|BIG2_HUMAN:sp|O43173|SIA8C_HUMAN:sp|O95397|PKHA9_HUMAN:sp|A2RU30|TESP1_HUMAN:sp|Q6AI08|HEAT6_HUMAN:sp|Q460N5|PAR14_HUMAN:sp|Q08378|GOGA3_HUMAN:sp|Q9H254|SPTN4_HUMAN:sp|Q9UQ13|SHOC2_HUMAN:sp|Q8TEV9|SMCR8_HUMAN:sp|Q86W34|AMZ2_HUMAN:sp|Q96JQ2|CLMN_HUMAN:sp|A8MW99|MEI4_HUMAN:sp|Q9NZQ3|SPN90_HUMAN:sp|O43280|TREA_HUMAN:sp|A2RTX5|SYTC2_HUMAN:sp|Q9H2H9|S38A1_HUMAN:sp|Q16512|PKN1_HUMAN:sp|Q6K0P9|IFIX_HUMAN:sp|Q641Q2|WAC2A_HUMAN:sp|Q709C8|VP13C_HUMAN:sp|P54619|AAKG1_HUMAN:sp|Q9H4D5|NXF3_HUMAN:sp|Q9BTV5|FSD1_HUMAN:sp|Q7Z2Y8|GVIN1_HUMAN:sp|Q6ZNQ3|LRC69_HUMAN:sp|A5YKK6|CNOT1_HUMAN:sp|O94956|SO2B1_HUMAN:sp|Q8N7X4|MAGB6_HUMAN:sp|Q05823|RN5A_HUMAN:sp|Q01082|SPTB2_HUMAN:sp|Q14573|ITPR3_HUMAN:sp|P10301|RRAS_HUMAN:sp|Q9GZY0|NXF2_HUMAN:sp|O95267|GRP1_HUMAN:sp|A6NDA9|LRIT2_HUMAN:sp|Q659A1|ICE2_HUMAN:sp|Q13201|MMRN1_HUMAN:sp|P60507|EFC1_HUMAN:sp|P23469|PTPRE_HUMAN:sp|P26572|MGAT1_HUMAN:sp|Q12872|SFSWA_HUMAN:sp|Q96FZ2|HMCES_HUMAN:sp|Q15154|PCM1_HUMAN:sp|Q8N4C6|NIN_HUMAN:sp|Q8WUS8|D42E1_HUMAN:sp|Q8IYE0|CC146_HUMAN:sp|Q8TDY2|RBCC1_HUMAN:sp|Q7L5Y1|ENOF1_HUMAN:sp|Q07157|ZO1_HUMAN:sp|Q9P253|VPS18_HUMAN:sp|Q9UI10|EI2BD_HUMAN:sp|P41235|HNF4A_HUMAN:sp|Q52WX2|SBK1_HUMAN:sp|P19388|RPAB1_HUMAN:sp|Q8IWV8|UBR2_HUMAN:sp|Q8NEB5|PLPP5_HUMAN:sp|Q14320|FA50A_HUMAN:sp|Q9H0K4|RSH6A_HUMAN:sp|Q5HYA8|MKS3_HUMAN:sp|Q9Y4E1|WAC2C_HUMAN:sp|P61619|S61A1_HUMAN:sp|Q9H799|CPLN1_HUMAN:sp|A6NGG8|PCARE_HUMAN:sp|Q9NV88|INT9_HUMAN:sp|P01266|THYG_HUMAN:sp|Q8N8J6|ZN615_HUMAN:sp|Q13625|ASPP2_HUMAN:sp|Q6P2S7|TTC41_HUMAN:sp|Q8WZ42|TITIN_HUMAN:sp|Q9UGR2|Z3H7B_HUMAN:sp|Q9Y2X9|ZN281_HUMAN:sp|Q8WUM4|PDC6I_HUMAN:sp|Q00688|FKBP3_HUMAN:sp|Q16644|MAPK3_HUMAN:sp|P25103|NK1R_HUMAN:sp|Q5HYK7|SH319_HUMAN:sp|P30838|AL3A1_HUMAN:sp|Q8N9K5|ZN565_HUMAN:sp|Q5TB80|CE162_HUMAN:sp|Q9UPU5|UBP24_HUMAN:sp|O14645|IDLC_HUMAN:sp|Q9UQ84|EXO1_HUMAN:sp|Q9UMQ6|CAN11_HUMAN:sp|P22223|CADH3_HUMAN:sp|Q6ZSR6|YP007_HUMAN:sp|Q8IVW4|CDKL3_HUMAN:sp|Q15849|UT2_HUMAN:sp|P18433|PTPRA_HUMAN:sp|Q9BPX7|CG025_HUMAN:sp|B5ME19|EIFCL_HUMAN:sp|O43149|ZZEF1_HUMAN:sp|Q6XZB0|LIPI_HUMAN:sp|P55060|XPO2_HUMAN:sp|Q86Z14|KLOTB_HUMAN:sp|P42356|PI4KA_HUMAN:sp|Q9NZJ4|SACS_HUMAN:sp|Q9BWP8|COL11_HUMAN:sp|Q92667|AKAP1_HUMAN:sp|P54577|SYYC_HUMAN:sp|Q16363|LAMA4_HUMAN:sp|P59020|DSCR9_HUMAN:sp|Q9H1B4|NXF5_HUMAN:sp|P21452|NK2R_HUMAN:sp|Q8NDW8|TT21A_HUMAN:sp|Q63HN8|RN213_HUMAN:sp|O60336|MABP1_HUMAN:sp|O43293|DAPK3_HUMAN:sp|O60882|MMP20_HUMAN:sp|P14778|IL1R1_HUMAN:sp|Q14123|PDE1C_HUMAN:sp|Q9UBK9|UXT_HUMAN:sp|Q8NCY6|MSD4_HUMAN:sp|Q8WVM8|SCFD1_HUMAN:sp|Q8N841|TTLL6_HUMAN:sp|Q92736|RYR2_HUMAN:sp|Q8IZT6|ASPM_HUMAN,DeepNovo
S(+42.01)N(+0.98)KLERVA,34.42,958.5084,8,25.0,8,0.8,480.26181,2,32.6106,12.4106,0.65,12373,HFX193_IPP292_GEL_CRC_324_Even.raw,6.11E6,3.6E7,2,2,1,1,"Acetylation (N-term);Deamidation (NQ)",,0 0 1 9 7 1 1 1,S(+42.01)N(+0.98)KLERVA,tr|A0A1W2PRN1|A0A1W2PRN1_HUMAN:sp|Q6ZNJ1|NBEL2_HUMAN:sp|Q13395|TARB1_HUMAN:sp|P0CJ92|GOG8H_HUMAN:sp|Q8N434|SVOPL_HUMAN:sp|H3BPF8|GOG8S_HUMAN:sp|P35968|VGFR2_HUMAN:sp|Q8NDA2|HMCN2_HUMAN:sp|H3BV12|GOG8Q_HUMAN:sp|Q9H7P9|PKHG2_HUMAN:sp|A7E2F4|GOG8A_HUMAN:sp|Q7Z410|TMPS9_HUMAN:sp|P46782|RS5_HUMAN:sp|A8MQT2|GOG8B_HUMAN:sp|P15538|C11B1_HUMAN:sp|A6NCC3|GOG8O_HUMAN:sp|Q8N6Q8|MET25_HUMAN:sp|A6NC78|GOG8I_HUMAN:sp|A6NMD2|GOG8J_HUMAN:sp|Q0D2H9|GOG8D_HUMAN:sp|I6L899|GOG8R_HUMAN:sp|Q15061|WDR43_HUMAN:sp|F8WBI6|GOG8N_HUMAN:sp|Q9Y597|KCTD3_HUMAN:sp|H3BSY2|GOG8M_HUMAN:sp|Q9BX97|PLVAP_HUMAN:sp|Q13523|PRP4B_HUMAN:sp|A6NN73|GOG8C_HUMAN:sp|Q3B7T1|EDRF1_HUMAN:sp|Q08AF8|GOG8F_HUMAN:sp|Q9NYB9|ABI2_HUMAN:sp|O75145|LIPA3_HUMAN:sp|Q10471|GALT2_HUMAN:sp|Q8NAF0|ZN579_HUMAN:sp|P04196|HRG_HUMAN:sp|Q9BQC3|DPH2_HUMAN:sp|Q5TB30|DEP1A_HUMAN:sp|Q9BXX0|EMIL2_HUMAN:sp|Q9BV20|MTNA_HUMAN,DeepNovo
S(+42.01)N(+0.98)LERL,15.84,773.3919,6,66.7,6,3.6,387.70462,2,42.9422,-14.2578,0.69,16576,HFX193_IPP292_GEL_CRC_324_Even.raw,3.45E5,2.32E6,2,2,1,1,"Acetylation (N-term);Deamidation (NQ)",,1 1 12 17 4 4,S(+42.01)N(+0.98)LERL,sp|Q96DV4|RM38_HUMAN:sp|Q15642|CIP4_HUMAN,DB Search
S(+42.01)N(+0.98)LERLK,25.61,901.4869,7,71.4,7,1.4,451.75134,2,33.1784,5.1784,0.73,12639,HFX193_IPP292_GEL_CRC_324_Even.raw,1.01E5,1.27E6,1,1,1,1,"Acetylation (N-term);Deamidation (NQ)",,5 7 11 8 0 0 5,S(+42.01)N(+0.98)LERLK,sp|Q15642|CIP4_HUMAN,DB Search
S(+42.01)N(+0.98)PASGGGM(+15.99)LATTAGAVELDHEYGAAAPEWP,132.32,3085.3611,31,29.0,31,4.8,1543.69519,2,78.7595,N/A,0.25,30721,HFX193_IPP292_GEL_CRC_324_Odd.raw,,,2,2,0,0,"Acetylation (N-term);Deamidation (NQ);Oxidation (M)",,0 0 1 0 0 0 0 0 0 28 3 3 4 0 0 12 14 6 5 2 1 1 1 0 0 1 1 0 0 0 0,S(+42.01)N(+0.98)PASGGGM(+15.99)LATTAGAVELDHEYGAAAPEWP,sp|O94901|SUN1_HUMAN:sp|Q9NQ33|ASCL3_HUMAN:sp|P43403|ZAP70_HUMAN:sp|P16157|ANK1_HUMAN:sp|Q5VTH2|FLTOP_HUMAN:sp|P04920|B3A2_HUMAN:sp|P37198|NUP62_HUMAN:sp|Q7Z410|TMPS9_HUMAN:sp|P45983|MK08_HUMAN:sp|Q0VDD7|BRME1_HUMAN:sp|Q92934|BAD_HUMAN:sp|P27708|PYR1_HUMAN:sp|P06733|ENOA_HUMAN:sp|Q8IVB4|SL9A9_HUMAN:sp|Q00403|TF2B_HUMAN:sp|Q9NWU1|OXSM_HUMAN:sp|A4UGR9|XIRP2_HUMAN:sp|Q14159|SPIDR_HUMAN:sp|Q16512|PKN1_HUMAN:sp|P55081|MFAP1_HUMAN:sp|P08686|CP21A_HUMAN:sp|Q9NYC9|DYH9_HUMAN:sp|Q8NGJ4|O52E2_HUMAN:sp|Q8NBJ4|GOLM1_HUMAN:sp|Q9UBL6|CPNE7_HUMAN:sp|Q9UBN4|TRPC4_HUMAN:sp|Q5H9I0|TFDP3_HUMAN:sp|P29459|IL12A_HUMAN:sp|Q9Y314|NOSIP_HUMAN:sp|Q9UPR5|NAC2_HUMAN:sp|P40227|TCPZ_HUMAN:sp|Q96GX1|TECT2_HUMAN:sp|Q7Z7M0|MEGF8_HUMAN:sp|Q6IEE7|T132E_HUMAN:sp|Q92766|RREB1_HUMAN:sp|Q14160|SCRIB_HUMAN:sp|Q8NDA2|HMCN2_HUMAN:sp|Q9H082|RB33B_HUMAN:sp|P53779|MK10_HUMAN:sp|Q86Y22|CONA1_HUMAN:sp|O14926|FSCN2_HUMAN:sp|Q5SYC1|CLVS2_HUMAN:sp|Q9HA90|EFCC1_HUMAN:sp|Q9UL62|TRPC5_HUMAN:sp|Q9H2M9|RBGPR_HUMAN:sp|Q8TE23|TS1R2_HUMAN:sp|Q9H1R3|MYLK2_HUMAN:sp|Q8N4V2|SVOP_HUMAN:sp|Q8TD16|BICD2_HUMAN:sp|Q969P6|TOP1M_HUMAN:sp|Q96DT5|DYH11_HUMAN:sp|Q96T58|MINT_HUMAN:sp|Q12830|BPTF_HUMAN:sp|O94913|PCF11_HUMAN:sp|P43405|KSYK_HUMAN:sp|Q641Q3|METRL_HUMAN:sp|P30519|HMOX2_HUMAN:sp|Q6DT37|MRCKG_HUMAN:sp|P20594|ANPRB_HUMAN:sp|Q96BY6|DOC10_HUMAN:sp|Q8NEN0|ARMC2_HUMAN:sp|Q9BZ29|DOCK9_HUMAN:sp|Q9UBN1|CCG4_HUMAN:sp|Q14517|FAT1_HUMAN:sp|Q8N0S2|SYCE1_HUMAN:sp|Q6AZY7|SCAR3_HUMAN:sp|Q8NFP9|NBEA_HUMAN:sp|Q8WV92|MITD1_HUMAN:sp|Q6ZSI9|CAN12_HUMAN:sp|P24821|TENA_HUMAN:sp|Q8WXB1|MT21A_HUMAN:sp|P78412|IRX6_HUMAN:sp|O95622|ADCY5_HUMAN:sp|Q13571|LAPM5_HUMAN:sp|Q96FS4|SIPA1_HUMAN:sp|Q96M69|LRGUK_HUMAN:sp|P08514|ITA2B_HUMAN:sp|O15213|WDR46_HUMAN:sp|Q149M9|NWD1_HUMAN:sp|Q8WZ42|TITIN_HUMAN:sp|P12259|FA5_HUMAN:sp|Q5TAA0|TTC22_HUMAN:sp|Q96GX5|GWL_HUMAN:sp|Q9Y4P3|TBL2_HUMAN:sp|O75147|OBSL1_HUMAN:sp|Q8WU66|TSEAR_HUMAN:sp|Q6PCE3|PGM2L_HUMAN:sp|Q3T8J9|GON4L_HUMAN:sp|Q9NPI9|KCJ16_HUMAN:sp|P46379|BAG6_HUMAN:sp|Q86TG7|PEG10_HUMAN:sp|P08F94|PKHD1_HUMAN:sp|P29083|T2EA_HUMAN:sp|O15075|DCLK1_HUMAN:sp|Q8TED9|AF1L1_HUMAN:sp|Q5MIZ7|P4R3B_HUMAN:sp|Q9UBZ9|REV1_HUMAN:sp|Q8IUR7|ARMC8_HUMAN:sp|Q96QT6|PHF12_HUMAN:sp|Q6WRI0|IGS10_HUMAN:sp|Q14186|TFDP1_HUMAN:sp|P08240|SRPRA_HUMAN:sp|Q9H8Y1|VRTN_HUMAN:sp|P07814|SYEP_HUMAN:sp|P98171|RHG04_HUMAN:sp|Q9UL19|PLAT4_HUMAN:sp|A6NDY0|EPAB2_HUMAN:sp|O60330|PCDGC_HUMAN:sp|P45984|MK09_HUMAN:sp|Q9BQA1|MEP50_HUMAN:sp|Q13488|VPP3_HUMAN:sp|P11387|TOP1_HUMAN:sp|Q8NHM5|KDM2B_HUMAN:sp|A6NMZ2|SNTAN_HUMAN:sp|O15117|FYB1_HUMAN:sp|P55157|MTP_HUMAN:sp|P20132|SDHL_HUMAN:sp|Q96PZ7|CSMD1_HUMAN:sp|Q9Y694|S22A7_HUMAN:sp|Q9H0E3|SP130_HUMAN,DeepNovo
S(+42.01)N(+0.98)VERTAGTL,50.91,1089.5302,10,70.0,10,3.4,545.77423,2,39.0082,-2.4918,0.58,14973,HFX193_IPP292_GEL_CRC_324_Even.raw,3.04E6,1.85E7,1,1,1,1,"Acetylation (N-term);Deamidation (NQ)",,3 3 48 15 0 6 0 0 25 5,S(+42.01)N(+0.98)VERTAGTL,sp|Q9Y2Q0|AT8A1_HUMAN:sp|Q9HCD6|TANC2_HUMAN:sp|Q9BYT3|STK33_HUMAN:sp|P98164|LRP2_HUMAN:sp|Q5HYK7|SH319_HUMAN:sp|Q5VWP3|MLIP_HUMAN:sp|O95477|ABCA1_HUMAN,DeepNovo
S(+42.01)PATHGGAL,26.72,851.4137,9,66.7,9,1.9,426.71494,2,31.1804,1.3804,0.13,11758,HFX193_IPP292_GEL_CRC_324_Odd.raw,2.78E7,1.11E8,3,3,2,2,"Acetylation (N-term)",,3 3 3 3 0 0 0 6 5,S(+42.01)PATHGGAL,,DeepNovo
S(+42.01)PFRLGAK,43.48,916.5130,8,50.0,8,4.7,459.26593,2,48.0090,-14.7910,0.34,18625,HFX193_IPP292_GEL_CRC_324_Odd.raw,1.54E6,9.49E6,1,1,1,1,"Acetylation (N-term)",,5 0 0 5 15 0 0 5,S(+42.01)PFRLGAK,sp|Q8N7S6|ARI2O_HUMAN:sp|Q96BR1|SGK3_HUMAN:sp|Q2M3V2|SWAHA_HUMAN:sp|Q05469|LIPS_HUMAN:sp|Q6ZUA9|MROH5_HUMAN:sp|A6NHZ5|LR14B_HUMAN:sp|Q68EM7|RHG17_HUMAN:sp|Q07890|SOS2_HUMAN:sp|P08235|MCR_HUMAN:sp|Q9Y3A0|COQ4_HUMAN:sp|Q15572|TAF1C_HUMAN:sp|Q14289|FAK2_HUMAN:sp|Q9Y315|DEOC_HUMAN:tr|A0A8Q3SIG1|A0A8Q3SIG1_HUMAN:sp|A0A286YF58|TM271_HUMAN:sp|P48547|KCNC1_HUMAN:sp|Q9HCM3|K1549_HUMAN:sp|A8TX70|CO6A5_HUMAN:sp|O60248|SOX15_HUMAN:sp|Q8WYB5|KAT6B_HUMAN:sp|P01160|ANF_HUMAN:sp|Q9C0F0|ASXL3_HUMAN:sp|O00141|SGK1_HUMAN:sp|Q8TEW8|PAR3L_HUMAN:sp|O75635|SPB7_HUMAN:sp|Q9C019|TRI15_HUMAN:sp|A0JNW5|BLT3B_HUMAN:sp|Q9BSW2|EFC4B_HUMAN:sp|O95754|SEM4F_HUMAN:sp|Q9Y487|VPP2_HUMAN:sp|Q7Z591|AKNA_HUMAN:sp|A8MZ26|EFCB9_HUMAN:sp|Q9HAB8|PPCS_HUMAN:sp|P32322|P5CR1_HUMAN:sp|O94887|FARP2_HUMAN:sp|O15047|SET1A_HUMAN:sp|P78539|SRPX_HUMAN,DeepNovo
S(+42.01)PRFKSRL,32.13,1031.5876,8,100.0,8,1.4,344.87030,3,29.2111,5.6111,0.33,10995,HFX193_IPP292_GEL_CRC_324_Even.raw,7.19E5,5.6E6,1,1,1,1,"Acetylation (N-term)",,3 3 4 10 30 3 3 5,S(+42.01)PRFKSRL,sp|Q92791|SC65_HUMAN:sp|P57075|UBS3A_HUMAN:sp|P51572|BAP31_HUMAN:sp|Q6ZNA1|ZN836_HUMAN:sp|O60341|KDM1A_HUMAN:sp|Q9Y4F4|TGRM1_HUMAN:sp|Q9H714|PACER_HUMAN:sp|Q76M96|CCD80_HUMAN:sp|O15296|LX15B_HUMAN:sp|Q5T4S7|UBR4_HUMAN:sp|Q9HB07|MYG1_HUMAN:sp|O95460|MATN4_HUMAN:sp|Q96LD4|TRI47_HUMAN:sp|O94868|FCSD2_HUMAN:sp|Q9Y6L7|TLL2_HUMAN:sp|P17040|ZSC20_HUMAN:sp|O15482|TEX28_HUMAN:sp|Q9BYJ1|LOXE3_HUMAN,DeepNovo
S(+42.01)PYTKKEL,29.88,1006.5335,8,100.0,8,1.8,504.27493,2,30.5442,2.3442,0.29,11535,HFX193_IPP292_GEL_CRC_324_Even.raw,5.56E6,3.45E7,1,1,1,1,"Acetylation (N-term)",,5 13 13 8 8 2 2 5,S(+42.01)PYTKKEL,sp|Q8IVG5|SAM9L_HUMAN:sp|Q01850|CDR2_HUMAN:sp|Q9BRK0|REEP2_HUMAN:sp|Q99574|NEUS_HUMAN:sp|Q6PIF6|MYO7B_HUMAN:sp|O75346|ZN253_HUMAN:sp|Q9H7D0|DOCK5_HUMAN:sp|Q96EF9|ZHX1R_HUMAN:sp|Q9Y3T6|R3HC1_HUMAN:sp|Q86X67|NUD13_HUMAN:sp|Q96K31|CH076_HUMAN:sp|P48739|PIPNB_HUMAN:sp|Q14CN2|CLCA4_HUMAN:sp|P32418|NAC1_HUMAN:sp|Q9NRL2|BAZ1A_HUMAN:sp|Q8N165|PDK1L_HUMAN:sp|O43824|GTPB6_HUMAN:sp|Q8NA54|IQUB_HUMAN:sp|Q00403|TF2B_HUMAN:sp|Q12889|OVGP1_HUMAN:sp|Q8WWN9|ICEF1_HUMAN:sp|Q96EB6|SIR1_HUMAN:sp|P55081|MFAP1_HUMAN:sp|Q8TDR2|STK35_HUMAN:sp|O43908|NKG2F_HUMAN:sp|Q99828|CIB1_HUMAN:sp|O60318|GANP_HUMAN:sp|Q8TDI0|CHD5_HUMAN:sp|P35452|HXD12_HUMAN:sp|P07602|SAP_HUMAN:sp|Q96HU1|SGSM3_HUMAN:sp|Q9NWH7|SPAT6_HUMAN:sp|P52594|AGFG1_HUMAN:sp|Q5TEA3|DAAF9_HUMAN:sp|Q9UPR5|NAC2_HUMAN:sp|Q92562|FIG4_HUMAN:sp|Q96GX1|TECT2_HUMAN:sp|Q8NDH2|CC168_HUMAN:sp|A8MXE2|B3GT9_HUMAN:sp|P51610|HCFC1_HUMAN:sp|O43252|PAPS1_HUMAN:sp|P42224|STAT1_HUMAN:sp|P46020|KPB1_HUMAN:sp|P51160|PDE6C_HUMAN:sp|Q6AWC2|WWC2_HUMAN:sp|Q12926|ELAV2_HUMAN:sp|Q6VAB6|KSR2_HUMAN:sp|A8K2U0|A2ML1_HUMAN:sp|Q5VZ89|DEN4C_HUMAN:sp|Q9Y490|TLN1_HUMAN:sp|P07305|H10_HUMAN:sp|O95900|TRUB2_HUMAN:sp|Q7Z401|MYCPP_HUMAN:sp|Q8NEA6|GLIS3_HUMAN:sp|Q9H2Y7|ZN106_HUMAN:sp|Q86WG5|MTMRD_HUMAN:sp|O94913|PCF11_HUMAN:sp|P11532|DMD_HUMAN:sp|Q9UGN5|PARP2_HUMAN:sp|Q9BXU7|UBP26_HUMAN:sp|A6NMY6|AXA2L_HUMAN:sp|Q5T601|AGRF1_HUMAN:sp|Q8IVT5|KSR1_HUMAN:sp|Q86UQ4|ABCAD_HUMAN:sp|Q6PIL6|KCIP4_HUMAN:sp|P24043|LAMA2_HUMAN:sp|Q8IWA4|MFN1_HUMAN:sp|Q6UXK2|ISLR2_HUMAN:sp|P0C7P4|UCRIL_HUMAN:sp|Q9Y2W7|CSEN_HUMAN:sp|Q9P2M7|CING_HUMAN:sp|Q9BV73|CP250_HUMAN:sp|P48668|K2C6C_HUMAN:sp|O95235|KI20A_HUMAN:sp|Q8TEA8|DTD1_HUMAN:sp|Q9H6H4|REEP4_HUMAN:sp|A8TX70|CO6A5_HUMAN:sp|P18858|DNLI1_HUMAN:sp|P0C091|FREM3_HUMAN:sp|Q86XL3|ANKL2_HUMAN:sp|Q02241|KIF23_HUMAN:sp|P04259|K2C6B_HUMAN:sp|Q9H2D6|TARA_HUMAN:sp|Q8NDV7|TNR6A_HUMAN:sp|P61266|STX1B_HUMAN:sp|P40763|STAT3_HUMAN:sp|O75445|USH2A_HUMAN:sp|P07355|ANXA2_HUMAN:sp|Q9UBP0|SPAST_HUMAN:sp|Q9NQX4|MYO5C_HUMAN:sp|Q6NUK4|REEP3_HUMAN:sp|Q9BRH9|ZN251_HUMAN:sp|O95229|ZWINT_HUMAN:sp|O75582|KS6A5_HUMAN:sp|Q96RL7|VP13A_HUMAN:sp|P20592|MX2_HUMAN:sp|O95678|K2C75_HUMAN:sp|Q9Y6Y0|NS1BP_HUMAN:sp|P56945|BCAR1_HUMAN:sp|Q92889|XPF_HUMAN:sp|Q96PU4|UHRF2_HUMAN:sp|Q9Y3R0|GRIP1_HUMAN:sp|Q6WRI0|IGS10_HUMAN:sp|M0R2J8|DCDC1_HUMAN:sp|Q5T890|ER6L2_HUMAN:sp|Q9BQS8|FYCO1_HUMAN:sp|C9JSJ3|MEIOS_HUMAN:sp|Q14393|GAS6_HUMAN:sp|P49257|LMAN1_HUMAN:sp|P26378|ELAV4_HUMAN:sp|P35749|MYH11_HUMAN:sp|Q9C0G0|ZN407_HUMAN:sp|P47985|UCRI_HUMAN:sp|Q9Y6V0|PCLO_HUMAN:sp|Q5SV17|TM240_HUMAN:sp|Q09472|EP300_HUMAN:sp|Q9H501|ESF1_HUMAN:sp|Q9P2G1|AKIB1_HUMAN:sp|Q86XX4|FRAS1_HUMAN:sp|G9CGD6|CNIPF_HUMAN,DeepNovo
S(+42.01)RAGDRLSRL,30.57,1171.6421,10,60.0,10,1.1,391.55508,3,29.5181,1.8181,0.38,11116,HFX193_IPP292_GEL_CRC_324_Even.raw,8.16E6,5.57E7,3,3,3,3,"Acetylation (N-term)",,5 5 0 0 2 4 4 0 0 5,S(+42.01)RAGDRLSRL,,DeepNovo
S(+42.01)RATTQ(+0.98)F,28.81,852.3978,7,100.0,7,0.4,427.20630,2,34.6755,2.8755,0.41,13222,HFX193_IPP292_GEL_CRC_324_Even.raw,4.23E5,3.22E6,1,1,1,1,"Acetylation (N-term);Deamidation (NQ)",,5 2 2 3 6 9 5,S(+42.01)RATTQ(+0.98)F,,DeepNovo
S(+42.01)REFRARL,17.69,1075.5886,8,12.5,8,2.2,538.80280,2,30.3182,1.6182,0.14,11460,HFX193_IPP292_GEL_CRC_324_Even.raw,,,1,1,0,0,"Acetylation (N-term)",,5 1 0 0 1 0 0 1,S(+42.01)REFRARL,,DeepNovo
S(+42.01)RFAERAPL,41.85,1087.5774,9,55.6,9,1.9,544.79700,2,39.3962,-20.3038,0.55,15162,HFX193_IPP292_GEL_CRC_324_Odd.raw,6.59E5,4.45E6,1,1,1,1,"Acetylation (N-term)",,5 5 2 1 1 1 2 1 2,S(+42.01)RFAERAPL,sp|Q9P2E2|KIF17_HUMAN:sp|Q9BZL4|PP12C_HUMAN:sp|Q9UHI8|ATS1_HUMAN:sp|Q9NXS3|KLH28_HUMAN:sp|Q14108|SCRB2_HUMAN:sp|Q2NKQ1|SGSM1_HUMAN:sp|Q567U6|CCD93_HUMAN:sp|Q9NUL7|DDX28_HUMAN:sp|Q9NS15|LTBP3_HUMAN:sp|Q9NX20|RM16_HUMAN:sp|O75564|JERKY_HUMAN:sp|Q5T011|SZT2_HUMAN:sp|Q8N697|S15A4_HUMAN:sp|Q96A11|G3ST3_HUMAN:sp|Q8N394|TMTC2_HUMAN:sp|O94992|HEXI1_HUMAN:sp|Q99538|LGMN_HUMAN:sp|Q9HCU9|BRMS1_HUMAN:sp|O15240|VGF_HUMAN:sp|Q7Z7M8|B3GN8_HUMAN:sp|Q96K58|ZN668_HUMAN:sp|Q9BXL8|CDCA4_HUMAN:sp|Q68DA7|FMN1_HUMAN:sp|Q58DX5|NADL2_HUMAN:sp|Q8NB12|SMYD1_HUMAN:sp|Q6ZU35|CRACD_HUMAN:sp|O14964|HGS_HUMAN:sp|Q9UJH8|METRN_HUMAN:sp|Q8TAB3|PCD19_HUMAN,DeepNovo
S(+42.01)RFERRAL,27.49,1075.5886,8,50.0,8,1.0,359.53717,3,30.5062,13.1062,0.07,11527,HFX193_IPP292_GEL_CRC_324_Odd.raw,3.2E6,2.03E7,3,3,2,2,"Acetylation (N-term)",,5 7 0 0 1 0 4 5,S(+42.01)RFERRAL,sp|Q58EX2|SDK2_HUMAN:sp|Q92619|HMHA1_HUMAN:sp|Q8IX94|CTGE4_HUMAN:sp|Q9H6X2|ANTR1_HUMAN:sp|Q6Q4G3|AMPQ_HUMAN:sp|Q9Y385|UB2J1_HUMAN:sp|Q7Z7G8|VP13B_HUMAN:sp|Q9BZL4|PP12C_HUMAN:sp|Q6ZN16|M3K15_HUMAN:sp|Q6IS24|GLT17_HUMAN:sp|Q8TAQ2|SMRC2_HUMAN:sp|Q4G0M1|ERFE_HUMAN:sp|Q12809|KCNH2_HUMAN:sp|Q03721|KCNC4_HUMAN:sp|P12277|KCRB_HUMAN:sp|Q9H3S1|SEM4A_HUMAN:sp|P0CG41|CTGE8_HUMAN:sp|O14974|MYPT1_HUMAN:tr|A0A2R8YE69|A0A2R8YE69_HUMAN:sp|Q8IX29|FBX16_HUMAN:sp|Q8WVR3|TPC14_HUMAN:sp|Q9UL49|TCFL5_HUMAN:sp|O14795|UN13B_HUMAN:sp|Q86UF2|CTGE6_HUMAN:sp|Q92922|SMRC1_HUMAN:sp|Q5BLP8|CD048_HUMAN:sp|Q9Y6D9|MD1L1_HUMAN:sp|O75469|NR1I2_HUMAN:sp|Q9P2P6|STAR9_HUMAN:sp|Q8IVE0|CROL2_HUMAN:sp|Q15270|NKX11_HUMAN:sp|A4D2H0|CTGEF_HUMAN:sp|Q16621|NFE2_HUMAN:sp|Q15075|EEA1_HUMAN:sp|Q8WWZ4|ABCAA_HUMAN:sp|Q9Y5X5|NPFF2_HUMAN:sp|O60237|MYPT2_HUMAN:sp|Q5TZA2|CROCC_HUMAN:sp|A4FU28|CTGE9_HUMAN:sp|Q14147|DHX34_HUMAN:sp|Q9UJH8|METRN_HUMAN:sp|Q96L58|B3GT6_HUMAN:sp|Q9NQ50|RM40_HUMAN:sp|Q07352|TISB_HUMAN,DeepNovo
S(+42.01)RFRHAAGL,49.95,1055.5624,9,33.3,9,1.2,528.78912,2,30.0464,18.1464,0.32,11341,HFX193_IPP292_GEL_CRC_324_Odd.raw,5.85E6,4.08E7,3,3,3,3,"Acetylation (N-term)",,5 2 0 0 0 0 0 0 5,S(+42.01)RFRHAAGL,sp|Q5T013|HYI_HUMAN:sp|Q9H6Q4|CIAO3_HUMAN:sp|P06858|LIPL_HUMAN:sp|P51617|IRAK1_HUMAN:sp|Q13627|DYR1A_HUMAN:sp|B1AK53|ESPN_HUMAN:sp|Q8IZF5|AGRF3_HUMAN:sp|A0AVI4|TM129_HUMAN:sp|Q8N5H3|LRA25_HUMAN:sp|O94966|UBP19_HUMAN:sp|P53778|MK12_HUMAN:sp|P42695|CNDD3_HUMAN:sp|Q86YJ6|THNS2_HUMAN:sp|Q9UI17|M2GD_HUMAN:sp|Q9BY12|SCAPE_HUMAN:sp|Q9BWE0|REPI1_HUMAN:sp|Q9UHQ1|NARF_HUMAN:sp|Q13459|MYO9B_HUMAN:sp|Q05BV3|EMAL5_HUMAN:sp|Q1HG44|DOXA2_HUMAN:sp|A6NKD9|CC85C_HUMAN:sp|Q5IJ48|CRUM2_HUMAN:sp|Q96D09|GASP2_HUMAN:sp|Q8NB49|AT11C_HUMAN:sp|P51606|RENBP_HUMAN:sp|O43612|OREX_HUMAN:sp|P28702|RXRB_HUMAN,DeepNovo
S(+42.01)RGFRPTL,29.43,974.5297,8,50.0,8,4.1,488.27414,2,40.0179,-13.3821,0.10,15370,HFX193_IPP292_GEL_CRC_324_Odd.raw,2.27E7,1.32E8,2,2,2,2,"Acetylation (N-term)",,5 2 0 0 0 0 3 5,S(+42.01)RGFRPTL,,DeepNovo
S(+42.01)RGGPLKL,33.32,868.5130,8,50.0,8,0.6,435.26404,2,44.4467,-12.8533,0.55,17218,HFX193_IPP292_GEL_CRC_324_Even.raw,1.49E5,1.36E6,1,1,1,1,"Acetylation (N-term)",,0 0 0 0 5 5 10 5,S(+42.01)RGGPLKL,sp|P33897|ABCD1_HUMAN:sp|B0L3A2|DEAR_HUMAN:sp|Q8N1F8|S11IP_HUMAN:sp|Q96F45|ZN503_HUMAN:sp|P10243|MYBA_HUMAN:tr|A0A8Q3SIG1|A0A8Q3SIG1_HUMAN:sp|Q8IZX4|TAF1L_HUMAN:sp|O00321|ETV2_HUMAN:sp|Q5VUA4|ZN318_HUMAN:sp|Q9NP62|GCM1_HUMAN:sp|Q9UKN8|TF3C4_HUMAN:sp|Q53H12|AGK_HUMAN:sp|Q5SRN2|TSBP1_HUMAN:sp|Q5T953|IER5L_HUMAN:sp|Q8WZ42|TITIN_HUMAN:sp|Q96JC1|VPS39_HUMAN:sp|Q16891|MIC60_HUMAN:sp|P17342|ANPRC_HUMAN:sp|O15020|SPTN2_HUMAN:sp|O15417|TNC18_HUMAN:sp|P27658|CO8A1_HUMAN:sp|Q9Y2E6|DTX4_HUMAN:sp|Q9NQV8|PRDM8_HUMAN:sp|Q9NRC6|SPTN5_HUMAN:sp|Q8N196|SIX5_HUMAN:sp|P30876|RPB2_HUMAN:sp|P38935|SMBP2_HUMAN:sp|Q15040|JOS1_HUMAN:sp|Q16825|PTN21_HUMAN:sp|Q9Y6N5|SQOR_HUMAN:sp|Q13507|TRPC3_HUMAN:sp|P21675|TAF1_HUMAN:sp|Q13049|TRI32_HUMAN:sp|Q6ZR62|RTL4_HUMAN:sp|Q8NCC3|PAG15_HUMAN:sp|Q9UBN4|TRPC4_HUMAN:sp|Q96AX9|MIB2_HUMAN:sp|P10912|GHR_HUMAN:sp|P14921|ETS1_HUMAN:sp|Q8IVF2|AHNK2_HUMAN:sp|Q9HCX4|TRPC7_HUMAN:sp|Q13409|DC1I2_HUMAN:sp|Q8N3D4|EH1L1_HUMAN:sp|Q9Y2I1|NISCH_HUMAN:sp|P35711|SOX5_HUMAN:sp|Q86YC2|PALB2_HUMAN:sp|Q9Y238|DLEC1_HUMAN:sp|O94966|UBP19_HUMAN:sp|P02750|A2GL_HUMAN:sp|Q9UL62|TRPC5_HUMAN:sp|Q9Y421|FA32A_HUMAN:sp|Q8IYB8|SUV3_HUMAN:sp|Q9UGM3|DMBT1_HUMAN:sp|Q9Y618|NCOR2_HUMAN:sp|Q9P2P1|NYNRI_HUMAN:sp|C9JUS6|ADM5_HUMAN:sp|P20618|PSB1_HUMAN:sp|Q32M88|PGGHG_HUMAN:sp|Q9Y210|TRPC6_HUMAN:sp|P48995|TRPC1_HUMAN:sp|P28300|LYOX_HUMAN:sp|Q969F8|KISSR_HUMAN:sp|Q8IZC6|CORA1_HUMAN:sp|P15036|ETS2_HUMAN:sp|Q9HAB8|PPCS_HUMAN,DeepNovo
S(+42.01)RKSLTEL,27.14,974.5397,8,75.0,8,2.9,488.27850,2,37.9464,-3.3536,0.61,14554,HFX193_IPP292_GEL_CRC_324_Odd.raw,4.28E6,3.27E7,2,2,2,2,"Acetylation (N-term)",,2 2 0 0 13 14 14 5,S(+42.01)RKSLTEL,,DeepNovo
S(+42.01)RLDHLKL,29.77,1022.5873,8,62.5,8,1.4,341.87018,3,37.4265,-17.6735,0.52,14341,HFX193_IPP292_GEL_CRC_324_Odd.raw,1.12E6,7.32E6,1,1,1,1,"Acetylation (N-term)",,2 0 0 0 9 5 5 5,S(+42.01)RLDHLKL,sp|Q86UQ4|ABCAD_HUMAN:sp|P0CW23|AKAI1_HUMAN:sp|Q96DC9|OTUB2_HUMAN:sp|Q5VT97|SYDE2_HUMAN:sp|Q6ZU69|S31F1_HUMAN:sp|P36406|TRI23_HUMAN:sp|Q96K83|ZN521_HUMAN:sp|P51553|IDH3G_HUMAN:sp|Q9BX26|SYCP2_HUMAN:sp|Q8WXH0|SYNE2_HUMAN:sp|Q8IWC1|MA7D3_HUMAN:sp|Q15772|SPEG_HUMAN:sp|Q4KMG0|CDON_HUMAN:sp|P0C2W7|CT47B_HUMAN:sp|O43246|CTR4_HUMAN:sp|Q86VH2|KIF27_HUMAN:sp|Q8N587|ZN561_HUMAN:sp|O43164|PJA2_HUMAN:sp|P50897|PPT1_HUMAN:sp|Q9Y493|ZAN_HUMAN:sp|Q9NZD8|SPG21_HUMAN:sp|Q9NQG6|MID51_HUMAN:sp|Q14697|GANAB_HUMAN:sp|Q2M1K9|ZN423_HUMAN:sp|Q6ZWH5|NEK10_HUMAN:sp|Q9UJ98|STAG3_HUMAN:sp|Q9H3R0|KDM4C_HUMAN:sp|Q86VS3|IQCH_HUMAN:sp|O75487|GPC4_HUMAN:sp|Q86YS6|RAB43_HUMAN:sp|Q9BSE4|HERP2_HUMAN:sp|O60674|JAK2_HUMAN:sp|Q68DK2|ZFY26_HUMAN:sp|Q8IVT5|KSR1_HUMAN:sp|Q9NYF8|BCLF1_HUMAN,DeepNovo
S(+42.01)RLDRAETL,51.15,1101.5778,9,44.4,9,1.9,551.79724,2,34.9854,-7.7146,0.69,13343,HFX193_IPP292_GEL_CRC_324_Even.raw,3.11E6,2.1E7,1,1,1,1,"Acetylation (N-term)",,5 3 1 1 1 1 1 2 2,S(+42.01)RLDRAETL,sp|P09493|TPM1_HUMAN:sp|Q9Y4F9|RIPR2_HUMAN:sp|H3BS89|T178B_HUMAN:sp|Q9Y5I1|PCDAB_HUMAN:sp|Q92817|EVPL_HUMAN:sp|Q13574|DGKZ_HUMAN:sp|Q16820|MEP1B_HUMAN:sp|P39060|COIA1_HUMAN:sp|Q6V1P9|PCD23_HUMAN:sp|Q9UN72|PCDA7_HUMAN:sp|Q5VY43|PEAR1_HUMAN:sp|P02549|SPTA1_HUMAN:sp|Q8NAT1|PMGT2_HUMAN:sp|Q96R06|SPAG5_HUMAN:sp|P48544|KCNJ5_HUMAN:sp|Q9Y5H8|PCDA3_HUMAN:sp|Q6XZF7|DNMBP_HUMAN:sp|P48549|KCNJ3_HUMAN:sp|Q16533|SNPC1_HUMAN:sp|Q9Y5H6|PCDA8_HUMAN:sp|Q5VWK5|IL23R_HUMAN:sp|Q96G30|MRAP2_HUMAN:sp|Q9NUP1|BL1S4_HUMAN:sp|Q8N7W2|BEND7_HUMAN:sp|P48051|KCNJ6_HUMAN:sp|P31327|CPSM_HUMAN:sp|Q15334|L2GL1_HUMAN:sp|P14621|ACYP2_HUMAN:sp|Q9Y5I2|PCDAA_HUMAN:sp|Q9UN73|PCDA6_HUMAN:sp|P78508|KCJ10_HUMAN:sp|Q92896|GSLG1_HUMAN:sp|Q8IYS0|ASTRC_HUMAN:sp|Q14654|KCJ11_HUMAN:sp|Q9Y613|FHOD1_HUMAN:sp|P78396|CCNA1_HUMAN:sp|Q9Y5H7|PCDA5_HUMAN:sp|Q9Y5I0|PCDAD_HUMAN:sp|Q9UN74|PCDA4_HUMAN:sp|P98171|RHG04_HUMAN:sp|Q8NF91|SYNE1_HUMAN:sp|O75351|VPS4B_HUMAN:sp|Q9Y6W3|CAN7_HUMAN:sp|Q92575|UBXN4_HUMAN:sp|Q9Y5I3|PCDA1_HUMAN:sp|Q96LB3|IFT74_HUMAN:sp|Q96PV0|SYGP1_HUMAN:sp|O75631|UPK3A_HUMAN:sp|P07951|TPM2_HUMAN:sp|Q9Y2G5|OFUT2_HUMAN:sp|Q6P2C8|MED27_HUMAN:sp|Q9UN37|VPS4A_HUMAN:sp|Q9Y5H5|PCDA9_HUMAN:sp|Q8NEM7|SP20H_HUMAN:sp|A1KZ92|PXDNL_HUMAN:sp|Q9Y618|NCOR2_HUMAN:sp|Q9UI17|M2GD_HUMAN:sp|O60303|KATIP_HUMAN:sp|Q96Q05|TPPC9_HUMAN:sp|P06753|TPM3_HUMAN:sp|Q3ZLR7|SP201_HUMAN:sp|Q99712|KCJ15_HUMAN:sp|A6PVC2|TTLL8_HUMAN:sp|Q9Y5H9|PCDA2_HUMAN:sp|Q15842|KCNJ8_HUMAN:sp|Q9UN75|PCDAC_HUMAN:sp|Q9UN71|PCDGG_HUMAN:sp|O60477|BRNP1_HUMAN:sp|Q7L1T6|NB5R4_HUMAN:sp|Q5T4S7|UBR4_HUMAN:sp|Q04637|IF4G1_HUMAN:sp|Q8NCM8|DYHC2_HUMAN:sp|O14981|BTAF1_HUMAN,DeepNovo
S(+42.01)RLERAGERL,29.46,1227.6683,10,60.0,10,0.8,410.23038,3,29.4296,5.5297,0.33,11105,HFX193_IPP292_GEL_CRC_324_Odd.raw,2.52E5,2.79E6,1,1,1,1,"Acetylation (N-term)",,5 9 5 0 3 0 0 1 3 5,S(+42.01)RLERAGERL,sp|Q96T92|INSM2_HUMAN:sp|P61160|ARP2_HUMAN:sp|Q2M243|CCD27_HUMAN:sp|Q6ZS30|NBEL1_HUMAN:sp|A8MUN3|YQ048_HUMAN:sp|Q92997|DVL3_HUMAN:sp|Q8IYA6|CKP2L_HUMAN:sp|Q86T65|DAAM2_HUMAN:sp|P12270|TPR_HUMAN:sp|Q05D32|CTSL2_HUMAN:sp|Q9H7P9|PKHG2_HUMAN:sp|Q9Y252|RNF6_HUMAN:sp|O15111|IKKA_HUMAN:sp|O14641|DVL2_HUMAN:sp|A6NE01|F186A_HUMAN:sp|Q8N2C9|UMAS1_HUMAN:sp|O95613|PCNT_HUMAN:sp|O14653|GOSR2_HUMAN:sp|Q8IZ83|A16A1_HUMAN:sp|O94964|SOGA1_HUMAN:sp|O60299|LZTS3_HUMAN:sp|A2RTX5|SYTC2_HUMAN:sp|Q70EL4|UBP43_HUMAN:sp|Q9P2F8|SI1L2_HUMAN:sp|Q96T58|MINT_HUMAN:sp|Q8TF76|HASP_HUMAN:sp|Q6ZU35|CRACD_HUMAN:sp|Q8NFR9|I17RE_HUMAN:sp|O95402|MED26_HUMAN:sp|Q6P5X7|TMM71_HUMAN:sp|Q92736|RYR2_HUMAN:sp|Q2TAP0|GOG7B_HUMAN,DeepNovo
S(+42.01)RLERGAERL,36.08,1227.6683,10,70.0,10,1.4,410.23065,3,29.2111,7.0111,0.34,10996,HFX193_IPP292_GEL_CRC_324_Even.raw,1.61E7,8.32E7,2,2,2,2,"Acetylation (N-term)",,5 9 6 3 4 0 0 1 3 5,S(+42.01)RLERGAERL,sp|Q96T92|INSM2_HUMAN:sp|P61160|ARP2_HUMAN:sp|Q2M243|CCD27_HUMAN:sp|Q6ZS30|NBEL1_HUMAN:sp|A8MUN3|YQ048_HUMAN:sp|Q92997|DVL3_HUMAN:sp|Q8IYA6|CKP2L_HUMAN:sp|Q86T65|DAAM2_HUMAN:sp|P12270|TPR_HUMAN:sp|Q05D32|CTSL2_HUMAN:sp|Q9H7P9|PKHG2_HUMAN:sp|Q9Y252|RNF6_HUMAN:sp|O15111|IKKA_HUMAN:sp|O14641|DVL2_HUMAN:sp|A6NE01|F186A_HUMAN:sp|Q8N2C9|UMAS1_HUMAN:sp|O95613|PCNT_HUMAN:sp|O14653|GOSR2_HUMAN:sp|Q8IZ83|A16A1_HUMAN:sp|O94964|SOGA1_HUMAN:sp|O60299|LZTS3_HUMAN:sp|A2RTX5|SYTC2_HUMAN:sp|Q70EL4|UBP43_HUMAN:sp|Q9P2F8|SI1L2_HUMAN:sp|Q96T58|MINT_HUMAN:sp|Q8TF76|HASP_HUMAN:sp|Q6ZU35|CRACD_HUMAN:sp|Q8NFR9|I17RE_HUMAN:sp|O95402|MED26_HUMAN:sp|Q6P5X7|TMM71_HUMAN:sp|Q92736|RYR2_HUMAN:sp|Q2TAP0|GOG7B_HUMAN,DeepNovo
S(+42.01)RLKERPAL,34.51,1110.6509,9,77.8,9,1.2,371.22470,3,30.5460,11.0460,0.60,11542,HFX193_IPP292_GEL_CRC_324_Even.raw,1.27E6,9.35E6,2,2,2,2,"Acetylation (N-term)",,0 0 4 5 13 5 9 9 5,S(+42.01)RLKERPAL,sp|Q8TAL5|CI043_HUMAN:sp|O43294|TGFI1_HUMAN:sp|Q9P281|BAHC1_HUMAN:sp|Q9BZL4|PP12C_HUMAN:sp|Q53SF7|COBL1_HUMAN:sp|Q711Q0|CEFIP_HUMAN:sp|Q8NEZ4|KMT2C_HUMAN:sp|Q96MU8|KREM1_HUMAN:sp|Q86TB9|PATL1_HUMAN:sp|Q13163|MP2K5_HUMAN:sp|C9J202|AG1L2_HUMAN:sp|A8MW92|P20L1_HUMAN:sp|Q9Y3T6|R3HC1_HUMAN:sp|Q9UL63|MKLN1_HUMAN:sp|Q9Y6J0|CABIN_HUMAN:sp|Q9NZQ8|TRPM5_HUMAN:sp|Q9BSJ2|GCP2_HUMAN:sp|Q9BT22|ALG1_HUMAN:sp|Q9BTC0|DIDO1_HUMAN:sp|Q9NZK5|ADA2_HUMAN:sp|Q75NE6|MIRH1_HUMAN:sp|Q6AW86|Z324B_HUMAN:sp|O75467|Z324A_HUMAN:sp|P08173|ACM4_HUMAN:sp|A6NMB9|FIGL2_HUMAN:sp|Q86YV5|PRAG1_HUMAN:sp|P55082|MFAP3_HUMAN:sp|Q9BQM9|CT144_HUMAN:sp|Q96ME1|FXL18_HUMAN:sp|Q8N5S9|KKCC1_HUMAN:sp|Q9NYF0|DACT1_HUMAN:sp|Q96M86|DNHD1_HUMAN:sp|Q6ZUB1|S31E1_HUMAN:sp|Q9UGI9|AAKG3_HUMAN:sp|Q86VM9|ZCH18_HUMAN,DeepNovo
S(+42.01)RLKLGRSL,25.79,1070.6560,9,66.7,9,0.3,357.89270,3,34.7909,-4.0091,0.64,13289,HFX193_IPP292_GEL_CRC_324_Odd.raw,,,2,2,0,0,"Acetylation (N-term)",,4 0 2 2 10 0 0 8 5,S(+42.01)RLKLGRSL,,DeepNovo
S(+42.01)RLKLRGSL,40.31,1070.6560,9,22.2,9,0.2,536.33539,2,34.3227,-0.2773,0.43,13081,HFX193_IPP292_GEL_CRC_324_Odd.raw,1.66E8,9.73E8,4,4,4,4,"Acetylation (N-term)",,5 2 1 0 0 0 0 0 0,S(+42.01)RLKLRGSL,sp|Q6IV72|ZN425_HUMAN:sp|O94929|ABLM3_HUMAN:sp|Q8N283|ANR35_HUMAN:sp|Q9P2F6|RHG20_HUMAN:sp|Q9H7Z7|PGES2_HUMAN:sp|P32926|DSG3_HUMAN:sp|Q8NBP0|TTC13_HUMAN:sp|Q6ZN16|M3K15_HUMAN:sp|Q8ND23|CARL3_HUMAN:sp|Q96S06|LMF1_HUMAN:sp|P04275|VWF_HUMAN:sp|Q9Y4L1|HYOU1_HUMAN:sp|P17568|NDUB7_HUMAN:sp|P16401|H15_HUMAN:sp|P54922|ADPRH_HUMAN:sp|O75843|AP1G2_HUMAN:sp|Q6F5E8|CARL2_HUMAN:sp|Q9P1Z9|CC180_HUMAN:sp|Q9Y2P5|S27A5_HUMAN:sp|B1AL88|NALF1_HUMAN:sp|P22492|H1T_HUMAN:sp|Q9NXL9|MCM9_HUMAN:sp|Q5T5X7|BEND3_HUMAN:sp|Q96QP1|ALPK1_HUMAN:sp|Q9Y2K7|KDM2A_HUMAN:sp|P04637|P53_HUMAN:sp|Q86UQ5|GTSC1_HUMAN:sp|Q9NUT2|MITOS_HUMAN:sp|P24588|AKAP5_HUMAN:sp|O15265|ATX7_HUMAN:sp|Q9BZF1|OSBL8_HUMAN:sp|P19878|NCF2_HUMAN:sp|Q9Y6X5|ENPP4_HUMAN:sp|Q7RTX0|TS1R3_HUMAN:sp|Q5TCY1|TTBK1_HUMAN:sp|P26196|DDX6_HUMAN:sp|P35498|SCN1A_HUMAN:sp|Q99743|NPAS2_HUMAN:sp|Q8WUY3|PRUN2_HUMAN:sp|Q8N808|S35G3_HUMAN:sp|Q02388|CO7A1_HUMAN:sp|Q8NDA2|HMCN2_HUMAN:sp|O75603|GCM2_HUMAN:sp|Q08462|ADCY2_HUMAN:sp|Q99595|TI17A_HUMAN:sp|Q9Y5H2|PCDGB_HUMAN:sp|P0C221|CC175_HUMAN:sp|Q96P20|NLRP3_HUMAN:sp|Q6P1K1|HRG1_HUMAN:sp|O60673|REV3L_HUMAN:sp|O15146|MUSK_HUMAN:sp|Q5XG87|PAPD7_HUMAN:sp|Q9Y618|NCOR2_HUMAN:sp|O75469|NR1I2_HUMAN:sp|P59534|T2R39_HUMAN:sp|Q96PT4|DUX3_HUMAN:sp|Q8TAP8|PPR35_HUMAN:sp|Q8N5Q1|GAR5B_HUMAN:sp|Q9H6E5|STPAP_HUMAN:sp|O60869|EDF1_HUMAN:sp|Q13084|RM28_HUMAN:sp|Q9H0X9|OSBL5_HUMAN:sp|O75334|LIPA2_HUMAN:sp|P16402|H13_HUMAN:sp|Q15858|SCN9A_HUMAN:sp|P23942|PRPH2_HUMAN:sp|P11047|LAMC1_HUMAN:sp|Q7RTS9|DYM_HUMAN:sp|Q8TAQ5|ZN420_HUMAN:sp|P12956|XRCC6_HUMAN:sp|Q9Y2I7|FYV1_HUMAN:sp|Q8N490|PNKD_HUMAN:sp|Q13002|GRIK2_HUMAN:sp|Q9Y4D1|DAAM1_HUMAN:sp|Q9NV70|EXOC1_HUMAN:sp|P08246|ELNE_HUMAN:sp|P29144|TPP2_HUMAN:sp|Q8IWI9|MGAP_HUMAN:sp|Q76N89|HECW1_HUMAN:sp|Q68DK2|ZFY26_HUMAN:sp|Q9NYQ8|FAT2_HUMAN:sp|P81133|SIM1_HUMAN:sp|Q9H6R7|WDCP_HUMAN:sp|Q5SZK8|FREM2_HUMAN:sp|Q8N5M4|TTC9C_HUMAN:sp|Q9P2K9|DISP3_HUMAN:sp|O43812|DUX1_HUMAN:sp|Q13003|GRIK3_HUMAN:sp|Q03519|TAP2_HUMAN:sp|Q02539|H11_HUMAN:sp|Q9HCX4|TRPC7_HUMAN:sp|Q9BRU9|UTP23_HUMAN:sp|Q9UHJ3|SMBT1_HUMAN:sp|P07359|GP1BA_HUMAN:sp|Q9NYT0|PLEK2_HUMAN:sp|P56279|TCL1A_HUMAN:sp|Q16739|CEGT_HUMAN:sp|P0C7Q5|S35G4_HUMAN:sp|Q5HYC2|K2026_HUMAN:sp|Q96AP7|ESAM_HUMAN:sp|Q9BSH5|HDHD3_HUMAN:sp|P08237|PFKAM_HUMAN:sp|Q96AY4|TTC28_HUMAN:sp|Q9UHB4|NDOR1_HUMAN:sp|Q969H4|CNKR1_HUMAN:sp|P0CJ88|DU4L5_HUMAN:sp|Q9Y210|TRPC6_HUMAN:sp|Q6ZTC4|YT009_HUMAN:sp|Q92968|PEX13_HUMAN:sp|O75161|NPHP4_HUMAN:sp|Q5T5U3|RHG21_HUMAN:sp|P0CJ85|DU4L2_HUMAN:sp|Q68DK7|MSL1_HUMAN:sp|Q96PZ7|CSMD1_HUMAN:sp|Q9ULH7|MRTFB_HUMAN:sp|Q8NCM8|DYHC2_HUMAN:sp|Q8TD10|MIPO1_HUMAN:sp|P07949|RET_HUMAN:sp|Q9UJJ9|GNPTG_HUMAN:sp|Q96LX7|CCD17_HUMAN,DeepNovo
S(+42.01)RLLSGGASN(+0.98)A,52.91,1074.5305,11,63.6,11,1.8,538.27350,2,36.7911,-5.5089,0.52,14082,HFX193_IPP292_GEL_CRC_324_Even.raw,5.36E5,4.32E6,1,1,1,1,"Acetylation (N-term);Deamidation (NQ)",,0 0 4 18 17 1 1 44 14 11 5,S(+42.01)RLLSGGASN(+0.98)A,sp|A0A1B0GTI1|CC201_HUMAN:sp|Q9H987|SYP2L_HUMAN:sp|Q14683|SMC1A_HUMAN:sp|Q9Y2K9|STB5L_HUMAN:sp|P25490|TYY1_HUMAN:sp|Q9BZD2|S29A3_HUMAN:sp|O60488|ACSL4_HUMAN:sp|P0CAP1|MYZAP_HUMAN:sp|Q2M385|MPEG1_HUMAN:sp|Q8N158|GPC2_HUMAN:sp|Q13796|SHRM2_HUMAN:sp|Q86X59|CQ082_HUMAN:sp|O95347|SMC2_HUMAN:sp|P41225|SOX3_HUMAN:sp|O14901|KLF11_HUMAN:sp|Q9ULP0|NDRG4_HUMAN:sp|Q07889|SOS1_HUMAN:sp|Q8NC54|KCT2_HUMAN:sp|Q8N427|TXND3_HUMAN:sp|P56915|GSC_HUMAN:sp|Q6PD74|AAGAB_HUMAN:sp|Q12906|ILF3_HUMAN:sp|P17655|CAN2_HUMAN:sp|Q13936|CAC1C_HUMAN:sp|P22897|MRC1_HUMAN:sp|Q92858|ATOH1_HUMAN:sp|Q5VYY2|LIPM_HUMAN:sp|P19532|TFE3_HUMAN:sp|O15211|RGL2_HUMAN:sp|O75151|PHF2_HUMAN:sp|Q96RD9|FCRL5_HUMAN:sp|O95155|UBE4B_HUMAN:sp|Q9UBP0|SPAST_HUMAN:sp|Q9H6X5|CS044_HUMAN:sp|Q6ZT12|UBR3_HUMAN:sp|A6NKD9|CC85C_HUMAN:sp|Q8TF72|SHRM3_HUMAN:sp|Q15005|SPCS2_HUMAN:sp|Q9H0E7|UBP44_HUMAN:sp|P53539|FOSB_HUMAN:sp|Q14541|HNF4G_HUMAN:sp|P11142|HSP7C_HUMAN:sp|Q9Y2Q0|AT8A1_HUMAN:sp|O15523|DDX3Y_HUMAN:sp|Q8NE62|CHDH_HUMAN:sp|O15062|ZBTB5_HUMAN:sp|Q9GZL7|WDR12_HUMAN:sp|Q7RTS6|OTOP2_HUMAN:sp|Q9UQ16|DYN3_HUMAN:sp|O95271|TNKS1_HUMAN:sp|Q15468|STIL_HUMAN:sp|Q15772|SPEG_HUMAN:sp|P47974|TISD_HUMAN:sp|Q7Z2K6|ERMP1_HUMAN:sp|Q12816|TROP_HUMAN:sp|Q9UH99|SUN2_HUMAN:sp|P35368|ADA1B_HUMAN:sp|O94966|UBP19_HUMAN:sp|P53992|SC24C_HUMAN:DNAH12_DEL_T-p.G93Dfs*7_::chr3:57523086-57524086_frame=2:sp|Q14576|ELAV3_HUMAN:sp|Q6AWC2|WWC2_HUMAN:sp|O15018|PDZD2_HUMAN:sp|Q9Y6Y8|S23IP_HUMAN:sp|Q15750|TAB1_HUMAN:sp|Q9BX69|CARD6_HUMAN:sp|Q8NDZ0|BEND2_HUMAN:sp|P22004|BMP6_HUMAN:sp|P43694|GATA4_HUMAN:sp|Q5VST9|OBSCN_HUMAN:sp|Q2LD37|BLTP1_HUMAN:sp|Q05193|DYN1_HUMAN:sp|Q9NYV4|CDK12_HUMAN:sp|P22061|PIMT_HUMAN:sp|P48634|PRC2A_HUMAN:sp|Q9Y3Q4|HCN4_HUMAN:sp|Q6Y2X3|DJC14_HUMAN:sp|P50570|DYN2_HUMAN:sp|Q92908|GATA6_HUMAN:sp|O43374|RASL2_HUMAN:sp|Q13303|KCAB2_HUMAN:sp|A1A5D9|BICL2_HUMAN:sp|C9J798|RAS4B_HUMAN:sp|Q9BXJ0|C1QT5_HUMAN:sp|Q9UM47|NOTC3_HUMAN:sp|Q96K80|ZC3HA_HUMAN,DeepNovo
S(+42.01)RLSRETAL,39.59,1073.5829,9,33.3,9,0.9,537.79919,2,33.7984,-1.9016,0.68,12876,HFX193_IPP292_GEL_CRC_324_Even.raw,7.48E6,4.55E7,2,2,2,2,"Acetylation (N-term)",,5 3 1 0 0 0 0 1 2,S(+42.01)RLSRETAL,,DeepNovo
S(+42.01)RLTRLGGHL,36.77,1150.6571,10,50.0,10,0.5,384.55981,3,34.2197,-6.9803,0.02,13059,HFX193_IPP292_GEL_CRC_324_Odd.raw,5.28E5,5.99E6,1,1,1,1,"Acetylation (N-term)",,5 4 2 0 1 0 0 0 38 5,S(+42.01)RLTRLGGHL,,DeepNovo
S(+42.01)RLYVSEKGTVAGGAAN(+0.98)E,108.89,1850.9010,18,77.8,18,-0.8,926.45703,2,52.2746,5.3746,0.18,20265,HFX193_IPP292_GEL_CRC_324_Odd.raw,1.16E7,6.09E7,8,8,3,3,"Acetylation (N-term);Deamidation (NQ)",,4 4 20 42 42 10 10 3 4 6 12 0 0 0 0 7 19 5,S(+42.01)RLYVSEKGTVAGGAAN(+0.98)E,sp|Q6ZPD9|D19L3_HUMAN:MARCKS_DEL_A-p.K155Rfs*12_::chr6:113859534-113860534_frame=1:sp|O14654|IRS4_HUMAN:sp|O60502|OGA_HUMAN:sp|Q5MNZ6|WIPI3_HUMAN:sp|Q86U17|SPA11_HUMAN:sp|Q08AE8|SPIR1_HUMAN:sp|O60861|GAS7_HUMAN:sp|P03999|OPSB_HUMAN:sp|Q96L73|NSD1_HUMAN:sp|P0C7V6|SP202_HUMAN:sp|O14662|STX16_HUMAN:sp|Q9H0J9|PAR12_HUMAN:sp|Q562E7|WDR81_HUMAN:sp|P49748|ACADV_HUMAN:sp|P27708|PYR1_HUMAN:sp|Q9BS26|ERP44_HUMAN:sp|P05107|ITB2_HUMAN:sp|P17535|JUND_HUMAN:sp|Q6N043|Z280D_HUMAN:sp|Q01101|INSM1_HUMAN:sp|Q86Y26|NUTM1_HUMAN:sp|Q6STE5|SMRD3_HUMAN:sp|Q8IX07|FOG1_HUMAN:sp|Q9H330|TM245_HUMAN:sp|Q6ZVK1|T179A_HUMAN:sp|Q96L91|EP400_HUMAN:sp|A4FU69|EFCB5_HUMAN:sp|P25787|PSA2_HUMAN:sp|Q8NFR9|I17RE_HUMAN:sp|O15265|ATX7_HUMAN:sp|Q9NYC9|DYH9_HUMAN:sp|Q96C90|PP14B_HUMAN:sp|Q9P0K7|RAI14_HUMAN:sp|Q8TBB1|LNX1_HUMAN:sp|Q6XLA1|CSC2A_HUMAN:sp|Q9Y2H0|DLGP4_HUMAN:sp|Q9NUW8|TYDP1_HUMAN:sp|Q5JTD7|LRC73_HUMAN:sp|O95163|ELP1_HUMAN:sp|Q9UNW9|NOVA2_HUMAN:sp|Q5XKP0|MIC13_HUMAN:sp|Q8WUY3|PRUN2_HUMAN:sp|P41091|IF2G_HUMAN:sp|Q14DG7|T132B_HUMAN:sp|O60333|KIF1B_HUMAN:sp|Q04446|GLGB_HUMAN:sp|Q7L590|MCM10_HUMAN:sp|A6NLJ0|C2C4B_HUMAN:sp|Q8NBM8|PCYXL_HUMAN:sp|Q96EP9|NTCP4_HUMAN:sp|P05023|AT1A1_HUMAN:sp|Q99439|CNN2_HUMAN:sp|Q13733|AT1A4_HUMAN:sp|O43525|KCNQ3_HUMAN:sp|Q8N9B5|JMY_HUMAN:sp|Q8IUG5|MY18B_HUMAN:sp|Q8NHV4|NEDD1_HUMAN:sp|Q14517|FAT1_HUMAN:sp|P25067|CO8A2_HUMAN:sp|Q96MI9|CBPC4_HUMAN:sp|Q8IVL1|NAV2_HUMAN:sp|Q9H461|FZD8_HUMAN:sp|Q6JQN1|ACD10_HUMAN:sp|Q86UR5|RIMS1_HUMAN:sp|Q9NZN1|IRPL1_HUMAN:sp|Q96PX6|CC85A_HUMAN:sp|Q8TEK3|DOT1L_HUMAN:sp|Q8WZA9|IRGQ_HUMAN:sp|Q6ZTU2|E400N_HUMAN:sp|Q9UJV8|PURG_HUMAN:sp|P39060|COIA1_HUMAN:sp|O14841|OPLA_HUMAN:sp|Q86WN1|FCSD1_HUMAN:sp|Q9Y221|NIP7_HUMAN:sp|P35555|FBN1_HUMAN:sp|Q86VN1|VPS36_HUMAN:sp|Q8WZ42|TITIN_HUMAN:sp|P27635|RL10_HUMAN:sp|Q9UPG8|PLAL2_HUMAN:sp|P0CJ78|ZN865_HUMAN:sp|Q8NFC6|BD1L1_HUMAN:sp|Q9Y328|NSG2_HUMAN:sp|Q99952|PTN18_HUMAN:sp|Q5GH72|XKR7_HUMAN:sp|O75417|DPOLQ_HUMAN:sp|Q06945|SOX4_HUMAN:sp|Q9P217|ZSWM5_HUMAN:sp|P15259|PGAM2_HUMAN:sp|Q6ZT52|FA43B_HUMAN:sp|Q8IWI9|MGAP_HUMAN:sp|Q8N3F8|MILK1_HUMAN:sp|Q3SY69|AL1L2_HUMAN:sp|P55347|PKNX1_HUMAN:sp|Q8IYT1|GAR4_HUMAN:sp|Q8NCV1|ADAD2_HUMAN:sp|Q6WRX3|ZY11A_HUMAN:sp|Q6E0U4|DMKN_HUMAN:sp|O15061|SYNEM_HUMAN:sp|Q9BZC7|ABCA2_HUMAN:sp|Q6ZRP7|QSOX2_HUMAN:sp|Q8TBK2|SETD6_HUMAN:sp|Q12756|KIF1A_HUMAN:sp|Q2M296|MTHSD_HUMAN:sp|Q9H0F6|SHRPN_HUMAN:sp|Q9BXN2|CLC7A_HUMAN:sp|Q86XP1|DGKH_HUMAN:sp|Q8IWD5|MFS6L_HUMAN:sp|Q2VIR3|IF2GL_HUMAN:sp|Q5TH69|BIG3_HUMAN:sp|Q5MNZ9|WIPI1_HUMAN:sp|P54802|ANAG_HUMAN:sp|Q9C0B9|ZCHC2_HUMAN:sp|O94762|RECQ5_HUMAN:sp|Q8WXX5|DNJC9_HUMAN:sp|Q8NCM8|DYHC2_HUMAN:sp|Q92736|RYR2_HUMAN:sp|P28074|PSB5_HUMAN:sp|Q9Y4P8|WIPI2_HUMAN:sp|P13611|CSPG2_HUMAN,DeepNovo
S(+42.01)RSGHFSTL,41.18,1032.4989,9,55.6,9,1.8,517.25763,2,38.3592,1.2592,0.78,14728,HFX193_IPP292_GEL_CRC_324_Odd.raw,4.78E5,4.49E6,1,1,1,1,"Acetylation (N-term)",,1 0 0 0 2 15 15 3 3,S(+42.01)RSGHFSTL,,DeepNovo
S(+42.01)RSLHDAL,44.09,939.4774,8,75.0,8,2.1,470.74695,2,33.5914,0.6914,0.27,12775,HFX193_IPP292_GEL_CRC_324_Even.raw,3.8E6,2.71E7,3,3,3,3,"Acetylation (N-term)",,2 0 0 2 10 25 36 5,S(+42.01)RSLHDAL,sp|Q9BQI6|SLF1_HUMAN:sp|P51679|CCR4_HUMAN:sp|O75027|ABCB7_HUMAN:sp|Q9UKF2|ADA30_HUMAN:sp|P46939|UTRN_HUMAN:sp|P50991|TCPD_HUMAN:sp|Q9NUP7|TRM13_HUMAN:sp|O00429|DNM1L_HUMAN:sp|Q96HA7|TONSL_HUMAN:sp|Q9UKV8|AGO2_HUMAN:sp|P43353|AL3B1_HUMAN:sp|P23468|PTPRD_HUMAN:sp|P07954|FUMH_HUMAN:sp|Q15262|PTPRK_HUMAN:sp|P17987|TCPA_HUMAN:sp|P23470|PTPRG_HUMAN:sp|P78371|TCPB_HUMAN:sp|Q9NP58|ABCB6_HUMAN:sp|Q9H9T3|ELP3_HUMAN:sp|Q8IV76|PASD1_HUMAN:sp|P35916|VGFR3_HUMAN:sp|Q92729|PTPRU_HUMAN:sp|Q9BW92|SYTM_HUMAN:sp|Q96DT5|DYH11_HUMAN:sp|P28827|PTPRM_HUMAN:sp|P48643|TCPE_HUMAN:sp|Q6DKK2|TTC19_HUMAN:sp|Q99832|TCPH_HUMAN:sp|Q86YT6|MIB1_HUMAN:sp|Q9UJF2|NGAP_HUMAN:sp|P17931|LEG3_HUMAN:sp|Q6P597|KLC3_HUMAN,DeepNovo
S(+42.01)RSN(+0.98)VTFRPL,54.26,1218.6356,10,60.0,10,2.3,610.32654,2,69.4940,1.3940,0.51,27175,HFX193_IPP292_GEL_CRC_324_Even.raw,1.6E5,1.05E6,1,1,1,1,"Acetylation (N-term);Deamidation (NQ)",,0 0 14 14 24 26 1 1 3 5,S(+42.01)RSN(+0.98)VTFRPL,sp|Q9HAB3|S52A2_HUMAN:sp|Q9BZH6|WDR11_HUMAN:sp|P04435|TVB79_HUMAN:sp|Q9NWF4|S52A1_HUMAN:sp|Q9HBK9|AS3MT_HUMAN:sp|Q15269|PWP2_HUMAN:sp|Q9H799|CPLN1_HUMAN:sp|Q9Y4C0|NRX3A_HUMAN:sp|O75900|MMP23_HUMAN:sp|P23229|ITA6_HUMAN:sp|Q13410|BT1A1_HUMAN:sp|Q9H583|HEAT1_HUMAN:sp|Q9UKZ4|TEN1_HUMAN:sp|Q96M63|ODAD1_HUMAN:sp|Q9NS93|TM7S3_HUMAN:sp|O15066|KIF3B_HUMAN:sp|P05107|ITB2_HUMAN:sp|Q01959|SC6A3_HUMAN,DeepNovo
S(+42.01)RTVSL,21.93,703.3865,6,66.7,6,0.8,352.70078,2,36.4806,-6.9194,0.85,13964,HFX193_IPP292_GEL_CRC_324_Even.raw,2.47E5,1.7E6,1,1,1,1,"Acetylation (N-term)",,0 0 4 7 25 5,S(+42.01)RTVSL,sp|O75037|KI21B_HUMAN,DB Search
S(+42.01)RVEHLLK,33.02,1022.5873,8,25.0,8,0.5,341.86987,3,33.1884,3.7884,0.48,12630,HFX193_IPP292_GEL_CRC_324_Odd.raw,6.25E5,3.89E6,1,1,1,1,"Acetylation (N-term)",,1 0 1 1 3 3 1 1,S(+42.01)RVEHLLK,sp|P22310|UD14_HUMAN:sp|Q6XYQ8|SYT10_HUMAN:sp|Q8IX15|HOMEZ_HUMAN:sp|Q3MJ40|C144B_HUMAN:sp|Q3B8N5|PROX2_HUMAN:sp|Q9H0P0|5NT3A_HUMAN:sp|O96001|PPR17_HUMAN:sp|O00560|SDCB1_HUMAN:sp|O43422|P52K_HUMAN:sp|Q9P209|CEP72_HUMAN:sp|O75083|WDR1_HUMAN:sp|A6NHR9|SMHD1_HUMAN:sp|O75969|AKAP3_HUMAN:sp|P28329|CLAT_HUMAN:sp|Q8TDW4|ST7L_HUMAN:sp|Q9BTC0|DIDO1_HUMAN:sp|Q8TBF2|PXL2B_HUMAN:sp|Q9BXI6|TB10A_HUMAN:sp|Q8IY82|DRC7_HUMAN:sp|Q5W0V3|FHI2A_HUMAN:sp|Q9BY12|SCAPE_HUMAN:sp|Q00013|EM55_HUMAN:sp|Q8IZM8|ZN654_HUMAN:sp|Q9H5I5|PIEZ2_HUMAN:sp|Q8NBA8|DTWD2_HUMAN:sp|Q96L91|EP400_HUMAN:sp|Q9BYX4|IFIH1_HUMAN:sp|P78325|ADAM8_HUMAN:sp|Q9UPN4|CP131_HUMAN:sp|Q6NXP2|GAR1A_HUMAN:sp|Q96H20|SNF8_HUMAN:sp|Q9BX82|ZN471_HUMAN:sp|Q86UA1|PRP39_HUMAN:sp|P20366|TKN1_HUMAN:sp|Q9UJV3|TRIM1_HUMAN:sp|Q587J7|TDR12_HUMAN:sp|Q9Y6Y0|NS1BP_HUMAN:sp|O60437|PEPL_HUMAN:sp|Q15643|TRIPB_HUMAN:sp|P48146|NPBW2_HUMAN:sp|Q6P2H3|CEP85_HUMAN:sp|Q9Y217|MTMR6_HUMAN:sp|Q7Z3E2|CC186_HUMAN:sp|Q6DN12|MCTP2_HUMAN:sp|O95271|TNKS1_HUMAN:sp|Q9NRC1|ST7_HUMAN:sp|Q9Y2I1|NISCH_HUMAN:sp|Q8NF91|SYNE1_HUMAN:sp|Q9BRS8|LARP6_HUMAN:sp|Q14213|IL27B_HUMAN:sp|Q8IVF4|DYH10_HUMAN:sp|Q6KC79|NIPBL_HUMAN:sp|Q8N4G2|ARL14_HUMAN:sp|O60383|GDF9_HUMAN:sp|P53350|PLK1_HUMAN:sp|Q13144|EI2BE_HUMAN:sp|Q5VTR2|BRE1A_HUMAN:sp|O00629|IMA3_HUMAN:sp|O00505|IMA4_HUMAN:sp|Q8IY22|CMIP_HUMAN:sp|A2RUR9|C144A_HUMAN:sp|Q9BXA5|SUCR1_HUMAN:sp|Q9UEW3|MARCO_HUMAN:sp|Q5VWQ8|DAB2P_HUMAN:sp|A6NIH7|U119B_HUMAN:sp|Q8N2C7|UNC80_HUMAN:sp|Q9Y4P9|SPEF1_HUMAN:sp|A4D0V7|CPED1_HUMAN:sp|P29597|TYK2_HUMAN:sp|Q5JQC9|AKAP4_HUMAN:sp|Q9UHD1|CHRD1_HUMAN:sp|P78562|PHEX_HUMAN:sp|P41595|5HT2B_HUMAN:sp|Q9NZD2|GLTP_HUMAN,DeepNovo
S(+42.01)RVKEL,24.67,772.4443,6,100.0,6,0.7,387.22968,2,27.8271,19.7271,0.46,10439,HFX193_IPP292_GEL_CRC_324_Odd.raw,7.92E5,5.1E6,2,2,2,2,"Acetylation (N-term)",,5 2 7 7 40 5,S(+42.01)RVKEL,sp|Q96AQ8|MCUR1_HUMAN:sp|Q7Z7B0|FLIP1_HUMAN,DB Search
S(+42.01)RVVHYEL,46.87,1043.5399,8,87.5,8,2.0,522.77832,2,39.4229,-21.3771,0.63,15141,HFX193_IPP292_GEL_CRC_324_Even.raw,7.33E7,3.96E8,3,3,2,2,"Acetylation (N-term)",,2 0 2 2 13 34 34 5,S(+42.01)RVVHYEL,sp|P43243|MATR3_HUMAN:sp|Q14204|DYHC1_HUMAN:sp|Q9HB58|SP110_HUMAN:sp|O00159|MYO1C_HUMAN:sp|Q96MP5|ZSWM3_HUMAN:sp|Q6Q788|APOA5_HUMAN:sp|O94973|AP2A2_HUMAN:sp|P09093|CEL3A_HUMAN:sp|Q8NDT2|RB15B_HUMAN:sp|Q86U44|MTA70_HUMAN:sp|Q16653|MOG_HUMAN:sp|Q9C0B2|CFA74_HUMAN:sp|Q658N2|WSCD1_HUMAN:sp|Q9UJ98|STAG3_HUMAN:sp|O95169|NDUB8_HUMAN:sp|Q9BXN1|ASPN_HUMAN,DeepNovo
S(+42.01)RVVREAL,33.66,970.5560,8,75.0,8,0.7,486.28558,2,33.3849,-5.5151,0.18,12689,HFX193_IPP292_GEL_CRC_324_Even.raw,2.21E6,1.35E7,1,1,1,1,"Acetylation (N-term)",,5 3 2 1 0 2 2 3,S(+42.01)RVVREAL,,DeepNovo
S(+42.01)RYFHHVL,46.35,1099.5563,8,75.0,8,0.8,367.52634,3,36.0144,-7.8856,0.60,13764,HFX193_IPP292_GEL_CRC_324_Even.raw,7.03E5,5.59E6,1,1,1,1,"Acetylation (N-term)",,0 0 3 3 4 27 3 5,S(+42.01)RYFHHVL,sp|Q86V25|VASH2_HUMAN:sp|Q8NAT2|TDRD5_HUMAN:sp|P26010|ITB7_HUMAN:sp|Q8NDW8|TT21A_HUMAN:sp|Q7Z4L5|TT21B_HUMAN,DeepNovo
S(+42.01)RYLKGGVKL,37.21,1161.6870,10,40.0,10,-0.1,388.23624,3,34.3227,-12.0773,0.46,13091,HFX193_IPP292_GEL_CRC_324_Odd.raw,1.1E6,8.22E6,1,1,1,1,"Acetylation (N-term)",,1 0 0 0 17 0 0 17 15 5,S(+42.01)RYLKGGVKL,sp|P14406|CX7A2_HUMAN:sp|O14730|RIOK3_HUMAN:sp|P35613|BASI_HUMAN:sp|Q14993|COJA1_HUMAN:sp|O95704|APBB3_HUMAN:sp|Q5VTQ0|TT39B_HUMAN:sp|Q659C4|LAR1B_HUMAN:sp|Q8N531|FBXL6_HUMAN:sp|Q8TDJ6|DMXL2_HUMAN:sp|Q15517|CDSN_HUMAN:sp|Q9BX63|FANCJ_HUMAN:sp|P11117|PPAL_HUMAN:sp|Q5GH70|XKR9_HUMAN:sp|Q8N7A1|KLDC1_HUMAN:sp|Q9H777|RNZ1_HUMAN:sp|Q8N752|KC1AL_HUMAN:sp|Q14149|MORC3_HUMAN:sp|P86790|CCZ1B_HUMAN:sp|Q9Y4K0|LOXL2_HUMAN:sp|Q96I99|SUCB2_HUMAN:sp|P26045|PTN3_HUMAN:sp|Q86UY5|FA83A_HUMAN:sp|P86791|CCZ1_HUMAN:sp|P20711|DDC_HUMAN:sp|Q92858|ATOH1_HUMAN:sp|Q86WI3|NLRC5_HUMAN:sp|Q8NEN9|PDZD8_HUMAN:sp|Q6DJT9|PLAG1_HUMAN:sp|Q15768|EFNB3_HUMAN:sp|P48729|KC1A_HUMAN:sp|O75147|OBSL1_HUMAN:sp|Q96GC6|ZN274_HUMAN:sp|Q8NB66|UN13C_HUMAN:sp|Q8IYS4|DAAF8_HUMAN:sp|P08842|STS_HUMAN:sp|Q8TED0|UTP15_HUMAN:sp|P38646|GRP75_HUMAN:sp|Q8TF72|SHRM3_HUMAN:sp|Q16181|SEPT7_HUMAN:sp|Q8NHQ1|CEP70_HUMAN:sp|Q86W24|NAL14_HUMAN:sp|P78509|RELN_HUMAN:sp|Q5SRH9|TT39A_HUMAN:sp|Q99459|CDC5L_HUMAN:sp|Q7Z3B3|KANL1_HUMAN:sp|Q9Y6W8|ICOS_HUMAN:sp|Q53H76|PLA1A_HUMAN:sp|P15309|PPAP_HUMAN:sp|P41091|IF2G_HUMAN:sp|P24752|THIL_HUMAN:sp|Q8IW19|APLF_HUMAN:sp|O00763|ACACB_HUMAN:sp|P54198|HIRA_HUMAN:sp|O00555|CAC1A_HUMAN:sp|P18615|NELFE_HUMAN:sp|Q6T310|RSLBA_HUMAN:sp|Q12955|ANK3_HUMAN:sp|P20742|PZP_HUMAN:sp|Q9BRZ2|TRI56_HUMAN:sp|O75197|LRP5_HUMAN:sp|P01023|A2MG_HUMAN:sp|Q96JG9|ZN469_HUMAN:sp|Q8TE58|ATS15_HUMAN:sp|Q02487|DSC2_HUMAN:sp|Q9NVH6|TMLH_HUMAN:sp|Q702N8|XIRP1_HUMAN:sp|P04626|ERBB2_HUMAN:sp|Q03395|ROM1_HUMAN:sp|Q8WXR4|MYO3B_HUMAN:sp|Q8NEV4|MYO3A_HUMAN:sp|P22307|SCP2_HUMAN:sp|Q2VIR3|IF2GL_HUMAN:sp|Q9NR09|BIRC6_HUMAN:sp|Q9NZB2|F120A_HUMAN:sp|Q9P2R7|SUCB1_HUMAN:sp|Q9Y2J2|E41L3_HUMAN:sp|O60284|ST18_HUMAN,DeepNovo
S(+42.01)RYRALTSA,39.16,1065.5566,9,33.3,9,1.2,533.78625,2,31.5756,9.1756,0.19,11954,HFX193_IPP292_GEL_CRC_324_Even.raw,8.95E6,5.91E7,1,1,1,1,"Acetylation (N-term)",,5 2 0 0 0 0 1 1 2,S(+42.01)RYRALTSA,,DeepNovo
S(+42.01)RYYHL,16.82,879.4239,6,66.7,6,2.6,440.72037,2,60.4842,16.3842,0.14,23564,HFX193_IPP292_GEL_CRC_324_Odd.raw,1.59E5,1.27E6,1,1,1,1,"Acetylation (N-term)",,0 0 17 26 22 5,S(+42.01)RYYHL,,DeepNovo
S(+42.01)SARLHDVTM(+15.99)KKAKVKRKRPM(+15.99),77.62,2540.4155,21,61.9,21,2.6,509.09171,5,33.3334,-3.3666,0.10,12768,HFX193_IPP292_GEL_CRC_324_Even.raw,9.46E6,3.06E7,3,3,3,3,"Acetylation (N-term);Oxidation (M);Oxidation (M)",,0 0 0 0 0 0 6 5 0 4 29 9 9 4 4 4 4 2 2 0 5,S(+42.01)SARLHDVTM(+15.99)KKAKVKRKRPM(+15.99),sp|A6NJ88|SGE2P_HUMAN:sp|Q14683|SMC1A_HUMAN:sp|Q6UVJ0|SAS6_HUMAN:sp|P32926|DSG3_HUMAN:sp|Q0P6D6|CCD15_HUMAN:sp|Q8NF37|PCAT1_HUMAN:sp|P02647|APOA1_HUMAN:sp|Q9UJW0|DCTN4_HUMAN:sp|O60518|RNBP6_HUMAN:sp|Q6UB98|ANR12_HUMAN:sp|P05204|HMGN2_HUMAN:sp|Q8N8U3|RTL3_HUMAN:sp|Q96ST8|CEP89_HUMAN:sp|Q6XZF7|DNMBP_HUMAN:sp|O75122|CLAP2_HUMAN:sp|Q8WU76|SCFD2_HUMAN:sp|Q9NWN3|FBX34_HUMAN:sp|Q96JF0|SIAT2_HUMAN:sp|Q9BQG0|MBB1A_HUMAN:sp|A4FU69|EFCB5_HUMAN:sp|Q709C8|VP13C_HUMAN:sp|Q8N0Z3|SPICE_HUMAN:sp|O60318|GANP_HUMAN:sp|Q96DS6|M4A6E_HUMAN:sp|Q14126|DSG2_HUMAN:sp|F5H4B4|F227A_HUMAN:sp|Q96K83|ZN521_HUMAN:sp|Q14527|HLTF_HUMAN:sp|O95672|ECEL1_HUMAN:sp|Q9Y5K8|VATD_HUMAN:sp|Q92911|SC5A5_HUMAN:sp|Q8WYA0|IFT81_HUMAN:sp|O75037|KI21B_HUMAN:sp|P36507|MP2K2_HUMAN:sp|Q7Z2Y5|NRK_HUMAN:sp|P22079|PERL_HUMAN:sp|Q8N4G2|ARL14_HUMAN:sp|Q969R5|LMBL2_HUMAN:sp|Q96MS3|GL1D1_HUMAN:sp|Q63HR2|TENS2_HUMAN:sp|Q14674|ESPL1_HUMAN:sp|O76021|RL1D1_HUMAN:sp|Q14690|RRP5_HUMAN:sp|Q96CU9|FXRD1_HUMAN:sp|A6NMB1|SIG16_HUMAN:sp|Q9H6K4|OPA3_HUMAN:sp|Q96FL8|S47A1_HUMAN:sp|Q12830|BPTF_HUMAN:sp|P0DPH8|TBA3D_HUMAN:sp|Q9ULV3|CIZ1_HUMAN:sp|Q05932|FOLC_HUMAN:sp|Q9BVS4|RIOK2_HUMAN:tr|A0A1W2PRN1|A0A1W2PRN1_HUMAN:sp|O75829|CNMD_HUMAN:sp|Q13671|RIN1_HUMAN:sp|Q9Y2K9|STB5L_HUMAN:sp|Q9Y2D4|EXC6B_HUMAN:sp|P12271|RLBP1_HUMAN:sp|Q96H35|RBM18_HUMAN:sp|Q9UFH2|DYH17_HUMAN:sp|Q8NF50|DOCK8_HUMAN:sp|O15040|TCPR2_HUMAN:sp|Q8TC29|ENKUR_HUMAN:sp|Q96JE9|MAP6_HUMAN:sp|O95236|APOL3_HUMAN:sp|Q96SW2|CRBN_HUMAN:sp|Q8WZ42|TITIN_HUMAN:sp|A6NMD2|GOG8J_HUMAN:sp|B4DX44|ZN736_HUMAN:sp|Q08379|GOGA2_HUMAN:sp|P78371|TCPB_HUMAN:sp|P27635|RL10_HUMAN:sp|Q9H211|CDT1_HUMAN:sp|Q8NDV7|TNR6A_HUMAN:sp|Q01995|TAGL_HUMAN:sp|O14764|GBRD_HUMAN:sp|Q7Z442|PK1L2_HUMAN:sp|O00410|IPO5_HUMAN:sp|Q13569|TDG_HUMAN:sp|O95155|UBE4B_HUMAN:sp|Q9HC10|OTOF_HUMAN:sp|P51786|ZN157_HUMAN:sp|O75643|U520_HUMAN:sp|Q8IWI9|MGAP_HUMAN:sp|Q9P2D1|CHD7_HUMAN:sp|Q9HAW4|CLSPN_HUMAN:sp|Q9H0I3|CC113_HUMAN:sp|P16333|NCK1_HUMAN:sp|Q9BRK4|LZTS2_HUMAN:sp|Q6ZMV9|KIF6_HUMAN:sp|Q2M1Z3|RHG31_HUMAN:sp|Q8TED9|AF1L1_HUMAN:sp|Q9P2Z0|THA10_HUMAN:sp|A6NI87|CBY3_HUMAN:sp|P20718|GRAH_HUMAN:sp|A0A1B0GTU1|ZC11B_HUMAN:sp|Q14186|TFDP1_HUMAN:sp|P56545|CTBP2_HUMAN:sp|Q9BQ75|CMS1_HUMAN:sp|Q8TE76|MORC4_HUMAN:MXRA8_DEL_G-p.R301Gfs*107_::chr1:1354230-1355230_frame=-3:sp|P35658|NU214_HUMAN:sp|Q13435|SF3B2_HUMAN:sp|P14550|AK1A1_HUMAN:sp|A6NC78|GOG8I_HUMAN:sp|O75475|PSIP1_HUMAN:sp|Q15059|BRD3_HUMAN:sp|Q9BSC4|NOL10_HUMAN:sp|P18206|VINC_HUMAN:sp|P29590|PML_HUMAN:sp|Q96NG3|ODAD4_HUMAN:sp|Q8N7M0|DYLT5_HUMAN:sp|P10144|GRAB_HUMAN:sp|Q16526|CRY1_HUMAN:sp|H3BSY2|GOG8M_HUMAN:sp|Q9ULV0|MYO5B_HUMAN:sp|O75152|ZC11A_HUMAN:sp|Q14324|MYPC2_HUMAN:sp|Q96C57|CSTOS_HUMAN:sp|Q8IWZ5|TRI42_HUMAN,DeepNovo
S(+42.01)SEDLLL,17.83,817.4069,7,71.4,7,-2.7,818.41199,1,70.1904,-71.8096,0.61,27452,HFX193_IPP292_GEL_CRC_324_Even.raw,5.05E4,4.32E5,1,1,1,1,"Acetylation (N-term)",,0 0 23 23 56 77 5,S(+42.01)SEDLLL,sp|O94822|LTN1_HUMAN,DB Search
S(+42.01)SFKKRVL,34.90,1005.5971,8,100.0,8,1.3,503.80646,2,29.8266,8.8266,0.65,11271,HFX193_IPP292_GEL_CRC_324_Even.raw,1.1E6,8.95E6,3,3,2,2,"Acetylation (N-term)",,5 14 14 14 7 2 3 5,S(+42.01)SFKKRVL,sp|O43490|PROM1_HUMAN:sp|Q8N0Y7|PGAM4_HUMAN:sp|Q8TEU7|RPGF6_HUMAN:sp|Q5VT06|CE350_HUMAN:sp|Q14129|DGCR6_HUMAN:sp|Q8TE85|GRHL3_HUMAN:sp|O75900|MMP23_HUMAN:sp|Q9Y5P4|CERT_HUMAN:sp|P61201|CSN2_HUMAN:sp|Q96DF8|ESS2_HUMAN:sp|Q92901|RL3L_HUMAN:sp|Q92820|GGH_HUMAN:sp|Q9BS26|ERP44_HUMAN:sp|Q8TDG2|ACTT1_HUMAN:sp|Q9NXV6|CARF_HUMAN:sp|Q8IZF6|AGRG4_HUMAN:sp|Q9Y383|LC7L2_HUMAN:sp|Q6PRD1|GP179_HUMAN:sp|O14513|NCKP5_HUMAN:sp|Q02297|NRG1_HUMAN:sp|Q8NFD5|ARI1B_HUMAN:sp|Q8WXG6|MADD_HUMAN:sp|Q86WA8|LONP2_HUMAN:sp|Q6ISB3|GRHL2_HUMAN:sp|Q9H9S4|CB39L_HUMAN:sp|Q9NQ11|AT132_HUMAN:sp|Q9P2N4|ATS9_HUMAN:sp|Q9H3R0|KDM4C_HUMAN:sp|Q53GI3|ZN394_HUMAN:sp|Q9H4K7|MTG2_HUMAN:sp|O15042|SR140_HUMAN:sp|O94868|FCSD2_HUMAN:sp|Q8N365|CIART_HUMAN:sp|Q2M3D2|EX3L2_HUMAN:sp|Q6UUV9|CRTC1_HUMAN:sp|Q14397|GCKR_HUMAN:sp|P39023|RL3_HUMAN:sp|O14771|ZN213_HUMAN:sp|Q8IWC1|MA7D3_HUMAN:sp|O75185|AT2C2_HUMAN:sp|Q8IVL0|NAV3_HUMAN:sp|Q6KC79|NIPBL_HUMAN:sp|Q96NW7|LRRC7_HUMAN:sp|Q9H3M0|KCNF1_HUMAN:sp|Q13905|RPGF1_HUMAN:sp|Q96KP1|EXOC2_HUMAN:sp|P28749|RBL1_HUMAN:sp|Q9UKV0|HDAC9_HUMAN:sp|Q9N2K0|ENH1_HUMAN:sp|P23497|SP100_HUMAN:sp|Q2M389|WASC4_HUMAN:sp|O14511|NRG2_HUMAN:sp|O43374|RASL2_HUMAN:sp|O43315|AQP9_HUMAN:sp|Q8IZE3|PACE1_HUMAN:sp|Q96BY6|DOC10_HUMAN:sp|Q8IY18|SMC5_HUMAN:sp|Q96P09|BIRC8_HUMAN:sp|Q8IVL1|NAV2_HUMAN:sp|Q5VUY0|ADCL3_HUMAN:sp|P62280|RS11_HUMAN:sp|A2AJT9|BCLA3_HUMAN:sp|P42285|MTREX_HUMAN:sp|P57740|NU107_HUMAN:sp|Q5T0N1|CFA70_HUMAN:sp|Q13796|SHRM2_HUMAN:sp|Q9UFH2|DYH17_HUMAN:PDS5B_INS_--A_p.N1390Kfs*13::chr13:32770249-32771250_frame=1:sp|Q9N2J8|ENH3_HUMAN:sp|Q9UFG5|CS025_HUMAN:sp|Q8WXE9|STON2_HUMAN:sp|Q9H694|BICC1_HUMAN:sp|Q9BYB0|SHAN3_HUMAN:sp|Q8WZ42|TITIN_HUMAN:sp|P12259|FA5_HUMAN:sp|O94906|PRP6_HUMAN:sp|P49588|SYAC_HUMAN:sp|Q9Y6W6|DUS10_HUMAN:sp|Q9NQ29|LUC7L_HUMAN:sp|Q9P0J1|PDP1_HUMAN:sp|Q14686|NCOA6_HUMAN:sp|O15381|NVL_HUMAN:sp|P25092|GUC2C_HUMAN:sp|Q9P2D1|CHD7_HUMAN:sp|Q49AA0|ZFP69_HUMAN:sp|Q64LD2|WDR25_HUMAN:sp|P17480|UBF1_HUMAN:sp|P32238|CCKAR_HUMAN:sp|O60784|TOM1_HUMAN:sp|Q6XE38|SG1D4_HUMAN:sp|Q9P281|BAHC1_HUMAN:sp|A6NI79|CCD69_HUMAN:sp|Q8IUB5|WFD13_HUMAN:sp|Q9NY12|GAR1_HUMAN:sp|Q13129|RLF_HUMAN:sp|P51956|NEK3_HUMAN:sp|O00170|AIP_HUMAN:sp|Q12955|ANK3_HUMAN:sp|Q8TDY3|ACTT2_HUMAN:sp|Q9NWL6|ASND1_HUMAN:sp|Q5HYC2|K2026_HUMAN:sp|Q9H4Z2|ZN335_HUMAN:sp|B5MCY1|TDR15_HUMAN:sp|Q9Y6D9|MD1L1_HUMAN:sp|Q13573|SNW1_HUMAN:sp|Q9C0F0|ASXL3_HUMAN:sp|O75394|RM33_HUMAN:sp|Q9UKG1|DP13A_HUMAN:sp|Q5CZC0|FSIP2_HUMAN:sp|Q9BY27|DGC6L_HUMAN:sp|Q13114|TRAF3_HUMAN:sp|C9J798|RAS4B_HUMAN:sp|Q9HAQ2|KIF9_HUMAN:sp|P13671|CO6_HUMAN:sp|Q9UH03|SEPT3_HUMAN,DeepNovo
S(+42.01)SGERVRTEL,40.41,1174.5942,10,10.0,10,1.4,588.30518,2,33.7468,3.8468,0.31,12837,HFX193_IPP292_GEL_CRC_324_Even.raw,1.2E6,6.57E6,1,1,1,1,"Acetylation (N-term)",,0 0 0 0 1 0 0 0 0 2,S(+42.01)SGERVRTEL,,DeepNovo
S(+42.01)SGGALLAR,57.40,872.4716,9,55.6,9,0.7,437.24335,2,36.8427,-18.9573,0.53,14101,HFX193_IPP292_GEL_CRC_324_Even.raw,7.91E5,4.05E6,1,1,1,1,"Acetylation (N-term)",,0 0 0 0 33 66 29 24 5,S(+42.01)SGGALLAR,sp|Q92665|RT31_HUMAN:sp|Q8N682|DRAM1_HUMAN:sp|Q9Y620|RA54B_HUMAN:sp|P98194|AT2C1_HUMAN:sp|O60331|PI51C_HUMAN:sp|Q6ZRS2|SRCAP_HUMAN:sp|Q7L2E3|DHX30_HUMAN:TEAD2_DEL_G-p.H299Mfs*12_::chr19:49346716-49347716_frame=3:sp|P0C6S8|LIGO3_HUMAN:sp|Q9NRF2|SH2B1_HUMAN:sp|Q10586|DBP_HUMAN:sp|Q6AI08|HEAT6_HUMAN:sp|O60241|AGRB2_HUMAN:sp|Q9H254|SPTN4_HUMAN:sp|Q7RTY7|OVCH1_HUMAN:sp|P55268|LAMB2_HUMAN:sp|O75880|SCO1_HUMAN:sp|Q9H2A9|CHST8_HUMAN:sp|Q8NHU0|CT453_HUMAN:sp|Q9NXL9|MCM9_HUMAN:sp|Q9UID3|VPS51_HUMAN:sp|Q9Y6I7|WSB1_HUMAN:sp|Q92935|EXTL1_HUMAN:sp|Q5SW79|CE170_HUMAN:sp|Q9NUT2|MITOS_HUMAN:sp|Q709C8|VP13C_HUMAN:sp|P57081|WDR4_HUMAN:sp|Q96ES6|MFSD3_HUMAN:sp|Q96BD0|SO4A1_HUMAN:sp|Q9BYG8|GSDMC_HUMAN:sp|O60936|NOL3_HUMAN:sp|Q8N2A0|CX062_HUMAN:sp|Q2T9K0|TMM44_HUMAN:sp|Q14693|LPIN1_HUMAN:sp|Q8IXW0|LMTD2_HUMAN:sp|Q6P5Z2|PKN3_HUMAN:sp|P21359|NF1_HUMAN:sp|P46597|ASMT_HUMAN:sp|P78312|F193A_HUMAN:sp|Q76L83|ASXL2_HUMAN:sp|Q9P2S2|NRX2A_HUMAN:sp|Q3MIX3|ADCK5_HUMAN:sp|Q9BYW1|GTR11_HUMAN:sp|Q96EP9|NTCP4_HUMAN:sp|O14593|RFXK_HUMAN:sp|P18124|RL7_HUMAN:sp|P55287|CAD11_HUMAN:sp|Q6AWC2|WWC2_HUMAN:sp|P40967|PMEL_HUMAN:sp|Q9UJ99|CAD22_HUMAN:sp|P22001|KCNA3_HUMAN:sp|Q8N9R8|SCAI_HUMAN:sp|Q96RY7|IF140_HUMAN:sp|Q9P2P6|STAR9_HUMAN:sp|Q9BVK8|TM147_HUMAN:sp|Q9NP80|PLPL8_HUMAN:sp|P36269|GGT5_HUMAN:sp|Q10713|MPPA_HUMAN:sp|P0DMU9|CT45A_HUMAN:sp|Q9P0V3|SH3B4_HUMAN:sp|P43116|PE2R2_HUMAN:sp|Q86UQ4|ABCAD_HUMAN:sp|O60294|TYW4_HUMAN:sp|Q13503|MED21_HUMAN:sp|Q15042|RB3GP_HUMAN:sp|Q5FVE4|ACBG2_HUMAN:sp|Q7LBE3|S26A9_HUMAN:sp|Q96BZ8|LENG1_HUMAN:sp|Q7Z4K8|TRI46_HUMAN:sp|P28906|CD34_HUMAN:sp|Q9BZE0|GLIS2_HUMAN:sp|Q8N0Z9|VSI10_HUMAN:sp|Q06495|NPT2A_HUMAN:sp|Q8N5D0|WDTC1_HUMAN:sp|Q8N8S7|ENAH_HUMAN:sp|Q5EBL2|ZN628_HUMAN:sp|P14859|PO2F1_HUMAN:sp|Q9ULB5|CADH7_HUMAN:sp|Q8WWP7|GIMA1_HUMAN:sp|Q5I0G3|MDH1B_HUMAN:sp|O95613|PCNT_HUMAN:sp|Q92858|ATOH1_HUMAN:sp|P13945|ADRB3_HUMAN:sp|A6NKX4|S22AV_HUMAN:sp|A8MTQ0|NOTO_HUMAN:sp|Q13200|PSMD2_HUMAN:sp|Q7RTU9|STRC_HUMAN:sp|Q9UNI1|CELA1_HUMAN:sp|O60645|EXOC3_HUMAN:sp|O75962|TRIO_HUMAN:sp|Q6UWT2|ENHO_HUMAN:sp|Q9NZP8|C1RL_HUMAN:sp|Q9NZV5|SELN_HUMAN:sp|P33032|MC5R_HUMAN:sp|O95625|ZBT11_HUMAN:sp|P46531|NOTC1_HUMAN:sp|Q8TCU6|PREX1_HUMAN:sp|P07814|SYEP_HUMAN:sp|Q99460|PSMD1_HUMAN:sp|P55289|CAD12_HUMAN:sp|P0DMU8|CT455_HUMAN:sp|Q8TF17|S3TC2_HUMAN:sp|Q8TF71|MOT10_HUMAN:sp|P08779|K1C16_HUMAN:sp|Q96K37|S35E1_HUMAN:sp|Q9H3H5|GPT_HUMAN:sp|Q5JR12|PPM1J_HUMAN:sp|A1L1A6|IGS23_HUMAN:sp|Q7Z3U7|MON2_HUMAN:sp|Q12893|TM115_HUMAN:sp|Q6P499|NPAL3_HUMAN:sp|Q7L099|RUFY3_HUMAN:sp|P20160|CAP7_HUMAN:sp|Q2VPB7|AP5B1_HUMAN:sp|Q4W5G0|TIGD2_HUMAN:sp|Q8TF21|ANR24_HUMAN:sp|A5PLL7|PDES1_HUMAN:sp|Q8NBJ5|GT251_HUMAN:sp|Q8TCC7|S22A8_HUMAN:sp|Q9Y257|KCNK6_HUMAN,DeepNovo
S(+42.01)SHLVKT,33.18,812.4392,7,57.1,7,-0.3,407.22678,2,27.1061,16.6061,0.55,10155,HFX193_IPP292_GEL_CRC_324_Odd.raw,4.1E5,3.89E6,1,1,1,1,"Acetylation (N-term)",,0 0 7 23 15 1 5,S(+42.01)SHLVKT,sp|Q96EK5|KBP_HUMAN:sp|O14978|ZN263_HUMAN:sp|Q9UKS7|IKZF2_HUMAN:sp|O75818|RPP40_HUMAN:sp|Q8WXI7|MUC16_HUMAN:sp|O14522|PTPRT_HUMAN:sp|Q8TDG4|HELQ_HUMAN:sp|Q9HCX3|ZN304_HUMAN:sp|P35414|APJ_HUMAN:sp|Q8TDJ6|DMXL2_HUMAN:sp|O43361|ZN749_HUMAN:sp|Q2NL67|PARP6_HUMAN:sp|Q00987|MDM2_HUMAN:sp|Q6NX45|ZN774_HUMAN:sp|Q9UEG4|ZN629_HUMAN:sp|Q5TZ20|OR2G6_HUMAN:sp|Q8NCQ3|NC301_HUMAN:sp|P33992|MCM5_HUMAN:sp|O60238|BNI3L_HUMAN:sp|P0CJ78|ZN865_HUMAN:sp|Q9BY31|ZN717_HUMAN:sp|Q86WI3|NLRC5_HUMAN:sp|A8K8P3|SFI1_HUMAN:sp|Q8N9K5|ZN565_HUMAN:sp|O00754|MA2B1_HUMAN:sp|Q02297|NRG1_HUMAN:sp|Q12889|OVGP1_HUMAN:sp|Q5JTC6|AMER1_HUMAN:sp|Q01629|IFM2_HUMAN:sp|P01031|CO5_HUMAN:sp|Q96JA4|M4A14_HUMAN:sp|O75592|MYCB2_HUMAN:sp|Q16670|ZSC26_HUMAN:sp|P32004|L1CAM_HUMAN:sp|Q6DD87|ZN787_HUMAN:sp|Q96S94|CCNL2_HUMAN:SAFB2_DEL_G-p.P945Rfs*49_::chr19:5586771-5587771_frame=3:sp|Q15849|UT2_HUMAN:sp|Q96T76|MMS19_HUMAN:sp|O75840|KLF7_HUMAN:sp|Q8NEE6|DRC6_HUMAN:sp|Q8NDQ6|ZN540_HUMAN:sp|Q86YE8|ZN573_HUMAN:sp|Q9C0D5|TANC1_HUMAN:sp|Q9Y4F1|FARP1_HUMAN:sp|Q9H6R7|WDCP_HUMAN:sp|Q08AN1|ZN616_HUMAN:sp|Q9UJW8|ZN180_HUMAN:sp|Q6ZNJ1|NBEL2_HUMAN:sp|Q8TEM1|PO210_HUMAN:sp|P51522|ZNF83_HUMAN:sp|Q9C0F3|ZN436_HUMAN:sp|P46531|NOTC1_HUMAN:SERPINB10_DEL_A-p.R76Gfs*7_::chr18:63917005-63918005_frame=-2:sp|Q8NDH2|CC168_HUMAN:sp|Q9P2F9|ZN319_HUMAN:sp|Q08462|ADCY2_HUMAN:sp|Q9Y3F4|STRAP_HUMAN:sp|P17098|ZNF8_HUMAN:sp|O14787|TNPO2_HUMAN:sp|Q9Y2L8|ZKSC5_HUMAN:sp|Q13439|GOGA4_HUMAN:sp|A0A1B0GUU1|CQ113_HUMAN:sp|Q8WWW8|GAB3_HUMAN:sp|Q9H2S9|IKZF4_HUMAN:sp|Q96JF6|ZN594_HUMAN:sp|P15880|RS2_HUMAN:sp|Q9Y2H9|MAST1_HUMAN:sp|Q92806|KCNJ9_HUMAN:sp|P17022|ZNF18_HUMAN:sp|Q9Y485|DMXL1_HUMAN:sp|O43861|ATP9B_HUMAN:sp|Q5H9U9|DDX6L_HUMAN:sp|Q8N3A8|PARP8_HUMAN:sp|Q14CM0|FRPD4_HUMAN:sp|Q5KU26|COL12_HUMAN:sp|Q8TEP8|CE192_HUMAN:sp|P58317|ZN121_HUMAN,DeepNovo
S(+42.01)SKGESSGKVGGVPAPV,75.00,1583.8154,17,82.4,17,3.2,792.91754,2,52.4873,6.5873,0.19,20427,HFX193_IPP292_GEL_CRC_324_Odd.raw,4.89E4,2.84E5,1,1,1,1,"Acetylation (N-term)",,0 0 9 6 8 9 7 2 0 2 2 4 7 7 29 25 5,S(+42.01)SKGESSGKVGGVPAPV,sp|Q9NP73|ALG13_HUMAN:sp|Q96PE2|ARHGH_HUMAN:sp|Q9UHG2|PCS1N_HUMAN:sp|Q96GD3|SCMH1_HUMAN:sp|Q5H9F3|BCORL_HUMAN:sp|Q9UKB5|AJAP1_HUMAN:sp|Q13177|PAK2_HUMAN:sp|Q9Y4F5|C170B_HUMAN:sp|Q6ZS46|YF009_HUMAN:sp|Q15811|ITSN1_HUMAN:sp|Q9UQ35|SRRM2_HUMAN:sp|Q96JE9|MAP6_HUMAN:sp|P06028|GLPB_HUMAN:sp|O75607|NPM3_HUMAN:sp|P12755|SKI_HUMAN:sp|Q8WZ42|TITIN_HUMAN:sp|Q4VCS5|AMOT_HUMAN,DeepNovo
S(+42.01)SKKSVTL,36.49,890.5073,8,75.0,8,0.6,446.26120,2,32.0433,13.3433,0.58,12155,HFX193_IPP292_GEL_CRC_324_Even.raw,4.27E5,2.37E6,1,1,1,1,"Acetylation (N-term)",,5 6 26 0 0 3 20 5,S(+42.01)SKKSVTL,,DeepNovo
S(+42.01)SKLKTAL,32.28,888.5280,8,87.5,8,0.7,445.27161,2,32.5590,-5.2410,0.56,12364,HFX193_IPP292_GEL_CRC_324_Even.raw,6.89E5,6.63E6,1,1,1,1,"Acetylation (N-term)",,5 12 12 15 2 0 16 5,S(+42.01)SKLKTAL,sp|Q70Z35|PREX2_HUMAN:sp|Q9H7B2|RPF2_HUMAN:sp|Q8IWB1|IPRI_HUMAN:sp|Q5BKT4|AG10A_HUMAN:sp|Q8IX94|CTGE4_HUMAN:sp|Q96LZ2|MAGBA_HUMAN:sp|Q8NF37|PCAT1_HUMAN:sp|O95397|PKHA9_HUMAN:sp|Q9Y4L1|HYOU1_HUMAN:sp|O00459|P85B_HUMAN:sp|Q13029|PRDM2_HUMAN:sp|Q8ND07|BBOF1_HUMAN:sp|Q9Y5B6|PAXB1_HUMAN:sp|Q15032|R3HD1_HUMAN:sp|Q9NX31|OSER1_HUMAN:sp|Q9H3S3|TMPS5_HUMAN:sp|P09848|LPH_HUMAN:sp|Q86TG1|T150A_HUMAN:sp|Q4VNC0|AT135_HUMAN:sp|P61296|HAND2_HUMAN:sp|P19823|ITIH2_HUMAN:sp|Q86W34|AMZ2_HUMAN:sp|Q6ZNB6|NFXL1_HUMAN:sp|O95835|LATS1_HUMAN:sp|Q86WZ6|ZN227_HUMAN:sp|Q96MM3|ZFP42_HUMAN:sp|A4UGR9|XIRP2_HUMAN:sp|Q8IY47|KBTB2_HUMAN:sp|Q5SW79|CE170_HUMAN:sp|Q92541|RTF1_HUMAN:sp|Q9HCP6|HHATL_HUMAN:sp|Q5S007|LRRK2_HUMAN:sp|Q9NYC9|DYH9_HUMAN:sp|P49790|NU153_HUMAN:sp|P43304|GPDM_HUMAN:sp|Q5QJE6|TDIF2_HUMAN:sp|Q684P5|RPGP2_HUMAN:sp|Q8N139|ABCA6_HUMAN:sp|Q02446|SP4_HUMAN:sp|Q9GZT3|SLIRP_HUMAN:sp|Q9UIW2|PLXA1_HUMAN:sp|Q8WUY3|PRUN2_HUMAN:sp|P32314|FOXN2_HUMAN:sp|Q96RR1|PEO1_HUMAN:sp|Q9C099|LRCC1_HUMAN:sp|Q6IQ19|CCSAP_HUMAN:sp|Q96LB3|IFT74_HUMAN:sp|Q8NGY6|OR6N2_HUMAN:sp|Q9ULB4|CADH9_HUMAN:sp|Q9BWF2|TRAIP_HUMAN:sp|Q8IYR2|SMYD4_HUMAN:sp|P55285|CADH6_HUMAN:sp|Q8TDY2|RBCC1_HUMAN:sp|P25398|RS12_HUMAN:sp|Q9UPS8|ANR26_HUMAN:sp|Q96T58|MINT_HUMAN:sp|Q10713|MPPA_HUMAN:sp|Q96BD5|PF21A_HUMAN:sp|Q9ULD9|ZN608_HUMAN:sp|Q9NS39|RED2_HUMAN:sp|O14522|PTPRT_HUMAN:sp|Q13503|MED21_HUMAN:sp|Q6WKZ4|RFIP1_HUMAN:sp|Q7L014|DDX46_HUMAN:sp|P13929|ENOB_HUMAN:sp|P28906|CD34_HUMAN:sp|P29375|KDM5A_HUMAN:sp|Q5JSH3|WDR44_HUMAN:sp|Q7Z333|SETX_HUMAN:sp|Q8NE09|RGS22_HUMAN:sp|P0C626|OR5G3_HUMAN:sp|Q9ULB5|CADH7_HUMAN:sp|A6NGN4|PRA25_HUMAN:sp|Q8WZ42|TITIN_HUMAN:sp|Q5I0G3|MDH1B_HUMAN:sp|Q7Z5J8|ANKAR_HUMAN:sp|Q08379|GOGA2_HUMAN:sp|Q9C0C6|CIPC_HUMAN:sp|Q8TD08|MK15_HUMAN:sp|P54821|PRRX1_HUMAN:sp|Q9NRC6|SPTN5_HUMAN:sp|Q9Y4D1|DAAM1_HUMAN:sp|Q8NFC6|BD1L1_HUMAN:sp|O60763|USO1_HUMAN:sp|Q9UJU3|ZN112_HUMAN:sp|P40763|STAT3_HUMAN:sp|Q5JUK2|SOLH1_HUMAN:sp|Q9BVX2|T106C_HUMAN:sp|P51854|TKTL1_HUMAN:sp|P28223|5HT2A_HUMAN:sp|Q5K651|SAMD9_HUMAN:sp|Q15334|L2GL1_HUMAN:sp|Q8TF72|SHRM3_HUMAN:sp|Q6WCQ1|MPRIP_HUMAN:sp|Q9P2L0|WDR35_HUMAN:AKAP7_DEL_A-p.K79Rfs*21_::chr6:131159636-131160636_frame=-1:sp|Q5W0B1|OBI1_HUMAN:sp|P51805|PLXA3_HUMAN:sp|O94915|FRYL_HUMAN:sp|Q6ZUS5|CC121_HUMAN:sp|Q8TF17|S3TC2_HUMAN:sp|Q8N3K9|CMYA5_HUMAN:sp|Q1MSJ5|CSPP1_HUMAN:sp|P12035|K2C3_HUMAN:sp|Q6UXI7|VITRN_HUMAN:sp|Q6PJ69|TRI65_HUMAN:sp|Q969S9|RRF2M_HUMAN:sp|Q9NRN9|METL5_HUMAN:sp|P52746|ZN142_HUMAN:sp|Q9H840|GEMI7_HUMAN:sp|O95573|ACSL3_HUMAN:sp|Q5M7Z0|RNFT1_HUMAN:sp|Q9BYK8|HELZ2_HUMAN:sp|Q2VY69|ZN284_HUMAN:sp|Q13835|PKP1_HUMAN:sp|Q96PZ7|CSMD1_HUMAN:sp|Q8ND04|SMG8_HUMAN:RBM27_DEL_A-p.K816Nfs*5_::chr5:146267257-146268257_frame=-1:sp|O95239|KIF4A_HUMAN:sp|Q9NZW5|PALS2_HUMAN,DeepNovo
S(+42.01)SKVSDRTLY,43.60,1196.6038,10,80.0,10,0.4,599.30939,2,42.3013,6.4013,0.69,16317,HFX193_IPP292_GEL_CRC_324_Odd.raw,5.44E5,6.44E6,1,1,1,1,"Acetylation (N-term)",,5 5 5 24 2 0 0 6 10 5,S(+42.01)SKVSDRTLY,sp|A4D161|F221A_HUMAN:sp|Q86SY8|KTAS1_HUMAN:sp|A6H8M9|CDHR4_HUMAN:sp|Q96J92|WNK4_HUMAN:sp|P42858|HD_HUMAN:sp|Q9BW27|NUP85_HUMAN:sp|Q7Z7A1|CNTRL_HUMAN:sp|O75747|P3C2G_HUMAN:sp|Q99698|LYST_HUMAN:sp|Q5T5J6|SWT1_HUMAN:sp|Q8WWP7|GIMA1_HUMAN:sp|P09110|THIK_HUMAN:sp|O14513|NCKP5_HUMAN:sp|Q494V2|CP100_HUMAN:sp|Q6ZP82|CC141_HUMAN:sp|A4UGR9|XIRP2_HUMAN:sp|Q8IZA3|H18_HUMAN:sp|Q15431|SYCP1_HUMAN:sp|Q8TCT6|SPPL3_HUMAN:sp|P25092|GUC2C_HUMAN:sp|Q9UEY8|ADDG_HUMAN:sp|Q8IWI9|MGAP_HUMAN:sp|Q14005|IL16_HUMAN:sp|Q1XH10|SKDA1_HUMAN:sp|Q70CQ2|UBP34_HUMAN:sp|Q9NZ09|UBAP1_HUMAN:sp|P62906|RL10A_HUMAN:sp|Q2M2I5|K1C24_HUMAN:tr|A0A5F9ZGZ6|A0A5F9ZGZ6_HUMAN:sp|O60885|BRD4_HUMAN:sp|A6NK53|ZN233_HUMAN:sp|Q8NDH2|CC168_HUMAN:sp|Q5JRA6|TGO1_HUMAN:sp|Q6IMN6|CAPR2_HUMAN:sp|A5YM69|ARG35_HUMAN:sp|O95935|TBX18_HUMAN:sp|O75970|MPDZ_HUMAN:sp|Q6ZN54|DEFI8_HUMAN:sp|Q12774|ARHG5_HUMAN:sp|Q9BXT6|M10L1_HUMAN:sp|Q9P278|FNIP2_HUMAN:sp|P13994|YJU2B_HUMAN:sp|Q8NFU7|TET1_HUMAN:sp|Q9H6P5|TASP1_HUMAN:sp|Q5VST9|OBSCN_HUMAN:sp|Q6ZN18|AEBP2_HUMAN:sp|Q92968|PEX13_HUMAN:sp|Q76KP1|B4GN4_HUMAN:sp|O75717|WDHD1_HUMAN:sp|P0C0P6|NPS_HUMAN:sp|O60664|PLIN3_HUMAN:sp|Q86SU0|ILDR1_HUMAN,DeepNovo
S(+42.01)SKVSRDTL,36.66,1033.5404,9,77.8,9,0.8,517.77789,2,36.2731,19.9731,0.88,13878,HFX193_IPP292_GEL_CRC_324_Even.raw,3.85E5,3.59E6,1,1,1,1,"Acetylation (N-term)",,5 8 12 41 2 0 1 6 5,S(+42.01)SKVSRDTL,sp|P62906|RL10A_HUMAN,DB Search
S(+42.01)SLAGHAGT,47.21,841.3930,9,77.8,9,0.7,421.70407,2,28.1923,4.7923,0.47,10611,HFX193_IPP292_GEL_CRC_324_Odd.raw,1.97E5,2.21E6,1,1,1,1,"Acetylation (N-term)",,0 0 11 17 6 4 4 6 5,S(+42.01)SLAGHAGT,sp|P50443|S26A2_HUMAN:sp|Q8TDB6|DTX3L_HUMAN:sp|Q96F45|ZN503_HUMAN:sp|Q96MM7|H6ST2_HUMAN:sp|Q00610|CLH1_HUMAN:sp|Q01850|CDR2_HUMAN:sp|Q9NPD5|SO1B3_HUMAN:sp|Q8IXK0|PHC2_HUMAN:sp|P15428|PGDH_HUMAN:sp|F5H094|SO1BT_HUMAN:sp|Q99698|LYST_HUMAN:sp|Q99808|S29A1_HUMAN:MARCKS_DEL_A-p.K155Rfs*12_::chr6:113859534-113860534_frame=-2:sp|P36915|GNL1_HUMAN:sp|Q5VU65|P210L_HUMAN:TCF7L2_DEL_A-p.K485Sfs*23_::chr10:113165058-113166058_frame=2:sp|Q8TBF2|PXL2B_HUMAN:sp|P28845|DHI1_HUMAN:sp|Q9NRR5|UBQL4_HUMAN:sp|Q8TAT6|NPL4_HUMAN:sp|Q92543|SNX19_HUMAN:sp|Q6UWB1|I27RA_HUMAN:sp|Q99856|ARI3A_HUMAN:sp|Q86YW9|MD12L_HUMAN:sp|Q96M86|DNHD1_HUMAN:sp|Q14596|NBR1_HUMAN:sp|Q9BXX0|EMIL2_HUMAN:sp|Q96DS6|M4A6E_HUMAN:sp|Q96QT4|TRPM7_HUMAN:sp|Q01362|FCERB_HUMAN:sp|P28288|ABCD3_HUMAN:sp|Q6UUV9|CRTC1_HUMAN:sp|Q99990|VGLL1_HUMAN:sp|O94830|DDHD2_HUMAN:sp|Q9H4A3|WNK1_HUMAN:sp|O95684|CEP43_HUMAN:sp|Q9H8V3|ECT2_HUMAN:sp|Q9UQ53|MGT4B_HUMAN:sp|A6NEL2|SWAHB_HUMAN:sp|P35658|NU214_HUMAN:sp|Q6ZSZ5|ARHGI_HUMAN:sp|Q9NQB0|TF7L2_HUMAN:sp|P55854|SUMO3_HUMAN:sp|Q13615|MTMR3_HUMAN:sp|Q8IXP5|OCAT1_HUMAN:sp|Q8IYD8|FANCM_HUMAN:sp|Q15154|PCM1_HUMAN:sp|Q9Y3B2|EXOS1_HUMAN:sp|Q4G0P3|HYDIN_HUMAN:sp|Q8TBE0|BAHD1_HUMAN:sp|O75192|PX11A_HUMAN:sp|Q9Y2V3|RX_HUMAN:sp|O75145|LIPA3_HUMAN:sp|Q03164|KMT2A_HUMAN:sp|Q9H8H0|NOL11_HUMAN:sp|Q96SK3|ZN607_HUMAN:sp|P21397|AOFA_HUMAN:sp|Q6ZUB1|S31E1_HUMAN:sp|Q6ZQR2|CFA77_HUMAN:sp|Q15149|PLEC_HUMAN,DeepNovo
S(+42.01)SLHEHF,18.63,897.3981,7,57.1,7,0.0,449.70633,2,41.0793,-0.0207,0.72,15845,HFX193_IPP292_GEL_CRC_324_Even.raw,4.24E5,4.91E6,2,2,2,2,"Acetylation (N-term)",,0 0 0 3 3 7 5,S(+42.01)SLHEHF,sp|Q7L5Y1|ENOF1_HUMAN:sp|O15360|FANCA_HUMAN,DeepNovo
S(+42.01)SLIDF,28.54,722.3486,6,66.7,6,-3.0,723.35376,1,69.0230,-83.0770,0.86,27094,HFX193_IPP292_GEL_CRC_324_Even.raw,1.64E6,7.97E6,1,1,1,1,"Acetylation (N-term)",,0 0 40 18 18 5,S(+42.01)SLIDF,sp|Q14956|GPNMB_HUMAN,DB Search
S(+42.01)SLKTVLK,37.36,916.5593,8,75.0,8,1.1,459.28745,2,34.1618,-22.8382,0.58,12990,HFX193_IPP292_GEL_CRC_324_Even.raw,4.72E6,3.09E7,1,1,1,1,"Acetylation (N-term)",,0 0 31 22 5 6 17 5,S(+42.01)SLKTVLK,sp|Q9BVQ7|SPA5L_HUMAN:sp|P54762|EPHB1_HUMAN:sp|P10619|PPGB_HUMAN:sp|O15431|COPT1_HUMAN:sp|Q5U5R9|HECD2_HUMAN:sp|Q9NXW2|DJB12_HUMAN:sp|Q0P6D6|CCD15_HUMAN:sp|Q9Y4L1|HYOU1_HUMAN:sp|Q9UL36|ZN236_HUMAN:sp|Q93088|BHMT1_HUMAN:sp|Q86XP3|DDX42_HUMAN:sp|Q9HCM3|K1549_HUMAN:sp|Q9Y4A5|TRRAP_HUMAN:sp|P37268|FDFT_HUMAN:sp|P59538|T2R31_HUMAN:sp|Q9C093|SPEF2_HUMAN:sp|O95379|TFIP8_HUMAN:sp|Q9HBI1|PARVB_HUMAN:sp|Q6ZMZ0|RN19B_HUMAN:sp|Q8NI35|INADL_HUMAN:sp|Q14151|SAFB2_HUMAN:sp|Q5T2W1|NHRF3_HUMAN:sp|Q14155|ARHG7_HUMAN:sp|Q96K62|ZBT45_HUMAN:sp|Q96PX8|SLIK1_HUMAN:sp|Q96T88|UHRF1_HUMAN:sp|Q8NH83|OR4A5_HUMAN:sp|Q8NH63|O51H1_HUMAN:sp|Q8IZL8|PELP1_HUMAN:sp|P01574|IFNB_HUMAN:sp|Q8TCB6|O51E1_HUMAN:sp|Q587J7|TDR12_HUMAN:sp|Q8N1N4|K2C78_HUMAN:sp|Q92900|RENT1_HUMAN:sp|Q9Y2I9|TBC30_HUMAN:sp|Q538Z0|LUZP6_HUMAN:sp|Q99743|NPAS2_HUMAN:sp|Q96RW7|HMCN1_HUMAN:sp|P48730|KC1D_HUMAN:sp|P20809|IL11_HUMAN:sp|Q76L83|ASXL2_HUMAN:sp|O75155|CAND2_HUMAN:sp|Q8NDH2|CC168_HUMAN:sp|O75603|GCM2_HUMAN:sp|Q9UK61|TASOR_HUMAN:sp|P23471|PTPRZ_HUMAN:sp|P49221|TGM4_HUMAN:sp|Q15375|EPHA7_HUMAN:sp|Q8IUD2|RB6I2_HUMAN:sp|Q3B820|F161A_HUMAN:sp|A6NET4|OR5K3_HUMAN:sp|P0C7T3|O56A5_HUMAN:sp|P21453|S1PR1_HUMAN:sp|Q12830|BPTF_HUMAN:sp|Q3MIP1|IPIL2_HUMAN:sp|Q92990|GLMN_HUMAN:sp|P11532|DMD_HUMAN:sp|Q14444|CAPR1_HUMAN:sp|P52294|IMA5_HUMAN:sp|Q16667|CDKN3_HUMAN:sp|O75367|H2AY_HUMAN:sp|Q9C091|GRB1L_HUMAN:sp|Q2TBC4|PRIC4_HUMAN:sp|Q969F1|TF3C6_HUMAN:sp|Q07617|SPAG1_HUMAN:sp|Q9P2M7|CING_HUMAN:sp|P06756|ITAV_HUMAN:sp|P01266|THYG_HUMAN:sp|Q9UPU3|SORC3_HUMAN:sp|Q86SQ6|AGRA1_HUMAN:sp|Q5T5S1|CC183_HUMAN:sp|Q16769|QPCT_HUMAN:sp|B2RTY4|MYO9A_HUMAN:sp|Q4LE39|ARI4B_HUMAN:sp|Q8WZ42|TITIN_HUMAN:sp|Q5I0G3|MDH1B_HUMAN:sp|Q8WYQ9|ZCH14_HUMAN:sp|Q9P0J6|RM36_HUMAN:sp|Q6AHZ1|Z518A_HUMAN:sp|P30876|RPB2_HUMAN:sp|O15016|TRI66_HUMAN:sp|Q8NGV5|O13D1_HUMAN:sp|Q3T8J9|GON4L_HUMAN:sp|Q9H6W3|RIOX1_HUMAN:sp|O14746|TERT_HUMAN:sp|Q8NGJ6|O51A4_HUMAN:sp|Q7Z406|MYH14_HUMAN:sp|Q9Y3P9|RBGP1_HUMAN:sp|Q5SZK8|FREM2_HUMAN:sp|Q9H0H5|RGAP1_HUMAN:sp|Q3L8U1|CHD9_HUMAN:sp|Q6ZR08|DYH12_HUMAN:sp|P52732|KIF11_HUMAN:sp|Q9NPB8|GPCP1_HUMAN:sp|Q9BVK2|ALG8_HUMAN:sp|O43808|PM34_HUMAN:sp|P35658|NU214_HUMAN:sp|Q9Y2L1|RRP44_HUMAN:sp|O43314|VIP2_HUMAN:sp|Q7Z3T8|ZFY16_HUMAN:sp|Q9NZI2|KCIP1_HUMAN:sp|Q8NDW8|TT21A_HUMAN:sp|Q16537|2A5E_HUMAN:sp|P59922|OR2B8_HUMAN:sp|Q7Z3U7|MON2_HUMAN:sp|Q9BSC4|NOL10_HUMAN:sp|Q99986|VRK1_HUMAN:sp|Q5HYC2|K2026_HUMAN:sp|O14795|UN13B_HUMAN:sp|Q7Z4N2|TRPM1_HUMAN:sp|Q8TAT5|NEIL3_HUMAN:sp|Q9ULC0|MUCEN_HUMAN:sp|O43167|ZBT24_HUMAN:sp|Q9HC78|ZBT20_HUMAN:sp|P48047|ATPO_HUMAN:sp|Q5T5U3|RHG21_HUMAN:sp|Q5MNZ9|WIPI1_HUMAN:sp|Q8N3G9|TM130_HUMAN:sp|Q9C0B9|ZCHC2_HUMAN:sp|Q8NCM8|DYHC2_HUMAN,DeepNovo
S(+42.01)SRLGAV,31.49,730.3973,7,42.9,7,1.4,366.20645,2,34.6328,-11.5672,0.17,13188,HFX193_IPP292_GEL_CRC_324_Odd.raw,2.54E6,1.34E7,1,1,1,1,"Acetylation (N-term)",,0 0 1 1 2 3 5,S(+42.01)SRLGAV,sp|Q96ME7|ZN512_HUMAN,DB Search
S(+42.01)SRLKL,20.70,744.4494,6,66.7,6,0.9,373.23230,2,32.3015,-8.9985,0.74,12256,HFX193_IPP292_GEL_CRC_324_Even.raw,8.89E5,7.4E6,1,1,1,1,"Acetylation (N-term)",,0 0 5 15 15 5,S(+42.01)SRLKL,sp|A6NI56|CC154_HUMAN:sp|Q9H7Z7|PGES2_HUMAN:sp|Q9NYT6|ZN226_HUMAN:sp|Q15058|KIF14_HUMAN:sp|Q9H3M0|KCNF1_HUMAN:sp|Q14588|ZN234_HUMAN,DB Search
S(+42.01)STGHSAL,29.75,800.3665,8,50.0,8,1.4,401.19104,2,31.1125,12.4125,0.74,11766,HFX193_IPP292_GEL_CRC_324_Even.raw,2.36E6,1.55E7,2,2,2,2,"Acetylation (N-term)",,0 0 14 11 0 0 7 5,S(+42.01)STGHSAL,,DeepNovo
S(+42.01)STTVPR,36.90,788.4028,7,71.4,7,0.9,395.20905,2,28.9068,19.8068,0.80,10892,HFX193_IPP292_GEL_CRC_324_Even.raw,2.62E6,1.58E7,2,2,2,2,"Acetylation (N-term)",,0 0 23 15 15 9 5,S(+42.01)STTVPR,sp|Q8WXI7|MUC16_HUMAN:sp|Q8IX15|HOMEZ_HUMAN:sp|Q8NG77|O2T12_HUMAN:sp|Q8NG84|O2AK2_HUMAN:sp|Q15042|RB3GP_HUMAN:sp|P55085|PAR2_HUMAN:sp|Q9BUA3|SPNDC_HUMAN:sp|P35414|APJ_HUMAN:sp|Q92824|PCSK5_HUMAN:sp|Q3KPI0|CEA21_HUMAN:sp|Q2KHR3|QSER1_HUMAN:sp|Q9H346|O52D1_HUMAN:sp|Q2M2H8|MGAL_HUMAN:sp|O75925|PIAS1_HUMAN:sp|Q96R84|OR1F2_HUMAN:sp|Q15619|OR1C1_HUMAN:sp|Q8NGX0|O11L1_HUMAN:sp|P47890|OR1G1_HUMAN:sp|Q96MT7|CFA44_HUMAN:sp|A8K979|ERI2_HUMAN:sp|Q5K4E3|POLS2_HUMAN:sp|Q8IY82|DRC7_HUMAN:sp|Q6EMK4|VASN_HUMAN:sp|Q685J3|MUC17_HUMAN:sp|Q6IFN5|O7E24_HUMAN:sp|O60412|OR7C2_HUMAN:sp|Q8NE31|FA13C_HUMAN:sp|Q8N612|FHI1B_HUMAN:sp|Q9NQS3|NECT3_HUMAN:sp|Q13620|CUL4B_HUMAN:sp|Q64LD2|WDR25_HUMAN:sp|Q8NG76|O2T33_HUMAN:sp|Q9NYQ6|CELR1_HUMAN:sp|P40200|TACT_HUMAN:sp|P62753|RS6_HUMAN:sp|O75973|C1QRF_HUMAN:sp|Q4L235|ACSF4_HUMAN:sp|Q96Q42|ALS2_HUMAN:sp|Q15612|OR1Q1_HUMAN:sp|O60431|OR1I1_HUMAN:sp|Q8TCU4|ALMS1_HUMAN:sp|Q8NGN7|O10D4_HUMAN:sp|P16109|LYAM3_HUMAN:sp|Q12955|ANK3_HUMAN:sp|Q15911|ZFHX3_HUMAN:sp|O76100|OR7AA_HUMAN:sp|A0A1B0GU33|TEX53_HUMAN:sp|Q9UKN1|MUC12_HUMAN:sp|A6NH00|OR2T8_HUMAN:sp|Q8N349|OR2LD_HUMAN:sp|Q5HYC2|K2026_HUMAN:sp|Q6DCA0|AMERL_HUMAN:sp|Q9HCL2|GPAT1_HUMAN:sp|Q8NH06|OR1P1_HUMAN:sp|Q7Z7B0|FLIP1_HUMAN:sp|P08519|APOA_HUMAN:sp|Q702N8|XIRP1_HUMAN:sp|Q96D42|HAVR1_HUMAN:sp|O76099|OR7C1_HUMAN:sp|E2RYF6|MUC22_HUMAN:sp|Q8NG98|OR7D4_HUMAN:sp|Q96F05|CK024_HUMAN:sp|P13611|CSPG2_HUMAN,DeepNovo
S(+42.01)SVKAGAL,26.32,773.4283,8,37.5,8,1.1,387.72186,2,40.3019,-0.7981,0.34,15493,HFX193_IPP292_GEL_CRC_324_Even.raw,1.49E6,9.56E6,1,1,1,1,"Acetylation (N-term)",,0 0 0 4 3 0 0 5,S(+42.01)SVKAGAL,sp|Q14409|GLPK3_HUMAN:sp|Q9Y584|TIM22_HUMAN:sp|Q8TEU7|RPGF6_HUMAN:sp|P47989|XDH_HUMAN:sp|Q96RD6|PANX2_HUMAN:sp|Q86VV8|RTTN_HUMAN:sp|Q7L1V2|MON1B_HUMAN:sp|Q8NEZ4|KMT2C_HUMAN:sp|Q6ZU80|CE128_HUMAN:sp|P82933|RT09_HUMAN:sp|Q8WZA9|IRGQ_HUMAN:sp|Q9Y4G6|TLN2_HUMAN:sp|Q6PL45|BRID5_HUMAN:sp|P32189|GLPK_HUMAN:sp|Q8TF17|S3TC2_HUMAN:sp|Q8N3K9|CMYA5_HUMAN:sp|Q13009|TIAM1_HUMAN:sp|Q16587|ZNF74_HUMAN:sp|O75093|SLIT1_HUMAN:sp|P18054|LOX12_HUMAN:sp|P29323|EPHB2_HUMAN:sp|Q9H3S7|PTN23_HUMAN:sp|P06396|GELS_HUMAN:sp|Q8WXS8|ATS14_HUMAN:sp|C9J6K1|CS081_HUMAN:sp|Q8N4F0|BPIB2_HUMAN:sp|Q6ZWI9|RFPLB_HUMAN:sp|Q9H9B1|EHMT1_HUMAN:sp|Q9Y490|TLN1_HUMAN:sp|Q9H6P5|TASP1_HUMAN:sp|P48736|PK3CG_HUMAN:sp|Q9NUL5|SHFL_HUMAN:sp|Q9BW92|SYTM_HUMAN:sp|Q9BXJ5|C1QT2_HUMAN:sp|O75147|OBSL1_HUMAN:sp|Q99062|CSF3R_HUMAN:sp|Q8TF72|SHRM3_HUMAN:sp|Q9BU23|LMF2_HUMAN:sp|Q92570|NR4A3_HUMAN,DeepNovo
S(+42.01)SVLAAM(+15.99)RK,41.04,1019.5433,9,77.8,9,1.2,510.77957,2,38.1499,12.8499,0.76,14574,HFX193_IPP292_GEL_CRC_324_Odd.raw,2.65E5,1.36E6,1,1,1,1,"Acetylation (N-term);Oxidation (M)",,0 0 4 46 20 3 2 2 3,S(+42.01)SVLAAM(+15.99)RK,sp|Q6GYQ0|RGPA1_HUMAN:sp|Q15021|CND1_HUMAN:sp|A0A2R8Y2Y2|CHO90_HUMAN:sp|Q8NGB6|OR4M2_HUMAN:sp|Q9Y2K6|UBP20_HUMAN:sp|Q5JQS5|OR2BB_HUMAN:sp|A0A0X1KG70|ORM2B_HUMAN:sp|Q8NGD0|OR4M1_HUMAN:sp|Q9Y3U8|RL36_HUMAN:sp|Q9UIV8|SPB13_HUMAN:sp|O75884|RBBP9_HUMAN:sp|Q86V21|AACS_HUMAN:sp|Q4G0N8|SL9C1_HUMAN:sp|P50502|F10A1_HUMAN:sp|Q6ZTN6|AN13D_HUMAN:sp|Q92547|TOPB1_HUMAN:sp|Q96P71|NECA3_HUMAN:sp|A6NGB7|TM221_HUMAN:sp|Q5T7N8|F27D1_HUMAN:sp|P35914|HMGCL_HUMAN:tr|A0A1B0GTL3|A0A1B0GTL3_HUMAN:sp|Q13936|CAC1C_HUMAN:sp|O14686|KMT2D_HUMAN:sp|O75534|CSDE1_HUMAN:sp|Q9H344|O51I2_HUMAN:sp|Q9C0D0|PHAR1_HUMAN:sp|Q99856|ARI3A_HUMAN:sp|P63010|AP2B1_HUMAN:sp|Q9NYY8|FAKD2_HUMAN:sp|Q8NGP9|O5AR1_HUMAN:sp|Q96N28|PLD3A_HUMAN:sp|Q8TF21|ANR24_HUMAN:sp|O15391|TYY2_HUMAN:sp|Q96T76|MMS19_HUMAN:sp|O00295|TULP2_HUMAN:sp|Q8WXA3|RUFY2_HUMAN,DeepNovo
S(+42.01)SVVLEHL,22.75,924.4916,8,75.0,8,1.0,463.25357,2,59.4625,-60.4375,0.70,23160,HFX193_IPP292_GEL_CRC_324_Even.raw,2.07E5,1.53E6,1,1,1,1,"Acetylation (N-term)",,4 0 0 24 9 9 5 5,S(+42.01)SVVLEHL,sp|Q8TBE3|FNDC9_HUMAN,DB Search
S(+42.01)SYKPV,16.69,721.3646,6,33.3,6,1.3,361.69006,2,37.5150,10.5150,0.72,14410,HFX193_IPP292_GEL_CRC_324_Even.raw,7.47E4,6.61E5,1,1,1,1,"Acetylation (N-term)",,0 0 2 3 1 1,S(+42.01)SYKPV,sp|Q6KC79|NIPBL_HUMAN,DB Search
S(+42.01)SYLSKVEK,33.39,1081.5656,9,0.0,9,-0.6,541.78973,2,35.6554,-14.4446,0.65,13648,HFX193_IPP292_GEL_CRC_324_Even.raw,2.24E5,1.95E6,1,1,1,1,"Acetylation (N-term)",,0 0 1 1 0 0 0 0 1,S(+42.01)SYLSKVEK,,DeepNovo
S(+42.01)SYYKAR,42.33,915.4450,7,71.4,7,0.9,458.73019,2,26.9517,18.0517,0.67,10118,HFX193_IPP292_GEL_CRC_324_Odd.raw,4.01E6,3.23E7,2,2,1,1,"Acetylation (N-term)",,0 0 76 45 8 3 3,S(+42.01)SYYKAR,sp|Q9GZQ6|NPFF1_HUMAN:sp|Q92609|TBCD5_HUMAN:sp|O60486|PLXC1_HUMAN:sp|Q8IZD2|KMT2E_HUMAN:sp|Q7KZF4|SND1_HUMAN:sp|Q68CP4|HGNAT_HUMAN:sp|Q8TEW8|PAR3L_HUMAN:sp|M0R2J8|DCDC1_HUMAN:sp|Q8NBS3|S4A11_HUMAN:sp|Q9Y5T4|DJC15_HUMAN:sp|Q8IVV2|LOXH1_HUMAN:sp|O43374|RASL2_HUMAN:sp|C9J798|RAS4B_HUMAN:sp|Q7Z7L7|ZER1_HUMAN:sp|Q96KR1|ZFR_HUMAN,DeepNovo
S(+42.01)TAPLGGKP,53.74,868.4654,9,55.6,9,1.1,435.24045,2,32.0033,-4.5967,0.65,12127,HFX193_IPP292_GEL_CRC_324_Odd.raw,2.9E6,1.57E7,1,1,1,1,"Acetylation (N-term)",,0 0 38 6 6 0 0 3 3,S(+42.01)TAPLGGKP,sp|Q15022|SUZ12_HUMAN:sp|P16112|PGCA_HUMAN:sp|Q9P2D8|UNC79_HUMAN:sp|Q9BTC0|DIDO1_HUMAN:sp|Q8N9M5|TM102_HUMAN:sp|Q5T197|DCST1_HUMAN:sp|Q96SB3|NEB2_HUMAN:sp|Q9HC29|NOD2_HUMAN:sp|Q5H9F3|BCORL_HUMAN:sp|Q8NCQ7|PRCA1_HUMAN:sp|O95271|TNKS1_HUMAN:sp|Q6NUK1|SCMC1_HUMAN:sp|Q685J3|MUC17_HUMAN:sp|Q6PCB7|S27A1_HUMAN:sp|Q8NEY8|PPHLN_HUMAN:sp|Q02817|MUC2_HUMAN:sp|Q3SXM0|DC4L1_HUMAN:sp|Q92917|GPKOW_HUMAN:sp|O00512|BCL9_HUMAN:sp|Q13905|RPGF1_HUMAN:sp|Q6P9A2|GLT18_HUMAN:sp|Q6ZVN7|SEML_HUMAN:sp|Q8N3V7|SYNPO_HUMAN,DeepNovo
S(+42.01)TAVHEAPLGGPK,68.21,1304.6725,13,53.8,13,2.4,435.89914,3,32.0033,-2.8967,0.40,12148,HFX193_IPP292_GEL_CRC_324_Odd.raw,1.12E6,4.93E6,1,1,1,1,"Acetylation (N-term)",,0 0 11 0 0 7 90 7 7 0 0 3 3,S(+42.01)TAVHEAPLGGPK,sp|P35568|IRS1_HUMAN:sp|Q2M1P5|KIF7_HUMAN:sp|O60422|ONEC3_HUMAN:sp|Q6P2D8|XRRA1_HUMAN:sp|Q9H3H1|MOD5_HUMAN:sp|P51788|CLCN2_HUMAN:sp|Q6ZRS2|SRCAP_HUMAN:sp|O43716|GATC_HUMAN:sp|Q8NDT2|RB15B_HUMAN:sp|Q9UGL1|KDM5B_HUMAN:sp|A6NFI3|ZN316_HUMAN:sp|Q8IXZ3|SP8_HUMAN:sp|P84550|SKOR1_HUMAN:sp|Q8IWN7|RP1L1_HUMAN:sp|Q9BWT7|CAR10_HUMAN:sp|Q9NR71|ASAH2_HUMAN:sp|Q12968|NFAC3_HUMAN:sp|Q0VAK6|LMOD3_HUMAN:sp|Q96IJ6|GMPPA_HUMAN:sp|A1A5C7|S22AN_HUMAN:sp|B6SEH8|ERVV1_HUMAN:sp|O95785|WIZ_HUMAN:sp|Q9UM22|EPDR1_HUMAN:sp|Q96L91|EP400_HUMAN:sp|Q9UPP2|IQEC3_HUMAN:sp|P07858|CATB_HUMAN:sp|Q9NUI1|DECR2_HUMAN:sp|Q14160|SCRIB_HUMAN:sp|O43497|CAC1G_HUMAN:sp|Q8NDH2|CC168_HUMAN:sp|P46108|CRK_HUMAN:sp|Q1T7F1|CCB42_HUMAN:sp|Q9BYW1|GTR11_HUMAN:sp|O43402|EMC8_HUMAN:sp|B6SEH9|ERVV2_HUMAN:sp|Q96T25|ZIC5_HUMAN:sp|Q7L8L6|FAKD5_HUMAN:sp|Q8WUI4|HDAC7_HUMAN:sp|P57073|SOX8_HUMAN:sp|Q9BQT9|CSTN3_HUMAN:sp|Q14CZ7|FAKD3_HUMAN:sp|Q15642|CIP4_HUMAN:sp|Q9GZR1|SENP6_HUMAN:sp|Q6GMR7|FAAH2_HUMAN:sp|Q12950|FOXD4_HUMAN:sp|Q9BXJ9|NAA15_HUMAN:sp|Q86WG5|MTMRD_HUMAN:sp|Q96T37|RBM15_HUMAN:sp|Q9UJ55|MAGL2_HUMAN:sp|P11532|DMD_HUMAN:sp|Q00266|METK1_HUMAN:sp|Q99750|MDFI_HUMAN:sp|Q9Y5Y0|FLVC1_HUMAN:sp|P27815|PDE4A_HUMAN:sp|Q8WZ64|ARAP2_HUMAN:sp|Q9P0K1|ADA22_HUMAN:sp|O94851|MICA2_HUMAN:sp|Q6ZMY3|SPOC1_HUMAN:sp|P37088|SCNNA_HUMAN:sp|Q8NB90|SPAT5_HUMAN:sp|P48448|AL3B2_HUMAN:sp|Q86VI1|EX3L1_HUMAN:sp|P51790|CLCN3_HUMAN:sp|Q9H4M7|PKHA4_HUMAN:sp|P28360|MSX1_HUMAN:sp|Q9NQV8|PRDM8_HUMAN:sp|Q8IUL8|CILP2_HUMAN:sp|Q86UK5|LBN_HUMAN:sp|O95210|STBD1_HUMAN:sp|P51797|CLCN6_HUMAN:sp|Q5TD94|RSH4A_HUMAN:sp|Q9Y6H8|CXA3_HUMAN:sp|Q8TB37|NUBPL_HUMAN:sp|P51793|CLCN4_HUMAN:sp|P51795|CLCN5_HUMAN:sp|O95450|ATS2_HUMAN:sp|Q6ZR54|YN009_HUMAN:sp|Q7Z7G0|TARSH_HUMAN:sp|P31153|METK2_HUMAN:sp|Q9H204|MED28_HUMAN:sp|C9JH25|PRRT4_HUMAN:sp|P47902|CDX1_HUMAN:sp|P08572|CO4A2_HUMAN:sp|P46531|NOTC1_HUMAN:sp|Q9BTC8|MTA3_HUMAN:sp|Q4G0T1|SRCRM_HUMAN:sp|P43353|AL3B1_HUMAN:sp|Q92618|ZN516_HUMAN:sp|O14529|CUX2_HUMAN:sp|Q63HN8|RN213_HUMAN:sp|O75364|PITX3_HUMAN:sp|Q5JR12|PPM1J_HUMAN:sp|Q92585|MAML1_HUMAN:sp|Q15126|PMVK_HUMAN:sp|Q16540|RM23_HUMAN:sp|Q8TB72|PUM2_HUMAN:sp|Q13516|OLIG2_HUMAN:sp|P48634|PRC2A_HUMAN:sp|O14613|BORG1_HUMAN:sp|O75179|ANR17_HUMAN:sp|P09544|WNT2_HUMAN:sp|Q7Z5H3|RHG22_HUMAN:sp|Q9Y2G9|SBNO2_HUMAN:sp|Q14689|DIP2A_HUMAN:sp|Q9P2E5|CHPF2_HUMAN,DeepNovo
S(+42.01)TDEVEVR,31.15,975.4509,8,75.0,8,1.1,488.73325,2,34.9854,4.5854,0.71,13352,HFX193_IPP292_GEL_CRC_324_Even.raw,3.04E5,1.89E6,1,1,1,1,"Acetylation (N-term)",,0 0 13 13 15 7 7 5,S(+42.01)TDEVEVR,sp|Q587J7|TDR12_HUMAN:sp|Q6ZU15|SEP14_HUMAN:sp|Q8NCF5|NF2IP_HUMAN:sp|P05120|PAI2_HUMAN:sp|Q9NS87|KIF15_HUMAN:sp|Q96N23|CFA54_HUMAN:sp|Q96LL4|CH048_HUMAN:sp|Q8NFU5|IPMK_HUMAN:sp|P59998|ARPC4_HUMAN:sp|O14867|BACH1_HUMAN:sp|Q01082|SPTB2_HUMAN:sp|O60330|PCDGC_HUMAN:sp|A0FGR8|ESYT2_HUMAN:sp|Q8N3Z3|GTPB8_HUMAN:sp|P78318|IGBP1_HUMAN:sp|Q9H4L4|SENP3_HUMAN:sp|Q02962|PAX2_HUMAN:sp|O95206|PCDH8_HUMAN:sp|Q9NPF4|OSGEP_HUMAN:sp|Q96JM7|LMBL3_HUMAN:sp|P51114|FXR1_HUMAN:sp|Q8WVR3|TPC14_HUMAN:tr|A0A1B0GWI6|A0A1B0GWI6_HUMAN:sp|Q9NRA8|4ET_HUMAN:sp|Q8IYB8|SUV3_HUMAN:sp|Q9H1K0|RBNS5_HUMAN:sp|O95455|TGDS_HUMAN:sp|Q60I27|AL2CL_HUMAN:sp|Q5T1M5|FKB15_HUMAN:sp|Q06787|FMR1_HUMAN:sp|Q9BQ51|PD1L2_HUMAN:sp|Q15746|MYLK_HUMAN:sp|Q8NAP8|ZBT8B_HUMAN:sp|A0A0J9YX57|MAB6B_HUMAN:sp|Q9H8H0|NOL11_HUMAN:sp|P05556|ITB1_HUMAN:sp|P51116|FXR2_HUMAN:sp|Q14966|ZN638_HUMAN,DeepNovo
S(+42.01)THARLAL,35.16,909.5032,8,87.5,8,1.8,455.75970,2,35.8727,-13.9273,0.61,13738,HFX193_IPP292_GEL_CRC_324_Odd.raw,3.07E5,2.87E6,1,1,1,1,"Acetylation (N-term)",,5 19 52 13 0 5 7 5,S(+42.01)THARLAL,sp|O95006|OR2F2_HUMAN:sp|Q8N283|ANR35_HUMAN:sp|Q9Y520|PRC2C_HUMAN:sp|Q15436|SC23A_HUMAN:sp|P24043|LAMA2_HUMAN:sp|Q9Y2K9|STB5L_HUMAN:sp|Q9NV79|PCMD2_HUMAN:sp|Q14190|SIM2_HUMAN:sp|P06681|CO2_HUMAN:sp|Q9UPV0|CE164_HUMAN:sp|P31944|CASPE_HUMAN:sp|Q8N6M5|ALLC_HUMAN:tr|A0A8Q3SIG1|A0A8Q3SIG1_HUMAN:sp|Q96MU8|KREM1_HUMAN:sp|Q5T3U5|MRP7_HUMAN:sp|Q5T160|SYRM_HUMAN:sp|Q8TD84|DSCL1_HUMAN:sp|P01266|THYG_HUMAN:sp|Q13442|HAP28_HUMAN:sp|Q86WN1|FCSD1_HUMAN:sp|Q86VD9|PIGZ_HUMAN:sp|Q9NRJ5|PAPOB_HUMAN:sp|Q92621|NU205_HUMAN:sp|O95714|HERC2_HUMAN:sp|Q96T66|NMNA3_HUMAN:sp|O43847|NRDC_HUMAN:sp|A8MYJ7|TTC34_HUMAN:DDX27_DEL_A-p.K660Rfs*4_::chr20:49241467-49242467_frame=-3:sp|Q9BVI4|NOC4L_HUMAN:sp|Q8NH08|O10AC_HUMAN:sp|Q8N5B7|CERS5_HUMAN:sp|P51003|PAPOA_HUMAN:sp|Q96PV6|LENG8_HUMAN:sp|Q9Y6R4|M3K4_HUMAN:sp|A2A288|ZC12D_HUMAN:sp|Q4ZG55|GREB1_HUMAN:sp|Q9P1Z0|ZBTB4_HUMAN:sp|O76031|CLPX_HUMAN:sp|O75094|SLIT3_HUMAN:sp|Q12864|CAD17_HUMAN:sp|P20908|CO5A1_HUMAN:sp|P98161|PKD1_HUMAN:sp|Q9NQ31|AKIP1_HUMAN:sp|Q8N139|ABCA6_HUMAN:sp|P51841|GUC2F_HUMAN:sp|Q9P0J0|NDUAD_HUMAN:sp|Q12899|TRI26_HUMAN:sp|P12107|COBA1_HUMAN:sp|Q76LX8|ATS13_HUMAN:sp|Q9UHP6|RSP14_HUMAN:sp|Q14160|SCRIB_HUMAN:sp|Q9BWT3|PAPOG_HUMAN:sp|Q8TES7|FBF1_HUMAN:sp|Q99549|MPP8_HUMAN:sp|Q14563|SEM3A_HUMAN:sp|Q13641|TPBG_HUMAN:sp|Q14449|GRB14_HUMAN:sp|Q96EM0|T3HPD_HUMAN:sp|Q9HA90|EFCC1_HUMAN:sp|Q9NQE7|TSSP_HUMAN:sp|Q9UFP1|GAK1A_HUMAN:sp|Q13607|OR2F1_HUMAN:sp|O60307|MAST3_HUMAN:sp|P43119|PI2R_HUMAN:sp|Q0VF49|K2012_HUMAN:sp|P18509|PACA_HUMAN:sp|Q9C0F0|ASXL3_HUMAN:sp|Q9BXJ9|NAA15_HUMAN:sp|Q9HB09|B2L12_HUMAN:sp|Q86TC9|MYPN_HUMAN:sp|P50748|KNTC1_HUMAN:sp|O95232|LC7L3_HUMAN:sp|Q8N7B9|EFCB3_HUMAN:sp|Q5THK1|PR14L_HUMAN:sp|Q8NH48|OR5B3_HUMAN:sp|O75354|ENTP6_HUMAN:sp|P13942|COBA2_HUMAN:sp|P34995|PE2R1_HUMAN:sp|Q99575|POP1_HUMAN:sp|Q5T5C0|STXB5_HUMAN:sp|P40259|CD79B_HUMAN,DeepNovo
S(+42.01)THLKAGGAL,48.18,995.5400,10,60.0,10,2.0,498.77826,2,30.6627,-5.8373,0.53,11600,HFX193_IPP292_GEL_CRC_324_Even.raw,,,1,1,0,0,"Acetylation (N-term)",,5 9 24 24 2 0 0 0 0 5,S(+42.01)THLKAGGAL,sp|Q5W064|LIPJ_HUMAN:sp|P52849|NDST2_HUMAN:sp|Q9UKF2|ADA30_HUMAN:sp|Q9UK39|NOCT_HUMAN:sp|Q6H9L7|ISM2_HUMAN:sp|O60885|BRD4_HUMAN:sp|Q8WXH0|SYNE2_HUMAN:sp|O95622|ADCY5_HUMAN:sp|P62314|SMD1_HUMAN:sp|Q96DF8|ESS2_HUMAN:sp|P50416|CPT1A_HUMAN:sp|Q9UBU9|NXF1_HUMAN:sp|Q5SYC1|CLVS2_HUMAN:sp|Q3KQZ1|S2535_HUMAN:sp|Q9Y2I7|FYV1_HUMAN:ESRP1_DEL_A-p.N512Tfs*2_::chr8:94673883-94674883_frame=3:sp|Q6IQ21|ZN770_HUMAN:sp|Q7L8L6|FAKD5_HUMAN:sp|Q6PJP8|DCR1A_HUMAN:sp|Q8IUQ0|CLVS1_HUMAN:sp|Q16581|C3AR_HUMAN:sp|Q9H4Z2|ZN335_HUMAN:sp|P12036|NFH_HUMAN:sp|Q6ZN55|ZN574_HUMAN:sp|Q70CQ1|UBP49_HUMAN:sp|Q6W4X9|MUC6_HUMAN:sp|A6NCI4|VWA3A_HUMAN:sp|Q7L1T6|NB5R4_HUMAN:sp|Q9BUY5|ZN426_HUMAN:sp|P60608|EFC2_HUMAN:sp|Q9UPN3|MACF1_HUMAN:sp|O75962|TRIO_HUMAN:sp|P31639|SC5A2_HUMAN,DeepNovo
S(+42.01)TKKHVLF,34.16,1000.5706,8,75.0,8,1.4,501.29327,2,33.9108,-0.4892,0.53,12936,HFX193_IPP292_GEL_CRC_324_Odd.raw,8.25E5,6.29E6,1,1,1,1,"Acetylation (N-term)",,5 2 2 3 1 1 22 5,S(+42.01)TKKHVLF,sp|Q96MK2|RIPR3_HUMAN:sp|Q9UKN5|PRDM4_HUMAN:sp|Q9UKF2|ADA30_HUMAN:sp|P42858|HD_HUMAN:sp|P49207|RL34_HUMAN:sp|Q9BYC8|RM32_HUMAN:sp|Q5H9S7|DCA17_HUMAN:sp|Q8NDH2|CC168_HUMAN:sp|Q9NUQ8|ABCF3_HUMAN:sp|A8MT70|ZBBX_HUMAN:sp|P54577|SYYC_HUMAN:sp|P13984|T2FB_HUMAN:sp|Q9UQ80|PA2G4_HUMAN:sp|Q0VDD7|BRME1_HUMAN:sp|O95373|IPO7_HUMAN:sp|P20936|RASA1_HUMAN:sp|Q4VNC0|AT135_HUMAN:sp|Q8IVI9|NOSTN_HUMAN:sp|Q15223|NECT1_HUMAN:sp|Q7L1I2|SV2B_HUMAN:sp|P55061|BI1_HUMAN:sp|Q96N16|JKIP1_HUMAN:sp|Q7L622|G2E3_HUMAN:sp|Q7Z388|D19L4_HUMAN:sp|Q99996|AKAP9_HUMAN:sp|Q8N695|SC5A8_HUMAN:sp|Q969P0|IGSF8_HUMAN:sp|Q6IQ32|ADNP2_HUMAN:sp|P04216|THY1_HUMAN:sp|O15119|TBX3_HUMAN:sp|A6NM28|ZFP92_HUMAN:sp|P48643|TCPE_HUMAN:sp|Q8IZU2|WDR17_HUMAN:sp|Q2VPK5|CTU2_HUMAN:sp|O15397|IPO8_HUMAN:sp|O95197|RTN3_HUMAN:sp|Q7Z4H7|HAUS6_HUMAN:sp|Q9C0I9|LRC27_HUMAN:sp|Q8IXZ2|ZC3H3_HUMAN:sp|P59510|ATS20_HUMAN:sp|Q8NH89|O5AK3_HUMAN:sp|Q9H0E3|SP130_HUMAN:sp|Q9P104|DOK5_HUMAN:sp|P59796|GPX6_HUMAN:sp|Q13011|ECH1_HUMAN:sp|Q6PK04|CC137_HUMAN,DeepNovo
S(+42.01)TKKKFKL,28.40,1020.6331,8,100.0,8,2.2,511.32495,2,26.2424,18.6424,0.29,9784,HFX193_IPP292_GEL_CRC_324_Even.raw,2.26E6,1.72E7,3,3,3,3,"Acetylation (N-term)",,5 9 9 5 4 4 3 5,S(+42.01)TKKKFKL,sp|Q13772|NCOA4_HUMAN:DNAH12_DEL_T-p.G93Dfs*7_::chr3:57523086-57524086_frame=-2:sp|P23467|PTPRB_HUMAN:sp|A0AVI2|FR1L5_HUMAN:sp|Q9H2K8|TAOK3_HUMAN:sp|Q9UKI2|BORG2_HUMAN:sp|Q7Z304|MAMC2_HUMAN:sp|P59046|NAL12_HUMAN:sp|P35222|CTNB1_HUMAN:sp|Q9NPD5|SO1B3_HUMAN:sp|Q9GZR7|DDX24_HUMAN:sp|Q9ULG1|INO80_HUMAN:sp|Q93088|BHMT1_HUMAN:sp|Q8IWZ3|ANKH1_HUMAN:sp|Q9NPH9|IL26_HUMAN:sp|P23470|PTPRG_HUMAN:sp|P51828|ADCY7_HUMAN:sp|P19174|PLCG1_HUMAN:sp|P54136|SYRC_HUMAN:sp|Q96P50|ACAP3_HUMAN:sp|Q8N9N7|LRC57_HUMAN:sp|Q9H2H9|S38A1_HUMAN:sp|A2PYH4|HFM1_HUMAN:sp|Q9Y2Z2|MTO1_HUMAN:sp|Q13308|PTK7_HUMAN:sp|O60279|SUSD5_HUMAN:sp|Q53TS8|CTSRT_HUMAN:sp|Q9BYD6|RM01_HUMAN:sp|Q9HAU5|RENT2_HUMAN:sp|Q96ST3|SIN3A_HUMAN:sp|Q15527|SURF2_HUMAN:sp|Q8WUX1|S38A5_HUMAN:sp|O75419|CDC45_HUMAN:sp|Q9BZH6|WDR11_HUMAN:sp|Q5VVP1|S31A6_HUMAN:sp|A6NE52|WDR97_HUMAN:sp|Q96PD7|DGAT2_HUMAN:sp|O94956|SO2B1_HUMAN:sp|Q8NC06|ACBD4_HUMAN:sp|P23471|PTPRZ_HUMAN:sp|Q9NYA3|GOG6A_HUMAN:sp|O60673|REV3L_HUMAN:sp|O00329|PK3CD_HUMAN:sp|Q6ZV50|RFX8_HUMAN:sp|O43525|KCNQ3_HUMAN:sp|Q8TF47|ZFP90_HUMAN:sp|Q969T7|5NT3B_HUMAN:sp|P23497|SP100_HUMAN:sp|Q5T7W7|TSTD2_HUMAN:sp|Q6AI39|BICRL_HUMAN:sp|Q3B7T1|EDRF1_HUMAN:sp|Q92560|BAP1_HUMAN:sp|Q6S8J3|POTEE_HUMAN:sp|Q6NT04|TIGD7_HUMAN:sp|B2RPK0|HGB1A_HUMAN:sp|O43865|SAHH2_HUMAN:ANO10_DEL_T-p.D45Mfs*12_::chr3:43605221-43606221_frame=-3:sp|O75949|NALF2_HUMAN:WDR55_DEL_A-p.K341Rfs*8_::chr5:140669017-140670017_frame=-3:sp|Q86T65|DAAM2_HUMAN:sp|Q8IWA6|CCD60_HUMAN:sp|P0CG38|POTEI_HUMAN:sp|Q86UP3|ZFHX4_HUMAN:sp|P48448|AL3B2_HUMAN:sp|Q8NEG5|ZSWM2_HUMAN:sp|Q8WZ42|TITIN_HUMAN:sp|O43395|PRPF3_HUMAN:sp|Q08379|GOGA2_HUMAN:sp|Q5TZJ5|S31A1_HUMAN:sp|Q13326|SGCG_HUMAN:sp|Q9BZ76|CNTP3_HUMAN:sp|O43164|PJA2_HUMAN:sp|Q5T5P2|SKT_HUMAN:sp|O15371|EIF3D_HUMAN:sp|Q9ULY5|CLC4E_HUMAN:sp|Q13127|REST_HUMAN:sp|Q9BYX4|IFIH1_HUMAN:sp|Q86YW9|MD12L_HUMAN:sp|P35243|RECO_HUMAN:sp|Q6ZTQ3|RASF6_HUMAN:sp|A5A3E0|POTEF_HUMAN:sp|Q2NKX8|ERC6L_HUMAN:sp|Q9NYQ8|FAT2_HUMAN:sp|Q5T8I3|EEIG2_HUMAN:sp|Q9Y2D5|AKAP2_HUMAN:sp|Q99816|TS101_HUMAN:sp|Q9Y6Y1|CMTA1_HUMAN:sp|Q5VZM2|RRAGB_HUMAN:sp|Q99442|SEC62_HUMAN:sp|P51787|KCNQ1_HUMAN:sp|O95625|ZBT11_HUMAN:sp|Q5SZJ8|BEND6_HUMAN:sp|P46199|IF2M_HUMAN:sp|Q9Y672|ALG6_HUMAN:sp|Q9H0M4|ZCPW1_HUMAN:sp|P43353|AL3B1_HUMAN:sp|Q14563|SEM3A_HUMAN:sp|O00170|AIP_HUMAN:sp|O75113|N4BP1_HUMAN:sp|O75475|PSIP1_HUMAN:sp|P55197|AF10_HUMAN:sp|Q5T9C2|EEIG1_HUMAN:sp|Q9BRZ2|TRI56_HUMAN:sp|Q14554|PDIA5_HUMAN:sp|Q93074|MED12_HUMAN:sp|Q92585|MAML1_HUMAN:sp|Q9GZX5|ZN350_HUMAN:sp|Q9NZC9|SMAL1_HUMAN:sp|P52746|ZN142_HUMAN:sp|Q9UKW4|VAV3_HUMAN:sp|G3V0H7|SO1B7_HUMAN:sp|O15117|FYB1_HUMAN:sp|Q9Y6V0|PCLO_HUMAN:sp|Q96HN2|SAHH3_HUMAN:sp|Q9Y3A5|SBDS_HUMAN:sp|Q9H501|ESF1_HUMAN:sp|Q969I6|S38A4_HUMAN:sp|P78316|NOP14_HUMAN:sp|P49023|PAXI_HUMAN:sp|P13611|CSPG2_HUMAN,DeepNovo
S(+42.01)TKYKPHL,28.79,1014.5498,8,50.0,8,0.1,339.19058,3,28.2423,12.5423,0.03,10613,HFX193_IPP292_GEL_CRC_324_Odd.raw,3.11E7,1.91E8,3,3,3,3,"Acetylation (N-term)",,2 2 0 0 1 1 15 5,S(+42.01)TKYKPHL,,DeepNovo
S(+42.01)TLKVHQ(+0.98)Q(+0.98)L,33.32,1096.5764,9,55.6,9,0.7,549.29590,2,37.6340,-8.8660,0.41,14425,HFX193_IPP292_GEL_CRC_324_Odd.raw,1.89E6,1.44E7,1,1,1,1,"Acetylation (N-term);Deamidation (NQ);Deamidation (NQ)",,0 0 0 0 5 5 20 20 5,S(+42.01)TLKVHQ(+0.98)Q(+0.98)L,sp|Q03188|CENPC_HUMAN:sp|P0DKX0|ZN728_HUMAN:sp|A8MT65|ZN891_HUMAN:sp|Q9HCL3|ZFP14_HUMAN:sp|Q5JVG2|ZN484_HUMAN:sp|P33176|KINH_HUMAN:sp|Q6P3V2|Z585A_HUMAN:sp|Q5T5D7|ZN684_HUMAN:sp|Q2TB10|ZN800_HUMAN:sp|P51814|ZNF41_HUMAN:sp|Q8N184|ZN567_HUMAN:sp|Q9P243|ZFAT_HUMAN:sp|A7E2S9|A30BL_HUMAN:sp|Q96P65|QRFPR_HUMAN:sp|O75596|CLC3A_HUMAN:sp|O94892|ZN432_HUMAN:sp|P0C024|NUDT7_HUMAN:sp|Q9ULJ3|ZBT21_HUMAN:sp|O60551|NMT2_HUMAN:sp|P30419|NMT1_HUMAN:sp|Q9UJU3|ZN112_HUMAN:sp|P16591|FER_HUMAN:sp|Q96GC6|ZN274_HUMAN:sp|O75414|NDK6_HUMAN:sp|Q9Y4B5|MTCL1_HUMAN:sp|Q9BXC9|BBS2_HUMAN:sp|Q86UD4|ZN329_HUMAN:sp|Q52M93|Z585B_HUMAN:sp|Q68DQ2|CRBG3_HUMAN:sp|O14709|ZN197_HUMAN:sp|Q9UQ16|DYN3_HUMAN:sp|Q92766|RREB1_HUMAN:sp|Q7LBC6|KDM3B_HUMAN:sp|A8MT70|ZBBX_HUMAN:sp|P13682|ZNF35_HUMAN:sp|O60282|KIF5C_HUMAN:sp|Q12840|KIF5A_HUMAN:sp|P08922|ROS1_HUMAN:sp|Q58F21|BRDT_HUMAN:sp|Q86WG5|MTMRD_HUMAN:sp|Q14766|LTBP1_HUMAN:sp|Q7L7V1|DHX32_HUMAN:sp|Q8N9B5|JMY_HUMAN:sp|Q96BD5|PF21A_HUMAN:sp|Q7Z2Z1|TICRR_HUMAN:sp|Q5XPI4|RN123_HUMAN:sp|Q7Z4T8|GLTL5_HUMAN:sp|P06729|CD2_HUMAN:sp|Q499Z3|SLNL1_HUMAN:sp|Q9HCZ1|ZN334_HUMAN:sp|Q15906|VPS72_HUMAN,DeepNovo
S(+42.01)TRSVSSSSYRRM(+15.99)F,54.38,1707.7999,14,14.3,14,1.4,570.27472,3,38.0326,16.2326,0.51,14571,HFX193_IPP292_GEL_CRC_324_Even.raw,2.77E6,1.56E7,1,1,1,1,"Acetylation (N-term);Oxidation (M)",,0 0 0 0 0 1 1 0 0 0 0 1 2 2,S(+42.01)TRSVSSSSYRRM(+15.99)F,sp|P08670|VIME_HUMAN,DB Search
S(+42.01)TSPGGGGLKARGGSF,89.87,1476.7321,16,37.5,16,1.5,739.37445,2,35.0451,-6.5549,0.71,13381,HFX193_IPP292_GEL_CRC_324_Odd.raw,5.99E5,4.62E6,1,1,1,1,"Acetylation (N-term)",,1 1 1 4 0 0 0 0 5 13 5 1 0 0 3 3,S(+42.01)TSPGGGGLKARGGSF,sp|Q9Y2P8|RCL1_HUMAN:sp|Q13253|NOGG_HUMAN:sp|Q8IX94|CTGE4_HUMAN:sp|Q3B7J2|GFOD2_HUMAN:sp|Q9HD23|MRS2_HUMAN:sp|Q96LZ2|MAGBA_HUMAN:sp|O60245|PCDH7_HUMAN:sp|O60241|AGRB2_HUMAN:sp|P0C0L5|CO4B_HUMAN:sp|Q562E7|WDR81_HUMAN:sp|Q4G112|HSF5_HUMAN:sp|Q9UID6|ZN639_HUMAN:sp|Q9UI08|EVL_HUMAN:sp|Q6ZNB6|NFXL1_HUMAN:sp|O43280|TREA_HUMAN:sp|Q2VWA4|SKOR2_HUMAN:sp|Q8IX07|FOG1_HUMAN:sp|Q8NFD5|ARI1B_HUMAN:TCF7L2_DEL_A-p.K485Sfs*23_::chr10:113165058-113166058_frame=-1:sp|Q9H0L4|CSTFT_HUMAN:sp|Q92541|RTF1_HUMAN:sp|Q969Z4|TR19L_HUMAN:sp|Q9HAU5|RENT2_HUMAN:sp|Q9Y2H0|DLGP4_HUMAN:sp|Q9ULI4|KI26A_HUMAN:sp|Q8IZL8|PELP1_HUMAN:sp|Q15102|PA1B3_HUMAN:sp|P26196|DDX6_HUMAN:sp|Q92900|RENT1_HUMAN:sp|Q7RTS3|PTF1A_HUMAN:sp|Q9UIW2|PLXA1_HUMAN:sp|P49321|NASP_HUMAN:sp|P82987|ATL3_HUMAN:sp|Q8N6G6|ATL1_HUMAN:sp|P0DPD6|ECE2_HUMAN:sp|Q01860|PO5F1_HUMAN:sp|Q5VZL5|ZMYM4_HUMAN:sp|O14917|PCD17_HUMAN:sp|P58549|FXYD7_HUMAN:sp|Q86UU5|GGN_HUMAN:sp|P59826|BPIB3_HUMAN:sp|Q96QZ7|MAGI1_HUMAN:sp|Q1EHB4|SC5AC_HUMAN:sp|Q9Y618|NCOR2_HUMAN:sp|Q17RB8|LONF1_HUMAN:sp|Q8TD16|BICD2_HUMAN:sp|Q14847|LASP1_HUMAN:ZBTB20_DEL_G-p.P692Lfs*43_::chr3:114338656-114339656_frame=-3:sp|Q9H0B6|KLC2_HUMAN:sp|Q32P44|EMAL3_HUMAN:WDR55_DEL_A-p.K341Rfs*8_::chr5:140669017-140670017_frame=2:sp|Q9BWG4|SSBP4_HUMAN:sp|Q8NEN0|ARMC2_HUMAN:sp|Q8IXQ3|CI040_HUMAN:sp|Q9NZM3|ITSN2_HUMAN:MARCKS_DEL_A-p.K155Rfs*12_::chr6:113859534-113860534_frame=-1:sp|Q9H461|FZD8_HUMAN:sp|O75949|NALF2_HUMAN:sp|Q86VI4|LAP4B_HUMAN:sp|P11831|SRF_HUMAN:sp|P31275|HXC12_HUMAN:sp|Q86XJ0|CAHM3_HUMAN:sp|Q7Z4P5|GDF7_HUMAN:sp|O14841|OPLA_HUMAN:sp|Q9Y2I7|FYV1_HUMAN:sp|Q13936|CAC1C_HUMAN:sp|Q17RY0|CPEB4_HUMAN:sp|Q01167|FOXK2_HUMAN:sp|Q06416|P5F1B_HUMAN:sp|O95147|DUS14_HUMAN:sp|Q9NYK5|RM39_HUMAN:sp|O75445|USH2A_HUMAN:TVP23A_DEL_A-p.F140Lfs*7_::chr16:10772846-10773846_frame=-2:sp|Q13127|REST_HUMAN:sp|O94759|TRPM2_HUMAN:sp|Q8IXJ9|ASXL1_HUMAN:sp|Q86XI2|CNDG2_HUMAN:sp|Q86US8|EST1A_HUMAN:sp|Q9P2L0|WDR35_HUMAN:sp|Q9UHB9|SRP68_HUMAN:sp|Q9Y4X0|AMMR1_HUMAN:sp|Q9NW75|GPTC2_HUMAN:sp|Q9Y6Y1|CMTA1_HUMAN:sp|B5ME19|EIFCL_HUMAN:sp|P0C0L4|CO4A_HUMAN:sp|Q8NE35|CPEB3_HUMAN:sp|Q8TE49|OTU7A_HUMAN:sp|Q9H426|RIMS4_HUMAN:SETD1B_DEL_C-p.H8Tfs*27_::chr12:121804252-121805252_frame=3:sp|Q96S59|RANB9_HUMAN:sp|Q6UXY1|BI2L2_HUMAN:sp|Q14003|KCNC3_HUMAN:sp|Q96CM4|NXNL1_HUMAN:sp|Q8TD19|NEK9_HUMAN:sp|O00268|TAF4_HUMAN:sp|Q9Y238|DLEC1_HUMAN:sp|Q9Y222|DMTF1_HUMAN:sp|Q6ZMQ8|LMTK1_HUMAN:sp|Q99986|VRK1_HUMAN:sp|Q8IYR6|TEFF1_HUMAN:sp|O95096|NKX22_HUMAN:sp|P20264|PO3F3_HUMAN:sp|Q96PC5|MIA2_HUMAN:sp|P31277|HXD11_HUMAN:sp|Q8N695|SC5A8_HUMAN:sp|Q9H6A9|PCX3_HUMAN:sp|Q9NQ90|ANO2_HUMAN:sp|Q8IZN3|ZDH14_HUMAN:sp|O94910|AGRL1_HUMAN:sp|Q92925|SMRD2_HUMAN:sp|Q9HCH5|SYTL2_HUMAN:sp|O15117|FYB1_HUMAN:sp|Q03164|KMT2A_HUMAN:sp|Q92623|TTC9A_HUMAN:sp|P20132|SDHL_HUMAN:sp|Q9NS37|ZHANG_HUMAN:sp|Q9C0B9|ZCHC2_HUMAN:sp|P78316|NOP14_HUMAN:sp|Q6P1M0|S27A4_HUMAN:sp|Q00653|NFKB2_HUMAN,DeepNovo
S(+42.01)TVHEILC(+119.00)KLSLEGDH,65.18,1940.8972,16,81.2,16,-0.7,647.97253,3,73.4832,-43.7168,0.72,28738,HFX193_IPP292_GEL_CRC_324_Even.raw,2.9E5,1.83E6,2,2,2,2,"Acetylation (N-term);Cysteinylation",,0 0 0 24 31 49 43 10 7 68 28 25 25 6 6 5,S(+42.01)TVHEILC(+119.00)KLSLEGDH,sp|A6NMY6|AXA2L_HUMAN:sp|P07355|ANXA2_HUMAN,DB Search
S(+42.01)TVHELLC(+119.00)K,50.75,1189.5471,9,100.0,9,0.0,595.78082,2,47.4372,-15.6628,0.72,18396,HFX193_IPP292_GEL_CRC_324_Odd.raw,7E5,6.38E6,1,1,1,1,"Acetylation (N-term);Cysteinylation",,5 6 13 14 14 19 13 22 5,S(+42.01)TVHELLC(+119.00)K,sp|A6NMY6|AXA2L_HUMAN:sp|P07355|ANXA2_HUMAN,DB Search
S(+42.01)TVLKT,23.29,689.3959,6,66.7,6,0.5,345.70541,2,32.2587,-11.0413,0.71,12244,HFX193_IPP292_GEL_CRC_324_Odd.raw,9.56E5,5.32E6,1,1,1,1,"Acetylation (N-term)",,0 0 13 13 16 5,S(+42.01)TVLKT,sp|Q8N957|ANKF1_HUMAN:sp|Q68DN1|CB016_HUMAN:sp|Q8N865|CG031_HUMAN,DB Search
S(+42.01)TVLKTGH,30.68,883.4763,8,50.0,8,1.1,442.74594,2,27.2090,7.9090,0.57,10188,HFX193_IPP292_GEL_CRC_324_Odd.raw,2.02E6,1.36E7,2,2,2,2,"Acetylation (N-term)",,0 0 40 0 0 22 2 2,S(+42.01)TVLKTGH,sp|Q8TD20|GTR12_HUMAN:sp|Q9BWH6|RPAP1_HUMAN:sp|Q13395|TARB1_HUMAN:sp|Q8NGH3|OR2D3_HUMAN:sp|Q5VZ46|K1614_HUMAN:sp|P46939|UTRN_HUMAN:sp|Q9UF56|FXL17_HUMAN:sp|O15516|CLOCK_HUMAN:sp|Q7Z570|Z804A_HUMAN:sp|Q6ZNA4|RN111_HUMAN:sp|Q00604|NDP_HUMAN:sp|O43451|MGA_HUMAN:sp|Q460N5|PAR14_HUMAN:sp|Q7L1W4|LRC8D_HUMAN:sp|Q5T3F8|CSCL2_HUMAN:sp|Q8N4N3|KLH36_HUMAN:sp|Q92621|NU205_HUMAN:sp|P46721|SO1A2_HUMAN:sp|Q9P225|DYH2_HUMAN:sp|Q9UNN5|FAF1_HUMAN:sp|Q8NGY7|O10J6_HUMAN:sp|Q7Z6E9|RBBP6_HUMAN:sp|Q99715|COCA1_HUMAN:sp|O15255|CXX1_HUMAN:sp|P22695|QCR2_HUMAN:sp|Q16512|PKN1_HUMAN:sp|Q96MC2|DRC1_HUMAN:sp|O43908|NKG2F_HUMAN:sp|Q9H583|HEAT1_HUMAN:sp|P57081|WDR4_HUMAN:sp|Q9HAI6|TASL_HUMAN:sp|Q5TZA2|CROCC_HUMAN:sp|O00303|EIF3F_HUMAN:sp|Q3MII6|TBC25_HUMAN:sp|Q587J7|TDR12_HUMAN:sp|Q13093|PAFA_HUMAN:sp|Q8IXR9|CL056_HUMAN:sp|A6NK59|ASB14_HUMAN:sp|Q6EKJ0|GTD2B_HUMAN:sp|Q96DW6|S2538_HUMAN:sp|Q05707|COEA1_HUMAN:sp|Q86VW0|SESD1_HUMAN:sp|P13807|GYS1_HUMAN:sp|Q5SSJ5|HP1B3_HUMAN:sp|Q0VAM2|RGF1B_HUMAN:sp|P20020|AT2B1_HUMAN:sp|O60504|VINEX_HUMAN:sp|Q9Y490|TLN1_HUMAN:sp|P0C874|S31D3_HUMAN:sp|Q01814|AT2B2_HUMAN:sp|Q9NR63|CP26B_HUMAN:sp|P54253|ATX1_HUMAN:sp|P10745|RET3_HUMAN:sp|Q86UP8|GTD2A_HUMAN:sp|O94886|CSCL1_HUMAN:sp|Q07444|NKG2E_HUMAN:sp|Q96R54|O14A2_HUMAN:sp|P31040|SDHA_HUMAN:sp|Q6ZUB0|S31D4_HUMAN:sp|Q5T601|AGRF1_HUMAN:sp|Q8IYW4|ENTD1_HUMAN:sp|P26717|NKG2C_HUMAN:sp|Q9Y6C5|PTC2_HUMAN:sp|P57678|GEMI4_HUMAN:sp|Q9UFH2|DYH17_HUMAN:sp|Q9NP61|ARFG3_HUMAN:sp|Q96PY5|FMNL2_HUMAN:sp|Q15619|OR1C1_HUMAN:sp|Q9Y2I7|FYV1_HUMAN:sp|Q8N957|ANKF1_HUMAN:sp|P78527|PRKDC_HUMAN:sp|Q63HM9|PLCX3_HUMAN:sp|Q9H869|YYAP1_HUMAN:sp|Q3T8J9|GON4L_HUMAN:sp|Q68DN1|CB016_HUMAN:sp|Q9C0I1|MTMRC_HUMAN:sp|Q9NZI7|UBIP1_HUMAN:sp|Q8N865|CG031_HUMAN:sp|O75356|ENTP5_HUMAN:sp|O15118|NPC1_HUMAN:sp|Q9H7F0|AT133_HUMAN:sp|Q7Z407|CSMD3_HUMAN:sp|Q9H8H2|DDX31_HUMAN:sp|O95466|FMNL1_HUMAN:sp|P42356|PI4KA_HUMAN:sp|Q7RTW8|OTOAN_HUMAN:sp|P54840|GYS2_HUMAN:sp|P22607|FGFR3_HUMAN:sp|Q86Y07|VRK2_HUMAN:sp|O00268|TAF4_HUMAN:sp|P20742|PZP_HUMAN:sp|Q92608|DOCK2_HUMAN:sp|Q9BWD1|THIC_HUMAN:sp|Q5JWR5|DOP1_HUMAN:sp|Q8NGE7|OR9K2_HUMAN:sp|Q92696|PGTA_HUMAN,DeepNovo
S(+42.01)TVLKTH,35.67,826.4548,7,71.4,7,1.0,414.23511,2,27.5695,8.4695,0.71,10347,HFX193_IPP292_GEL_CRC_324_Odd.raw,1.1E6,7.74E6,2,2,2,2,"Acetylation (N-term)",,0 0 40 21 21 33 5,S(+42.01)TVLKTH,sp|Q8TD20|GTR12_HUMAN:sp|Q9BWH6|RPAP1_HUMAN:sp|Q13395|TARB1_HUMAN:sp|Q8NGH3|OR2D3_HUMAN:sp|Q5VZ46|K1614_HUMAN:sp|P46939|UTRN_HUMAN:sp|Q9UF56|FXL17_HUMAN:sp|O15516|CLOCK_HUMAN:sp|Q7Z570|Z804A_HUMAN:sp|Q6ZNA4|RN111_HUMAN:sp|Q00604|NDP_HUMAN:sp|O43451|MGA_HUMAN:sp|Q460N5|PAR14_HUMAN:sp|Q7L1W4|LRC8D_HUMAN:sp|Q5T3F8|CSCL2_HUMAN:sp|Q8N4N3|KLH36_HUMAN:sp|Q92621|NU205_HUMAN:sp|P46721|SO1A2_HUMAN:sp|Q9P225|DYH2_HUMAN:sp|P40429|RL13A_HUMAN:sp|Q9UNN5|FAF1_HUMAN:sp|Q8NGY7|O10J6_HUMAN:sp|Q7Z6E9|RBBP6_HUMAN:sp|Q99715|COCA1_HUMAN:sp|O15255|CXX1_HUMAN:sp|P22695|QCR2_HUMAN:sp|Q16512|PKN1_HUMAN:sp|Q96MC2|DRC1_HUMAN:sp|O43908|NKG2F_HUMAN:sp|Q9H583|HEAT1_HUMAN:sp|P57081|WDR4_HUMAN:sp|Q9HAI6|TASL_HUMAN:sp|Q5TZA2|CROCC_HUMAN:sp|P02671|FIBA_HUMAN:sp|Q8TE99|PXYP1_HUMAN:sp|O00303|EIF3F_HUMAN:sp|Q3MII6|TBC25_HUMAN:sp|Q587J7|TDR12_HUMAN:sp|Q13093|PAFA_HUMAN:sp|Q8IXR9|CL056_HUMAN:sp|A6NK59|ASB14_HUMAN:sp|Q6EKJ0|GTD2B_HUMAN:sp|Q96DW6|S2538_HUMAN:sp|Q05707|COEA1_HUMAN:sp|Q86VW0|SESD1_HUMAN:sp|P13807|GYS1_HUMAN:sp|Q5SSJ5|HP1B3_HUMAN:sp|Q0VAM2|RGF1B_HUMAN:sp|P20020|AT2B1_HUMAN:sp|O60504|VINEX_HUMAN:sp|Q9Y490|TLN1_HUMAN:sp|P0C874|S31D3_HUMAN:sp|Q01814|AT2B2_HUMAN:sp|Q9NR63|CP26B_HUMAN:sp|P54253|ATX1_HUMAN:sp|P10745|RET3_HUMAN:sp|Q86UP8|GTD2A_HUMAN:sp|O94886|CSCL1_HUMAN:sp|Q07444|NKG2E_HUMAN:sp|Q9BZ72|PITM2_HUMAN:sp|Q96R54|O14A2_HUMAN:sp|Q86TU7|SETD3_HUMAN:sp|P31040|SDHA_HUMAN:sp|Q6ZUB0|S31D4_HUMAN:sp|Q5T601|AGRF1_HUMAN:sp|Q8IYW4|ENTD1_HUMAN:sp|P26717|NKG2C_HUMAN:sp|Q9Y6C5|PTC2_HUMAN:sp|P16260|GDC_HUMAN:sp|P57678|GEMI4_HUMAN:sp|Q9UFH2|DYH17_HUMAN:sp|Q9NP61|ARFG3_HUMAN:sp|Q96PY5|FMNL2_HUMAN:sp|Q149M9|NWD1_HUMAN:sp|Q9BYB0|SHAN3_HUMAN:sp|Q15619|OR1C1_HUMAN:sp|Q96KW2|P12L2_HUMAN:sp|Q9Y2I7|FYV1_HUMAN:sp|Q8N957|ANKF1_HUMAN:sp|P78527|PRKDC_HUMAN:sp|Q63HM9|PLCX3_HUMAN:sp|Q9HCU8|DPOD4_HUMAN:sp|Q9H869|YYAP1_HUMAN:sp|Q3T8J9|GON4L_HUMAN:sp|Q68DN1|CB016_HUMAN:sp|Q9C0I1|MTMRC_HUMAN:sp|Q9NZI7|UBIP1_HUMAN:sp|Q8N865|CG031_HUMAN:sp|Q5UIP0|RIF1_HUMAN:sp|O75356|ENTP5_HUMAN:sp|O15118|NPC1_HUMAN:sp|P57679|EVC_HUMAN:sp|Q9H7F0|AT133_HUMAN:sp|Q7Z407|CSMD3_HUMAN:sp|Q9H8H2|DDX31_HUMAN:sp|O95466|FMNL1_HUMAN:sp|P42356|PI4KA_HUMAN:sp|Q7RTW8|OTOAN_HUMAN:sp|Q9HB19|PKHA2_HUMAN:sp|P54840|GYS2_HUMAN:sp|P22607|FGFR3_HUMAN:sp|Q86Y07|VRK2_HUMAN:sp|O00268|TAF4_HUMAN:sp|P20742|PZP_HUMAN:sp|Q92608|DOCK2_HUMAN:sp|Q9BWD1|THIC_HUMAN:sp|Q5JWR5|DOP1_HUMAN:sp|Q8NGE7|OR9K2_HUMAN:sp|Q92696|PGTA_HUMAN:sp|Q9Y3A5|SBDS_HUMAN:sp|Q8NG31|KNL1_HUMAN,DeepNovo
S(+42.01)TVSRLAGKSGSGGVKLVKVKKE,100.22,2356.3801,23,78.3,23,-2.4,472.28217,5,25.9338,1.2338,0.35,9688,HFX193_IPP292_GEL_CRC_324_Even.raw,7.66E5,7.25E6,2,2,2,2,"Acetylation (N-term)",,3 2 2 2 2 3 0 0 0 69 69 22 0 0 14 17 17 17 18 13 13 12 5,S(+42.01)TVSRLAGKSGSGGVKLVKVKKE,sp|Q9BWH6|RPAP1_HUMAN:sp|Q96PE2|ARHGH_HUMAN:sp|P48637|GSHB_HUMAN:sp|P42858|HD_HUMAN:sp|Q5H9B9|BM2KL_HUMAN:sp|Q15517|CDSN_HUMAN:sp|Q9H4D0|CSTN2_HUMAN:sp|Q96JH7|VCIP1_HUMAN:sp|Q6UB98|ANR12_HUMAN:sp|Q9C093|SPEF2_HUMAN:sp|Q86Y26|NUTM1_HUMAN:sp|P35221|CTNA1_HUMAN:sp|Q9NZQ3|SPN90_HUMAN:sp|Q86WI3|NLRC5_HUMAN:tr|A0A087WYE8|A0A087WYE8_HUMAN:sp|Q12766|HMGX3_HUMAN:sp|Q92750|TAF4B_HUMAN:sp|Q5T6F2|UBAP2_HUMAN:sp|A0AV02|S12A8_HUMAN:sp|Q7Z6E9|RBBP6_HUMAN:sp|Q09019|DMWD_HUMAN:sp|Q9P218|COKA1_HUMAN:sp|O60279|SUSD5_HUMAN:sp|Q9HCP6|HHATL_HUMAN:sp|P61225|RAP2B_HUMAN:sp|P32242|OTX1_HUMAN:sp|P49759|CLK1_HUMAN:sp|Q16877|F264_HUMAN:sp|Q7RTZ1|OVCH2_HUMAN:sp|Q96K83|ZN521_HUMAN:sp|Q9NWB7|IFT57_HUMAN:sp|Q9NY15|STAB1_HUMAN:sp|P15924|DESP_HUMAN:sp|P40205|NCYM_HUMAN:sp|Q16584|M3K11_HUMAN:sp|O60673|REV3L_HUMAN:sp|Q96LB3|IFT74_HUMAN:sp|O00329|PK3CD_HUMAN:sp|Q13615|MTMR3_HUMAN:sp|Q2KJY2|KI26B_HUMAN:sp|O60687|SRPX2_HUMAN:sp|Q9UBS9|SUCO_HUMAN:sp|O95486|SC24A_HUMAN:sp|Q2QGD7|ZXDC_HUMAN:sp|Q8TE58|ATS15_HUMAN:sp|Q02487|DSC2_HUMAN:sp|Q6P4F7|RHGBA_HUMAN:sp|P11161|EGR2_HUMAN:sp|Q9P015|RM15_HUMAN:sp|Q8NEV4|MYO3A_HUMAN:tr|A0A075B7D0|A0A075B7D0_HUMAN:sp|P19429|TNNI3_HUMAN:sp|Q96T58|MINT_HUMAN:sp|Q12830|BPTF_HUMAN:sp|Q9NX61|T161A_HUMAN:sp|Q2TAL8|QRIC1_HUMAN:sp|Q8NHV4|NEDD1_HUMAN:sp|Q9BTW9|TBCD_HUMAN:sp|Q12851|M4K2_HUMAN:sp|O60675|MAFK_HUMAN:sp|Q9HCK4|ROBO2_HUMAN:sp|Q969M1|TM40L_HUMAN:sp|Q8TDL5|BPIB1_HUMAN:sp|O14525|ASTN1_HUMAN:sp|A6NJJ6|CS067_HUMAN:sp|Q96SW2|CRBN_HUMAN:sp|Q5VU43|MYOME_HUMAN:sp|Q8N9U9|SPOT1_HUMAN:sp|Q9Y2X9|ZN281_HUMAN:sp|Q9H2K2|TNKS2_HUMAN:sp|Q13952|NFYC_HUMAN:sp|Q9Y3L5|RAP2C_HUMAN:sp|Q12852|M3K12_HUMAN:sp|Q5VZB9|DMRTA_HUMAN:sp|P06737|PYGL_HUMAN:sp|P29144|TPP2_HUMAN:sp|P11234|RALB_HUMAN:sp|Q7Z7C7|STRA8_HUMAN:sp|Q9H190|SDCB2_HUMAN:sp|Q15075|EEA1_HUMAN:sp|Q8IXJ9|ASXL1_HUMAN:sp|Q8TF72|SHRM3_HUMAN:sp|Q16181|SEPT7_HUMAN:sp|Q9Y4X0|AMMR1_HUMAN:sp|P05412|JUN_HUMAN:sp|Q14524|SCN5A_HUMAN:sp|P18825|ADA2C_HUMAN:sp|Q8N3Y7|RDHE2_HUMAN:sp|Q5SRH9|TT39A_HUMAN:sp|Q9BRU9|UTP23_HUMAN:sp|Q53H76|PLA1A_HUMAN:sp|Q96CN7|ISOC1_HUMAN:sp|Q6E0U4|DMKN_HUMAN:sp|P46199|IF2M_HUMAN:sp|O95409|ZIC2_HUMAN:sp|Q8IW19|APLF_HUMAN:sp|Q9NRJ4|TULP4_HUMAN:sp|Q8TD19|NEK9_HUMAN:sp|P41161|ETV5_HUMAN:sp|Q9NSC2|SALL1_HUMAN:sp|Q9UIG0|BAZ1B_HUMAN:sp|Q99590|SCAFB_HUMAN:sp|Q9Y222|DMTF1_HUMAN:sp|O75197|LRP5_HUMAN:sp|Q92565|RPGF5_HUMAN:sp|Q12893|TM115_HUMAN:sp|Q9UPU9|SMAG1_HUMAN:sp|Q7Z4N2|TRPM1_HUMAN:sp|Q9H0I2|ENKD1_HUMAN:sp|Q8IYW2|CFA46_HUMAN:sp|P53384|NUBP1_HUMAN:sp|Q9NYU1|UGGG2_HUMAN:sp|Q3ZLR7|SP201_HUMAN:sp|O15117|FYB1_HUMAN:sp|Q9BYK8|HELZ2_HUMAN:sp|Q03164|KMT2A_HUMAN:sp|Q9NRH2|SNRK_HUMAN:sp|Q01780|EXOSX_HUMAN:sp|O95239|KIF4A_HUMAN:sp|Q7L311|ARMX2_HUMAN,DeepNovo
S(+42.01)TVTAV,21.00,618.3224,6,66.7,6,1.2,619.33044,1,40.0707,-9.1293,0.57,15413,HFX193_IPP292_GEL_CRC_324_Odd.raw,7.83E5,6.02E6,1,1,1,1,"Acetylation (N-term)",,0 0 18 22 22 5,S(+42.01)TVTAV,sp|Q8NCW0|KREM2_HUMAN,DB Search
S(+42.01)VAGKKPLL,38.22,953.5909,9,55.6,9,2.1,477.80374,2,39.3962,-11.5038,0.55,15156,HFX193_IPP292_GEL_CRC_324_Odd.raw,3.22E5,2.06E6,1,1,1,1,"Acetylation (N-term)",,0 0 0 0 7 7 2 2 5,S(+42.01)VAGKKPLL,sp|Q9C0B6|BRNP2_HUMAN:sp|Q14849|STAR3_HUMAN:sp|Q8WXE1|ATRIP_HUMAN:sp|P35568|IRS1_HUMAN:sp|Q53FZ2|ACSM3_HUMAN:sp|Q6UXH9|PAMR1_HUMAN:sp|Q96SB3|NEB2_HUMAN:sp|Q76B58|BRNP3_HUMAN:sp|A6NGW2|STRCL_HUMAN:sp|Q6ZNA5|FRRS1_HUMAN:sp|Q6ZN16|M3K15_HUMAN:sp|Q14390|GGTL2_HUMAN:sp|Q8IUF8|RIOX2_HUMAN:sp|Q8NEA9|GMCL2_HUMAN:sp|Q12772|SRBP2_HUMAN:sp|Q6PIF6|MYO7B_HUMAN:sp|P23786|CPT2_HUMAN:sp|Q96L73|NSD1_HUMAN:sp|A4D0S4|LAMB4_HUMAN:sp|Q9BY31|ZN717_HUMAN:sp|Q15744|CEBPE_HUMAN:sp|Q9Y232|CDYL_HUMAN:sp|Q8NFD5|ARI1B_HUMAN:sp|Q5VW36|FOCAD_HUMAN:sp|Q96MN2|NALP4_HUMAN:sp|Q5VT98|PRA20_HUMAN:sp|Q9NUT2|MITOS_HUMAN:sp|A0A087WUV0|ZN892_HUMAN:sp|Q7Z3Z3|PIWL3_HUMAN:sp|Q9UPA5|BSN_HUMAN:sp|Q9NUW8|TYDP1_HUMAN:sp|Q15025|TNIP1_HUMAN:sp|Q08AN1|ZN616_HUMAN:sp|Q02446|SP4_HUMAN:sp|Q5HYK9|ZN667_HUMAN:sp|Q5JVG8|ZN506_HUMAN:sp|Q14397|GCKR_HUMAN:sp|Q5VXH4|PRAM6_HUMAN:sp|Q15714|T22D1_HUMAN:sp|Q8TDW5|SYTL5_HUMAN:sp|Q96AC6|KIFC2_HUMAN:sp|Q7Z2Y5|NRK_HUMAN:sp|A4D1E1|Z804B_HUMAN:sp|Q969R5|LMBL2_HUMAN:sp|Q8N6H7|ARFG2_HUMAN:sp|Q53T59|H1BP3_HUMAN:sp|Q9H313|TTYH1_HUMAN:sp|Q9H2T7|RBP17_HUMAN:sp|Q14722|KCAB1_HUMAN:sp|P98164|LRP2_HUMAN:sp|P51531|SMCA2_HUMAN:sp|Q96DT5|DYH11_HUMAN:sp|Q12830|BPTF_HUMAN:sp|Q9ULV3|CIZ1_HUMAN:sp|Q86YT6|MIB1_HUMAN:sp|Q9UPX6|MNAR1_HUMAN:sp|O14964|HGS_HUMAN:sp|Q9BSR8|YIPF4_HUMAN:sp|Q9BTW9|TBCD_HUMAN:sp|Q8IZV5|RDH10_HUMAN:sp|Q496Y0|LONF3_HUMAN:sp|Q8N126|CADM3_HUMAN:sp|Q8IU89|CERS3_HUMAN:sp|Q86VV8|RTTN_HUMAN:sp|Q8NFZ0|FBH1_HUMAN:sp|Q01970|PLCB3_HUMAN:sp|Q9NQ48|LZTL1_HUMAN:sp|O14980|XPO1_HUMAN:sp|P14735|IDE_HUMAN:sp|Q5T0B9|ZN362_HUMAN:sp|P54278|PMS2_HUMAN:sp|Q13625|ASPP2_HUMAN:sp|P58505|CU058_HUMAN:sp|Q6P2S7|TTC41_HUMAN:sp|Q7Z449|CP2U1_HUMAN:sp|Q13402|MYO7A_HUMAN:sp|Q0VF96|CGNL1_HUMAN:sp|Q96DZ5|CLIP3_HUMAN:sp|Q9Y6Q2|STON1_HUMAN:sp|Q8N8N7|PTGR2_HUMAN:sp|P51508|ZNF81_HUMAN:sp|Q05516|ZBT16_HUMAN:sp|Q13127|REST_HUMAN:sp|A6NES4|MRO2A_HUMAN:sp|P15822|ZEP1_HUMAN:sp|O95436|NPT2B_HUMAN:sp|Q9UPP1|PHF8_HUMAN:sp|B5ME19|EIFCL_HUMAN:sp|Q86Z14|KLOTB_HUMAN:sp|P36578|RL4_HUMAN:sp|Q9HCC9|LST2_HUMAN:sp|Q8IW19|APLF_HUMAN:sp|P35232|PHB1_HUMAN:sp|Q86YC3|LRC33_HUMAN:sp|P01042|KNG1_HUMAN:sp|O14994|SYN3_HUMAN:sp|Q86WJ1|CHD1L_HUMAN:sp|P0DTL5|TM276_HUMAN:sp|Q14576|ELAV3_HUMAN:sp|Q8N386|LRC25_HUMAN:sp|A6NGU5|GGT3_HUMAN:sp|Q6IQ21|ZN770_HUMAN:sp|Q8N357|S35F6_HUMAN:sp|Q96M94|KLH15_HUMAN:sp|P62847|RS24_HUMAN:sp|O75553|DAB1_HUMAN:sp|Q9UJ83|HACL1_HUMAN:sp|O75140|DEPD5_HUMAN:sp|Q8N6M0|OTU6B_HUMAN:sp|Q7Z443|PK1L3_HUMAN:sp|Q9Y6V0|PCLO_HUMAN:sp|Q5M7Z0|RNFT1_HUMAN:sp|Q9Y5G2|PCDGE_HUMAN:sp|Q09472|EP300_HUMAN:sp|P51826|AFF3_HUMAN:sp|Q86UU0|BCL9L_HUMAN:sp|B5MD39|GGTL3_HUMAN:sp|Q6ZN19|ZN841_HUMAN:sp|P35789|ZNF93_HUMAN:sp|O75886|STAM2_HUMAN,DeepNovo
S(+42.01)VAGRDLTGG,46.12,973.4828,10,40.0,10,3.4,487.75034,2,42.0080,4.5080,0.50,16196,HFX193_IPP292_GEL_CRC_324_Even.raw,8.44E5,5.2E6,1,1,1,1,"Acetylation (N-term)",,0 0 7 0 0 2 2 2 0 0,S(+42.01)VAGRDLTGG,,DeepNovo
S(+42.01)VAKSGGRL,35.70,915.5137,9,66.7,9,1.1,458.76468,2,26.1992,10.2992,0.43,9791,HFX193_IPP292_GEL_CRC_324_Odd.raw,,,1,1,0,0,"Acetylation (N-term)",,5 14 10 10 5 1 1 1 5,S(+42.01)VAKSGGRL,,DeepNovo
S(+42.01)VEERKGGSL,47.81,1102.5618,10,50.0,10,2.2,552.28943,2,33.6947,16.8947,0.82,12816,HFX193_IPP292_GEL_CRC_324_Even.raw,9.11E5,6.59E6,1,1,1,1,"Acetylation (N-term)",,0 0 16 5 1 2 0 0 3 3,S(+42.01)VEERKGGSL,sp|Q14117|DPYS_HUMAN:sp|O94901|SUN1_HUMAN:sp|Q12851|M4K2_HUMAN:sp|Q5U5R9|HECD2_HUMAN:sp|Q5VYV0|FOXB2_HUMAN:sp|P05060|SCG1_HUMAN:sp|Q99944|EGFL8_HUMAN:sp|Q6ZRH7|CTSRG_HUMAN:sp|Q9Y250|LZTS1_HUMAN:sp|P21917|DRD4_HUMAN:sp|A6NDB9|PALM3_HUMAN:sp|Q9BYV2|TRI54_HUMAN:tr|A0A1W2PPM0|A0A1W2PPM0_HUMAN:sp|Q8IWZ3|ANKH1_HUMAN:sp|Q8TBZ2|MYBPP_HUMAN:sp|P98177|FOXO4_HUMAN:sp|Q6ZV77|CI139_HUMAN:sp|Q8WXA9|SREK1_HUMAN:sp|Q9UGR2|Z3H7B_HUMAN:sp|Q96EG1|ARSG_HUMAN:sp|Q3KR16|PKHG6_HUMAN:sp|H7C350|CC188_HUMAN:sp|Q9BUB5|MKNK1_HUMAN:sp|O95180|CAC1H_HUMAN:sp|P04439|HLAA_HUMAN:sp|Q8TEQ0|SNX29_HUMAN:sp|P16083|NQO2_HUMAN:sp|Q8N2I9|STK40_HUMAN:sp|O95255|MRP6_HUMAN:sp|P06748|NPM_HUMAN:sp|P30679|GNA15_HUMAN:TCF7L2_DEL_A-p.K485Sfs*23_::chr10:113165058-113166058_frame=-1:sp|Q15054|DPOD3_HUMAN:sp|Q9NYX4|CALY_HUMAN:sp|A5PLK6|RGSL_HUMAN:sp|Q86VS3|IQCH_HUMAN:sp|P35908|K22E_HUMAN:sp|Q8NCL4|GALT6_HUMAN:sp|Q96JK4|HIPL1_HUMAN:sp|P21731|TA2R_HUMAN:sp|Q9BXT5|TEX15_HUMAN:sp|Q8NEV9|IL27A_HUMAN:sp|Q6P597|KLC3_HUMAN:sp|Q8N4T8|CBR4_HUMAN:sp|O75943|RAD17_HUMAN:sp|Q14126|DSG2_HUMAN:sp|P42345|MTOR_HUMAN:sp|P40200|TACT_HUMAN:sp|Q9Y426|C2CD2_HUMAN:sp|P16144|ITB4_HUMAN:sp|O96028|NSD2_HUMAN:XYLT2_DEL_C-p.G529Afs*78_::chr17:50356106-50357106_frame=-2:sp|O00555|CAC1A_HUMAN:sp|Q495A1|TIGIT_HUMAN:sp|Q5XUX1|FBXW9_HUMAN:sp|P02810|PRPC_HUMAN:sp|Q99967|CITE2_HUMAN:sp|Q9BRZ2|TRI56_HUMAN:sp|Q01813|PFKAP_HUMAN:sp|P35443|TSP4_HUMAN:sp|Q9NZ94|NLGN3_HUMAN:sp|Q9UPQ9|TNR6B_HUMAN:sp|P53804|TTC3_HUMAN:sp|Q9BYN0|SRXN1_HUMAN:sp|Q969G5|CAVN3_HUMAN:sp|Q15486|GUSP1_HUMAN:sp|P61599|NAA20_HUMAN:sp|Q8IVH8|M4K3_HUMAN:sp|Q7Z460|CLAP1_HUMAN:sp|Q9Y6V0|PCLO_HUMAN:sp|Q6ZU35|CRACD_HUMAN:sp|A0A087WXM9|MEIKN_HUMAN:sp|O75354|ENTP6_HUMAN:sp|Q14739|LBR_HUMAN:sp|P01893|HLAH_HUMAN:sp|Q8IZT6|ASPM_HUMAN:sp|Q00653|NFKB2_HUMAN,DeepNovo
S(+42.01)VEKSVGGGV,33.01,959.4924,10,80.0,10,-4.4,480.75134,2,46.1112,2.7112,0.29,17882,HFX193_IPP292_GEL_CRC_324_Odd.raw,4.35E4,8.46E5,2,2,1,1,"Acetylation (N-term)",,4 4 4 4 6 12 0 0 5 5,S(+42.01)VEKSVGGGV,,DeepNovo
S(+42.01)VERTF,11.93,779.3813,6,0.0,6,1.2,780.38959,1,42.2474,-12.7526,0.49,16330,HFX193_IPP292_GEL_CRC_324_Odd.raw,2.94E5,3.28E6,1,1,1,1,"Acetylation (N-term)",,0 0 0 0 1 1,S(+42.01)VERTF,sp|Q9UBT6|POLK_HUMAN,DB Search
S(+42.01)VGGKRVAGN(+0.98)L,42.33,1099.5985,11,36.4,11,2.3,550.80780,2,39.1618,10.4618,0.56,15041,HFX193_IPP292_GEL_CRC_324_Even.raw,1.52E6,9.46E6,1,1,1,1,"Acetylation (N-term);Deamidation (NQ)",,0 0 0 0 6 0 2 0 0 3 5,S(+42.01)VGGKRVAGN(+0.98)L,sp|A0A075B6I3|LVK55_HUMAN:sp|Q96AQ8|MCUR1_HUMAN:sp|Q09666|AHNK_HUMAN:sp|O95793|STAU1_HUMAN:sp|Q96B23|CR025_HUMAN:sp|P50897|PPT1_HUMAN:sp|Q71F56|MD13L_HUMAN:sp|Q6Q759|SPG17_HUMAN:sp|P09001|RM03_HUMAN:sp|Q8N6M5|ALLC_HUMAN:sp|Q8N3P4|VPS8_HUMAN:ANO10_DEL_T-p.D45Mfs*12_::chr3:43605221-43606221_frame=3:sp|Q8IUZ5|AT2L2_HUMAN:sp|Q96TA2|YMEL1_HUMAN:sp|P13984|T2FB_HUMAN:sp|Q9UK12|ZN222_HUMAN:sp|O15040|TCPR2_HUMAN:sp|P31327|CPSM_HUMAN:sp|Q7Z5P9|MUC19_HUMAN:sp|O00443|P3C2A_HUMAN:sp|Q6U736|OPN5_HUMAN:sp|Q13315|ATM_HUMAN:sp|Q6UB35|C1TM_HUMAN,DeepNovo
S(+42.01)VGGKRVGADL,40.81,1099.5985,11,36.4,11,2.0,550.80762,2,39.2953,1.5953,0.60,15120,HFX193_IPP292_GEL_CRC_324_Odd.raw,2.99E5,2.74E6,1,1,1,1,"Acetylation (N-term)",,0 0 1 1 5 0 2 0 0 3 5,S(+42.01)VGGKRVGADL,,DeepNovo
S(+42.01)VGKKKLL,31.66,913.5960,8,75.0,8,1.2,457.80582,2,32.1440,12.3440,0.68,12208,HFX193_IPP292_GEL_CRC_324_Even.raw,2.56E6,1.38E7,3,3,1,1,"Acetylation (N-term)",,0 0 2 2 3 3 5 5,S(+42.01)VGKKKLL,sp|O95255|MRP6_HUMAN,DB Search
S(+42.01)VGSRLLK,37.55,900.5392,8,50.0,8,-0.4,451.27670,2,35.6554,-12.6446,0.85,13618,HFX193_IPP292_GEL_CRC_324_Even.raw,1.27E6,9.1E6,1,1,1,1,"Acetylation (N-term)",,1 1 2 1 0 4 8 5,S(+42.01)VGSRLLK,sp|P15735|PHKG2_HUMAN:sp|P42694|HELZ_HUMAN:sp|Q96LR7|CB050_HUMAN:sp|Q7Z7A4|PXK_HUMAN:sp|Q6PIF6|MYO7B_HUMAN:sp|P82930|RT34_HUMAN:sp|Q86WS5|TMPSC_HUMAN:sp|Q49AG3|ZBED5_HUMAN:sp|Q9UIQ6|LCAP_HUMAN:sp|Q2VWA4|SKOR2_HUMAN:sp|Q7KZF4|SND1_HUMAN:sp|P25101|EDNRA_HUMAN:sp|O60825|F262_HUMAN:sp|O14965|AURKA_HUMAN:sp|P48723|HSP13_HUMAN:sp|Q86WA8|LONP2_HUMAN:sp|Q9HCJ0|TNR6C_HUMAN:sp|O60279|SUSD5_HUMAN:sp|A0A578|TVB51_HUMAN:sp|Q9Y6M5|ZNT1_HUMAN:sp|Q9HAI6|TASL_HUMAN:sp|Q9UPT8|ZC3H4_HUMAN:sp|Q8IZL8|PELP1_HUMAN:sp|O60318|GANP_HUMAN:sp|Q9Y5G5|PCDG8_HUMAN:sp|P28288|ABCD3_HUMAN:sp|Q5CZA5|ZN805_HUMAN:sp|A6NKG5|RTL1_HUMAN:sp|Q14CS0|UBX2B_HUMAN:sp|Q8NDH2|CC168_HUMAN:sp|Q9P273|TEN3_HUMAN:sp|Q9NVX7|KBTB4_HUMAN:sp|Q9UHJ6|SHPK_HUMAN:sp|Q9Y5H2|PCDGB_HUMAN:sp|Q96AN5|TM143_HUMAN:sp|Q9BXF9|TEKT3_HUMAN:sp|P45954|ACDSB_HUMAN:sp|P28222|5HT1B_HUMAN:sp|Q15813|TBCE_HUMAN:sp|Q9Y5G7|PCDG6_HUMAN:sp|Q9Y3B8|ORN_HUMAN:sp|Q8TC27|ADA32_HUMAN:sp|P46977|STT3A_HUMAN:sp|O95299|NDUAA_HUMAN:sp|P17927|CR1_HUMAN:sp|A1KZ92|PXDNL_HUMAN:sp|Q9BQQ7|RTP3_HUMAN:sp|Q6UWH6|TX261_HUMAN:sp|Q10588|BST1_HUMAN:sp|Q9UI10|EI2BD_HUMAN:sp|Q32MZ4|LRRF1_HUMAN:sp|O15230|LAMA5_HUMAN:sp|Q9H8E8|CSR2B_HUMAN:sp|Q8NAA4|A16L2_HUMAN:sp|Q8NBU5|ATAD1_HUMAN:sp|Q9UNS1|TIM_HUMAN:sp|Q9HBA9|FOH1B_HUMAN:sp|O95248|MTMR5_HUMAN:sp|Q495Z4|ASAS1_HUMAN:sp|Q9H900|ZWILC_HUMAN:sp|Q86VV8|RTTN_HUMAN:sp|O94973|AP2A2_HUMAN:sp|P29375|KDM5A_HUMAN:sp|Q7RTS9|DYM_HUMAN:sp|Q99741|CDC6_HUMAN:sp|Q9NUJ7|PLCX1_HUMAN:sp|Q9H346|O52D1_HUMAN:sp|Q8WZ42|TITIN_HUMAN:sp|Q92974|ARHG2_HUMAN:sp|Q9H252|KCNH6_HUMAN:sp|P22033|MUTA_HUMAN:sp|Q04609|FOLH1_HUMAN:sp|Q8NGC1|O11G2_HUMAN:sp|P34969|5HT7R_HUMAN:sp|Q9NS98|SEM3G_HUMAN:sp|Q9H211|CDT1_HUMAN:sp|Q01167|FOXK2_HUMAN:sp|Q9Y6Q2|STON1_HUMAN:sp|Q9P2G4|MAP10_HUMAN:sp|P40763|STAT3_HUMAN:sp|Q9BXM9|FSD1L_HUMAN:sp|Q8NH08|O10AC_HUMAN:sp|Q6PCE3|PGM2L_HUMAN:sp|P07199|CENPB_HUMAN:sp|Q6ZU65|UBN2_HUMAN:sp|P53667|LIMK1_HUMAN:sp|Q5TC63|GRTP1_HUMAN:sp|Q99972|MYOC_HUMAN:sp|P55786|PSA_HUMAN:sp|P98160|PGBM_HUMAN:sp|Q9NR64|KLHL1_HUMAN:sp|Q6ZR08|DYH12_HUMAN:sp|Q6P1Q9|MET2B_HUMAN:sp|Q8WXH2|JPH3_HUMAN:sp|Q9NWV8|BABA1_HUMAN:sp|P18074|ERCC2_HUMAN:sp|A6NGY5|O51F1_HUMAN:sp|P36578|RL4_HUMAN:sp|Q9UBF2|COPG2_HUMAN:sp|Q9Y672|ALG6_HUMAN:sp|Q15772|SPEG_HUMAN:sp|O60330|PCDGC_HUMAN:sp|Q16478|GRIK5_HUMAN:sp|Q86Y13|DZIP3_HUMAN:sp|P14550|AK1A1_HUMAN:sp|Q8NDW8|TT21A_HUMAN:sp|O75182|SIN3B_HUMAN:sp|Q8WXG9|AGRV1_HUMAN:sp|Q2TB90|HKDC1_HUMAN:sp|P08648|ITA5_HUMAN:sp|P49771|FLT3L_HUMAN:sp|Q10571|MN1_HUMAN:sp|Q9BYT8|NEUL_HUMAN:sp|Q9ULR3|PPM1H_HUMAN:sp|Q9Y6X9|MORC2_HUMAN:sp|Q9NR48|ASH1L_HUMAN:sp|P55851|UCP2_HUMAN:sp|Q03164|KMT2A_HUMAN:MXRA8_DEL_G-p.R301Gfs*107_::chr1:1354230-1355230_frame=2:sp|P06400|RB_HUMAN,DeepNovo
S(+42.01)VGVII,20.08,628.3796,6,66.7,6,-0.1,629.38678,1,69.3891,-58.2109,0.85,27130,HFX193_IPP292_GEL_CRC_324_Even.raw,1.67E6,5.84E6,3,3,2,2,"Acetylation (N-term)",,0 0 16 64 52 5,S(+42.01)VGVII,sp|O94806|KPCD3_HUMAN:sp|Q15139|KPCD1_HUMAN,DB Search
S(+42.01)VKAASKL,37.82,844.5018,8,75.0,8,1.1,423.25864,2,35.1407,11.8407,0.66,13419,HFX193_IPP292_GEL_CRC_324_Even.raw,7.78E5,5.44E6,1,1,1,1,"Acetylation (N-term)",,0 0 30 6 5 4 5 5,S(+42.01)VKAASKL,sp|P28908|TNR8_HUMAN:sp|Q9H477|RBSK_HUMAN:sp|Q658T7|F90A2_HUMAN:sp|O15439|MRP4_HUMAN:sp|Q9UGV2|NDRG3_HUMAN:sp|Q9UK00|CC018_HUMAN:sp|Q9BRQ8|FSP1_HUMAN:sp|P48378|RFX2_HUMAN:sp|Q13428|TCOF_HUMAN:sp|A2VCK2|DCD2B_HUMAN:sp|A8MWA6|F90AM_HUMAN:sp|Q56UN5|M3K19_HUMAN:sp|Q9ULU8|CAPS1_HUMAN:sp|Q7Z7C8|TAF8_HUMAN:sp|Q9BSJ2|GCP2_HUMAN:sp|P42766|RL35_HUMAN:sp|Q01650|LAT1_HUMAN:sp|Q86Y26|NUTM1_HUMAN:sp|Q9Y2E6|DTX4_HUMAN:sp|Q9UI08|EVL_HUMAN:sp|Q2VWA4|SKOR2_HUMAN:sp|Q86WI3|NLRC5_HUMAN:sp|Q8NEN9|PDZD8_HUMAN:sp|Q9Y5I4|PCDC2_HUMAN:sp|O94855|SC24D_HUMAN:sp|Q86YV5|PRAG1_HUMAN:sp|Q9NQT4|EXOS5_HUMAN:sp|Q96QP1|ALPK1_HUMAN:tr|A0A8V8TNH8|A0A8V8TNH8_HUMAN:sp|Q9Y5H6|PCDA8_HUMAN:sp|A0A087WUV0|ZN892_HUMAN:sp|Q641Q2|WAC2A_HUMAN:sp|Q9UPA5|BSN_HUMAN:sp|Q8NCN2|ZBT34_HUMAN:tr|A0A087WZK3|A0A087WZK3_HUMAN:sp|Q96N66|MBOA7_HUMAN:sp|Q9BY89|K1671_HUMAN:sp|Q76L83|ASXL2_HUMAN:sp|Q86U90|YRDC_HUMAN:sp|Q9P1Y6|PHRF1_HUMAN:sp|Q9UHJ6|SHPK_HUMAN:sp|Q13017|RHG05_HUMAN:sp|Q5VZL5|ZMYM4_HUMAN:sp|Q96QK1|VPS35_HUMAN:sp|O94986|CE152_HUMAN:sp|Q8WW38|FOG2_HUMAN:sp|Q8IWZ8|SUGP1_HUMAN:sp|Q9Y490|TLN1_HUMAN:sp|Q9Y493|ZAN_HUMAN:sp|P07305|H10_HUMAN:sp|Q5T749|KPRP_HUMAN:sp|Q9UPS8|ANR26_HUMAN:sp|Q12830|BPTF_HUMAN:sp|Q86YT6|MIB1_HUMAN:sp|Q9UQB3|CTND2_HUMAN:sp|Q8NCD3|HJURP_HUMAN:sp|Q9H8E8|CSR2B_HUMAN:sp|P09067|HXB5_HUMAN:sp|Q6ZUA9|MROH5_HUMAN:sp|Q92597|NDRG1_HUMAN:sp|Q9NU02|ANKE1_HUMAN:sp|Q9Y6N6|LAMC3_HUMAN:sp|Q9ULH0|KDIS_HUMAN:sp|Q2M2I3|FA83E_HUMAN:sp|Q9Y4E1|WAC2C_HUMAN:sp|Q53TQ3|IN80D_HUMAN:sp|Q8WZ64|ARAP2_HUMAN:sp|Q96CD0|FBXL8_HUMAN:sp|Q8N8S7|ENAH_HUMAN:sp|P14859|PO2F1_HUMAN:sp|P30153|2AAA_HUMAN:sp|Q9NZL9|MAT2B_HUMAN:sp|Q86WU2|LDHD_HUMAN:sp|P48067|SC6A9_HUMAN:sp|O00507|USP9Y_HUMAN:sp|A8MXJ8|F90A5_HUMAN:tr|A0A8V8TPE2|A0A8V8TPE2_HUMAN:sp|Q8IUL8|CILP2_HUMAN:sp|O75521|ECI2_HUMAN:sp|O95155|UBE4B_HUMAN:sp|A8MZF0|PRR33_HUMAN:sp|Q8IVW6|ARI3B_HUMAN:sp|Q86YD7|F90A1_HUMAN:sp|P62191|PRS4_HUMAN:sp|A6NIJ5|F90AK_HUMAN:sp|Q68CR1|SE1L3_HUMAN:sp|P52732|KIF11_HUMAN:sp|Q9P2Z0|THA10_HUMAN:sp|Q02539|H11_HUMAN:sp|P78424|PO6F2_HUMAN:sp|Q9Y4F3|MARF1_HUMAN:sp|P50851|LRBA_HUMAN:sp|Q14934|NFAC4_HUMAN:sp|P35711|SOX5_HUMAN:sp|Q13563|PKD2_HUMAN:sp|P30203|CD6_HUMAN:sp|Q9NRH1|YAE1_HUMAN:sp|Q86WJ1|CHD1L_HUMAN:sp|P0C7W8|F90AD_HUMAN:sp|P41743|KPCI_HUMAN:sp|Q86YR7|MF2L2_HUMAN:sp|P0DV75|F90AI_HUMAN:sp|Q15139|KPCD1_HUMAN:sp|P18206|VINC_HUMAN:sp|Q8NEM7|SP20H_HUMAN:sp|P23434|GCSH_HUMAN:sp|Q8TB72|PUM2_HUMAN:sp|A8MXZ1|F90AN_HUMAN:sp|Q9H7Y0|DIK2B_HUMAN:sp|Q9NYU1|UGGG2_HUMAN:sp|Q7Z443|PK1L3_HUMAN:sp|P78348|ASIC1_HUMAN:sp|Q9BWS9|CHID1_HUMAN:sp|O15294|OGT1_HUMAN:sp|Q9BYK8|HELZ2_HUMAN:sp|Q7L2K0|TEDC2_HUMAN:sp|Q8ND04|SMG8_HUMAN:sp|Q99835|SMO_HUMAN:sp|P28074|PSB5_HUMAN:sp|O14594|NCAN_HUMAN,DeepNovo
S(+42.01)VKAKAGAL,33.84,885.5283,9,33.3,9,1.4,443.77206,2,34.3679,11.8679,0.84,13124,HFX193_IPP292_GEL_CRC_324_Even.raw,1.85E5,1.84E6,1,1,1,1,"Acetylation (N-term)",,0 0 36 4 1 1 0 0 5,S(+42.01)VKAKAGAL,sp|Q86XA9|HTR5A_HUMAN:sp|Q8IWV8|UBR2_HUMAN:sp|Q96JQ0|PCD16_HUMAN:sp|P22670|RFX1_HUMAN:sp|O94856|NFASC_HUMAN:sp|O60427|FADS1_HUMAN:sp|Q5H9R4|ARMX4_HUMAN:sp|Q6P2Q9|PRP8_HUMAN:sp|P12271|RLBP1_HUMAN:sp|Q7Z7A1|CNTRL_HUMAN:sp|Q567U6|CCD93_HUMAN:sp|P08319|ADH4_HUMAN:sp|Q6UXM1|LRIG3_HUMAN:sp|Q13428|TCOF_HUMAN:sp|A4D0S4|LAMB4_HUMAN:sp|Q8IV53|DEN1C_HUMAN:sp|Q96P47|AGAP3_HUMAN:sp|Q6ZSR9|YJ005_HUMAN:sp|O14776|TCRG1_HUMAN:sp|Q9UBU7|DBF4A_HUMAN:sp|O75122|CLAP2_HUMAN:sp|Q8IV32|CCD71_HUMAN:sp|Q9NRC6|SPTN5_HUMAN:sp|O75792|RNH2A_HUMAN:sp|P04114|APOB_HUMAN:sp|Q13523|PRP4B_HUMAN:sp|O75665|OFD1_HUMAN:sp|Q9Y6I4|UBP3_HUMAN:sp|Q4G163|FBX43_HUMAN:sp|P31327|CPSM_HUMAN:sp|Q1XH10|SKDA1_HUMAN:sp|O43914|TYOBP_HUMAN:sp|Q8N6T7|SIR6_HUMAN:sp|Q2WGJ9|FR1L6_HUMAN:sp|Q86XD8|ZFAN4_HUMAN:sp|Q9NYY1|IL20_HUMAN:sp|Q8N9M1|CS047_HUMAN:sp|Q9BW19|KIFC1_HUMAN:sp|Q9P281|BAHC1_HUMAN:sp|Q5XKL5|BTBD8_HUMAN:sp|O60522|TDRD6_HUMAN:sp|Q8NDH2|CC168_HUMAN:sp|P98095|FBLN2_HUMAN:sp|Q8TE76|MORC4_HUMAN:sp|Q96A73|P33MX_HUMAN:sp|P40926|MDHM_HUMAN:sp|Q7Z2Y5|NRK_HUMAN:sp|Q96P20|NLRP3_HUMAN:sp|Q96NW7|LRRC7_HUMAN:sp|Q9BU64|CENPO_HUMAN:sp|Q05397|FAK1_HUMAN:sp|Q96GW7|PGCB_HUMAN:sp|Q9Y5M1|F215A_HUMAN:sp|Q12955|ANK3_HUMAN:sp|Q92565|RPGF5_HUMAN:sp|Q1L5Z9|LONF2_HUMAN:sp|Q92585|MAML1_HUMAN:sp|Q17RQ9|NKPD1_HUMAN:sp|Q9P2Q2|FRM4A_HUMAN:sp|Q14690|RRP5_HUMAN:sp|Q5VST9|OBSCN_HUMAN:sp|Q9P2M1|LR2BP_HUMAN:sp|Q9H7N4|SFR19_HUMAN:sp|Q9H867|MT21D_HUMAN:sp|Q7Z460|CLAP1_HUMAN:sp|Q9H2U1|DHX36_HUMAN:sp|Q9Y6K9|NEMO_HUMAN:sp|P09874|PARP1_HUMAN:sp|Q5C9Z4|NOM1_HUMAN:sp|Q6ZMZ3|SYNE3_HUMAN:sp|Q9UPN3|MACF1_HUMAN,DeepNovo
S(+42.01)VKERTVL,27.86,972.5604,8,62.5,8,0.2,487.28754,2,39.5521,3.8521,0.92,15224,HFX193_IPP292_GEL_CRC_324_Odd.raw,8.55E5,5.49E6,1,1,1,1,"Acetylation (N-term)",,0 0 47 6 1 2 5 5,S(+42.01)VKERTVL,,DeepNovo
S(+42.01)VKEVRTL,29.21,972.5604,8,75.0,8,1.8,487.28833,2,35.2426,-4.4574,0.45,13449,HFX193_IPP292_GEL_CRC_324_Even.raw,5.23E5,5.81E6,1,1,1,1,"Acetylation (N-term)",,5 9 29 9 0 0 10 5,S(+42.01)VKEVRTL,,DeepNovo
S(+42.01)VKGVDLK,27.69,886.5123,8,50.0,8,0.6,444.26373,2,34.7239,0.0239,0.68,13235,HFX193_IPP292_GEL_CRC_324_Even.raw,2.1E6,1.39E7,1,1,1,1,"Acetylation (N-term)",,0 0 1 1 3 4 56 5,S(+42.01)VKGVDLK,sp|Q96M61|MAGBI_HUMAN:sp|P51148|RAB5C_HUMAN:sp|Q5VT97|SYDE2_HUMAN:sp|Q86TA1|MOB3B_HUMAN:sp|Q6ZNF0|ACP7_HUMAN:sp|Q8NI35|INADL_HUMAN:sp|Q32M45|ANO4_HUMAN:sp|O15480|MAGB3_HUMAN:sp|Q99715|COCA1_HUMAN:sp|O43491|E41L2_HUMAN:sp|Q15738|NSDHL_HUMAN:sp|Q8NHH1|TTL11_HUMAN:sp|Q86XH1|DRC11_HUMAN:sp|Q15047|SETB1_HUMAN:sp|Q99698|LYST_HUMAN:sp|P33991|MCM4_HUMAN:sp|P07948|LYN_HUMAN:sp|B2RTY4|MYO9A_HUMAN:sp|Q14147|DHX34_HUMAN:sp|Q9Y238|DLEC1_HUMAN,DeepNovo
S(+42.01)VKKC(+119.00)PF,33.01,968.4459,7,71.4,7,1.8,485.23111,2,31.0604,1.4604,0.81,11754,HFX193_IPP292_GEL_CRC_324_Even.raw,1.7E5,1.91E6,1,1,1,1,"Acetylation (N-term);Cysteinylation",,0 0 6 5 5 4 4,S(+42.01)VKKC(+119.00)PF,sp|Q15303|ERBB4_HUMAN:sp|Q92954|PRG4_HUMAN:sp|Q96E93|KLRG1_HUMAN:sp|Q9UBI9|HDC_HUMAN:sp|P62280|RS11_HUMAN:sp|P51787|KCNQ1_HUMAN:sp|Q9UKJ8|ADA21_HUMAN:sp|A8MQB3|CQ051_HUMAN:sp|Q86VZ4|LRP11_HUMAN:sp|P00533|EGFR_HUMAN:sp|Q8N8J6|ZN615_HUMAN:sp|Q14242|SELPL_HUMAN:sp|P02768|ALBU_HUMAN:sp|Q5SNV9|CA167_HUMAN:sp|Q8N883|ZN614_HUMAN:sp|P40692|MLH1_HUMAN:sp|P29320|EPHA3_HUMAN:sp|Q9UF33|EPHA6_HUMAN:sp|Q9BPV8|P2Y13_HUMAN:sp|P61221|ABCE1_HUMAN:sp|O60841|IF2P_HUMAN:sp|Q8NFR9|I17RE_HUMAN:sp|O43148|MCES_HUMAN:sp|O75131|CPNE3_HUMAN:sp|Q9NRY4|RHG35_HUMAN,DeepNovo
S(+42.01)VKKKGLL,24.18,913.5960,8,50.0,8,2.3,457.80634,2,31.8400,14.5400,0.73,12060,HFX193_IPP292_GEL_CRC_324_Even.raw,1.63E6,1.13E7,1,1,1,1,"Acetylation (N-term)",,0 0 22 6 0 1 3 5,S(+42.01)VKKKGLL,sp|Q92665|RT31_HUMAN:sp|Q9NZJ0|DTL_HUMAN:sp|Q9BWT6|MND1_HUMAN:sp|P58107|EPIPL_HUMAN:sp|Q8WVV4|POF1B_HUMAN:sp|Q16822|PCKGM_HUMAN:sp|Q6UVJ0|SAS6_HUMAN:sp|Q9NV96|CC50A_HUMAN:sp|Q8TCN5|ZN507_HUMAN:sp|Q9UJU6|DBNL_HUMAN:sp|Q9UPY3|DICER_HUMAN:sp|Q8NEA9|GMCL2_HUMAN:sp|P20929|NEBU_HUMAN:sp|O43854|EDIL3_HUMAN:sp|B7ZC32|KIF28_HUMAN:sp|Q7Z6B0|CCD91_HUMAN:sp|Q93088|BHMT1_HUMAN:sp|Q99798|ACON_HUMAN:sp|Q460N5|PAR14_HUMAN:sp|Q96IK5|GMCL1_HUMAN:sp|A0A7P0TBJ1|HAPR2_HUMAN:sp|O95238|SPDEF_HUMAN:sp|Q6N043|Z280D_HUMAN:sp|P49326|FMO5_HUMAN:sp|O60658|PDE8A_HUMAN:sp|Q13322|GRB10_HUMAN:sp|O94985|CSTN1_HUMAN:sp|Q5TIA1|MEI1_HUMAN:sp|Q7Z6J0|SH3R1_HUMAN:sp|Q96GC6|ZN274_HUMAN:sp|Q6ISB3|GRHL2_HUMAN:sp|A4UGR9|XIRP2_HUMAN:sp|Q8NAP8|ZBT8B_HUMAN:sp|O95630|STABP_HUMAN:sp|Q9UNA4|POLI_HUMAN:sp|A0A087WUV0|ZN892_HUMAN:sp|Q5T9A4|ATD3B_HUMAN:sp|Q9UPA5|BSN_HUMAN:sp|Q9UPT8|ZC3H4_HUMAN:sp|Q9UM73|ALK_HUMAN:sp|P37058|DHB3_HUMAN:sp|Q9UBB6|NCDN_HUMAN:sp|Q9H2M3|BHMT2_HUMAN:sp|Q7RTP0|NIPA1_HUMAN:sp|Q9Y5A9|YTHD2_HUMAN:sp|Q15714|T22D1_HUMAN:sp|A5YKK6|CNOT1_HUMAN:sp|Q8WWK9|CKAP2_HUMAN:sp|P15924|DESP_HUMAN:sp|Q96AV8|E2F7_HUMAN:sp|O75916|RGS9_HUMAN:sp|Q86YC2|PALB2_HUMAN:sp|Q5VZL5|ZMYM4_HUMAN:sp|Q8TB24|RIN3_HUMAN:ZNF518A_DEL_A-p.T929Lfs*2_::chr10:96158599-96159599_frame=3:sp|P21462|FPR1_HUMAN:sp|Q7L5Y6|DET1_HUMAN:sp|Q9Y618|NCOR2_HUMAN:sp|Q13733|AT1A4_HUMAN:sp|Q9Y305|ACOT9_HUMAN:sp|Q5JRM2|CX066_HUMAN:sp|Q6NVV3|NIPA3_HUMAN:sp|A8MY62|BLML_HUMAN:sp|Q86TU7|SETD3_HUMAN:sp|Q9UKK3|PARP4_HUMAN:sp|Q9ULD9|ZN608_HUMAN:sp|O14522|PTPRT_HUMAN:sp|Q9Y4E6|WDR7_HUMAN:sp|Q9H799|CPLN1_HUMAN:sp|Q13356|PPIL2_HUMAN:sp|P33991|MCM4_HUMAN:sp|O00401|WASL_HUMAN:sp|Q9P212|PLCE1_HUMAN:sp|O60832|DKC1_HUMAN:sp|P36915|GNL1_HUMAN:sp|P27695|APEX1_HUMAN:sp|Q96DZ5|CLIP3_HUMAN:sp|Q9H1X3|DJC25_HUMAN:sp|Q8NDV7|TNR6A_HUMAN:sp|Q8IYM0|F186B_HUMAN:sp|Q70EK8|UBP53_HUMAN:sp|Q9UPU5|UBP24_HUMAN:sp|Q15431|SYCP1_HUMAN:sp|A0AUZ9|KAL1L_HUMAN:sp|Q86YW9|MD12L_HUMAN:sp|Q68DN1|CB016_HUMAN:sp|Q14184|DOC2B_HUMAN:sp|Q9UEY8|ADDG_HUMAN:sp|Q9HCI5|MAGE1_HUMAN:sp|P54132|BLM_HUMAN:sp|P01920|DQB1_HUMAN:sp|Q969X6|UTP4_HUMAN:sp|Q58EX2|SDK2_HUMAN:sp|Q9UPP1|PHF8_HUMAN:sp|Q8N3Y7|RDHE2_HUMAN:sp|Q8WXH2|JPH3_HUMAN:sp|Q8N8M0|NAT16_HUMAN:sp|O94874|UFL1_HUMAN:sp|Q6DN12|MCTP2_HUMAN:sp|Q9H8H2|DDX31_HUMAN:sp|O60885|BRD4_HUMAN:sp|Q0D2K0|NIPA4_HUMAN:sp|O60266|ADCY3_HUMAN:sp|Q9NPB6|PAR6A_HUMAN:sp|P01854|IGHE_HUMAN:sp|Q9HBM0|VEZA_HUMAN:sp|P47974|TISD_HUMAN:PHF2_DEL_A-p.K492Rfs*6_::chr9:93659830-93660830_frame=1:sp|O75182|SIN3B_HUMAN:sp|Q9Y238|DLEC1_HUMAN:sp|Q96KR7|PHAR3_HUMAN:sp|Q9Y2L8|ZKSC5_HUMAN:sp|Q2VPB7|AP5B1_HUMAN:sp|Q9BY77|PDIP3_HUMAN:sp|P38919|IF4A3_HUMAN:sp|Q16821|PPR3A_HUMAN:sp|Q09472|EP300_HUMAN:sp|Q8NCM8|DYHC2_HUMAN:sp|O60664|PLIN3_HUMAN:sp|Q96NI6|LRFN5_HUMAN,DeepNovo
S(+42.01)VKKKLRSL,31.18,1099.7078,9,66.7,9,1.0,367.57687,3,24.7550,14.7550,0.45,9186,HFX193_IPP292_GEL_CRC_324_Even.raw,1.58E6,1.46E7,3,3,3,3,"Acetylation (N-term)",,0 0 43 34 30 11 1 2 4,S(+42.01)VKKKLRSL,,DeepNovo
S(+42.01)VKKLLAA,21.05,870.5538,8,75.0,8,1.5,436.28482,2,46.2933,-14.7067,0.65,17961,HFX193_IPP292_GEL_CRC_324_Odd.raw,1.39E5,1.23E6,1,1,1,1,"Acetylation (N-term)",,2 2 3 0 0 2 4 4,S(+42.01)VKKLLAA,sp|O95613|PCNT_HUMAN,DB Search
S(+42.01)VKKSVKL,24.65,929.5909,8,62.5,8,1.9,465.80362,2,31.9395,16.9395,0.45,12121,HFX193_IPP292_GEL_CRC_324_Even.raw,2.78E6,2.17E7,2,2,2,2,"Acetylation (N-term)",,0 0 20 5 1 2 7 5,S(+42.01)VKKSVKL,sp|O43490|PROM1_HUMAN:sp|P48165|CXA8_HUMAN:sp|P32926|DSG3_HUMAN:sp|Q9HC35|EMAL4_HUMAN:sp|Q8IYK2|CC105_HUMAN:sp|Q6UY01|LRC31_HUMAN:sp|Q13535|ATR_HUMAN:sp|Q9NWM0|SMOX_HUMAN:sp|Q96LA5|FCRL2_HUMAN:sp|A6H8Y1|BDP1_HUMAN:sp|Q4VNC0|AT135_HUMAN:sp|Q14773|ICAM4_HUMAN:sp|O95835|LATS1_HUMAN:sp|Q9NQG5|RPR1B_HUMAN:sp|Q99715|COCA1_HUMAN:sp|Q495N2|S36A3_HUMAN:sp|Q0VDD8|DYH14_HUMAN:sp|Q68BL7|OLM2A_HUMAN:sp|O76075|DFFB_HUMAN:sp|Q9BQG0|MBB1A_HUMAN:sp|Q6ICL7|S35E4_HUMAN:sp|A0PJK1|SC5AA_HUMAN:sp|Q14966|ZN638_HUMAN:sp|E9PAV3|NACAM_HUMAN:sp|Q8IY50|S35F3_HUMAN:sp|Q8NI27|THOC2_HUMAN:sp|P11216|PYGB_HUMAN:sp|Q9HCY8|S10AE_HUMAN:sp|P23471|PTPRZ_HUMAN:sp|P49796|RGS3_HUMAN:sp|Q9NUX5|POTE1_HUMAN:sp|Q7Z7L7|ZER1_HUMAN:TBC1D23_DEL_A-p.K649Nfs*18_::chr3:100320392-100321392_frame=-2:sp|E9PGG2|ANHX_HUMAN:sp|Q5XG99|LYSM4_HUMAN:sp|Q6ZV50|RFX8_HUMAN:sp|O60610|DIAP1_HUMAN:sp|Q14690|RRP5_HUMAN:sp|Q14590|ZN235_HUMAN:sp|O60303|KATIP_HUMAN:sp|Q9BXR0|TGT_HUMAN:sp|Q8NEV4|MYO3A_HUMAN:sp|P41595|5HT2B_HUMAN:sp|O75717|WDHD1_HUMAN:sp|Q05682|CALD1_HUMAN:sp|Q9H7T9|AUNIP_HUMAN:sp|O43150|ASAP2_HUMAN:sp|Q9NRV9|HEBP1_HUMAN:sp|O15519|CFLAR_HUMAN:RNF43_DEL_C-p.G659Vfs*41_::chr17:58357300-58358300_frame=-1:sp|Q86UQ4|ABCAD_HUMAN:sp|P22670|RFX1_HUMAN:sp|Q8IZD9|DOCK3_HUMAN:sp|Q5VTH9|DNAI4_HUMAN:sp|Q02763|TIE2_HUMAN:sp|P53618|COPB_HUMAN:sp|Q8IWA4|MFN1_HUMAN:sp|Q8IWA6|CCD60_HUMAN:sp|O94973|AP2A2_HUMAN:sp|Q6YP21|KAT3_HUMAN:sp|Q9H799|CPLN1_HUMAN:sp|Q96IZ7|RSRC1_HUMAN:sp|Q7Z333|SETX_HUMAN:sp|Q8N8Y2|VA0D2_HUMAN:sp|Q92823|NRCAM_HUMAN:tr|A0A8V8TLD8|A0A8V8TLD8_HUMAN:sp|Q8N8J6|ZN615_HUMAN:sp|Q6J272|F166A_HUMAN:sp|P20936|RASA1_HUMAN:sp|Q9P212|PLCE1_HUMAN:sp|Q5BKX8|CAVN4_HUMAN:sp|P49758|RGS6_HUMAN:sp|Q8WUM4|PDC6I_HUMAN:sp|O94906|PRP6_HUMAN:sp|Q6YBV0|S36A4_HUMAN:sp|Q86YQ8|CPNE8_HUMAN:sp|P08173|ACM4_HUMAN:tr|V9GZ13|V9GZ13_HUMAN:sp|Q9ULW0|TPX2_HUMAN:sp|Q9UPW8|UN13A_HUMAN:sp|P55201|BRPF1_HUMAN:sp|Q8IX19|MCEM1_HUMAN:sp|O14772|FPGT_HUMAN:sp|Q02108|GCYA1_HUMAN:sp|Q14644|RASA3_HUMAN:sp|Q9HC10|OTOF_HUMAN:sp|Q9P2D1|CHD7_HUMAN:sp|Q52M93|Z585B_HUMAN:sp|Q9BV44|THUM3_HUMAN:sp|O95256|I18RA_HUMAN:sp|Q92989|CLP1_HUMAN:sp|O95782|AP2A1_HUMAN:sp|Q6PIJ6|FBX38_HUMAN:sp|Q02539|H11_HUMAN:sp|Q9H4L5|OSBL3_HUMAN:sp|A0A1B0GTU1|ZC11B_HUMAN:sp|Q9BQ52|RNZ2_HUMAN:sp|Q96C10|DHX58_HUMAN:sp|Q92667|AKAP1_HUMAN:TBC1D23_DEL_A-p.K649Nfs*18_::chr3:100320392-100321392_frame=2:sp|Q8NBF6|AVL9_HUMAN:sp|Q9UKT4|FBX5_HUMAN:sp|Q86UK0|ABCAC_HUMAN:sp|Q8WWQ2|HPSE2_HUMAN:sp|Q9BSE2|TMM79_HUMAN:sp|Q70CQ4|UBP31_HUMAN:sp|O60282|KIF5C_HUMAN:sp|O14795|UN13B_HUMAN:sp|B5MCY1|TDR15_HUMAN:sp|Q9BYD2|RM09_HUMAN:sp|Q5SZB4|CI050_HUMAN:sp|Q5T5U3|RHG21_HUMAN:sp|Q6NSI4|RADX_HUMAN:sp|Q03164|KMT2A_HUMAN:sp|Q9H501|ESF1_HUMAN:sp|P35663|CYLC1_HUMAN:sp|Q00722|PLCB2_HUMAN:sp|P12829|MYL4_HUMAN:sp|P40925|MDHC_HUMAN:sp|Q8IZT6|ASPM_HUMAN,DeepNovo
S(+42.01)VKKVKLAGA,48.84,1041.6545,10,60.0,10,1.9,521.83557,2,27.9828,11.3828,0.57,10538,HFX193_IPP292_GEL_CRC_324_Odd.raw,1.43E5,1.85E6,2,2,1,1,"Acetylation (N-term)",,5 4 18 6 0 0 4 14 0 0,S(+42.01)VKKVKLAGA,sp|Q9BXA6|TSSK6_HUMAN:sp|Q9NUI1|DECR2_HUMAN:sp|O15547|P2RX6_HUMAN:sp|Q7Z304|MAMC2_HUMAN:sp|Q10570|CPSF1_HUMAN:sp|Q9NSC5|HOME3_HUMAN:sp|Q9P2H3|IFT80_HUMAN:sp|Q5VT06|CE350_HUMAN:sp|Q8N5A5|ZGPAT_HUMAN:sp|Q8TF65|GIPC2_HUMAN:sp|Q05397|FAK1_HUMAN:sp|Q16880|CGT_HUMAN:sp|Q8N148|OR6V1_HUMAN:sp|P01185|NEU2_HUMAN:sp|Q16891|MIC60_HUMAN:sp|P78527|PRKDC_HUMAN:sp|O14548|COX7R_HUMAN:sp|P52306|GDS1_HUMAN:sp|Q13439|GOGA4_HUMAN:sp|Q04609|FOLH1_HUMAN:sp|O75335|LIPA4_HUMAN:sp|Q96NU7|HUTI_HUMAN:sp|Q9NRC6|SPTN5_HUMAN:sp|Q8NHL6|LIRB1_HUMAN:sp|P36222|CH3L1_HUMAN:sp|P0C264|SBK3_HUMAN:sp|Q15437|SC23B_HUMAN:sp|Q13470|TNK1_HUMAN:sp|O96024|B3GT4_HUMAN:sp|Q96D53|COQ8B_HUMAN:sp|Q96L91|EP400_HUMAN:sp|Q9NXK6|PAQR5_HUMAN:sp|P18564|ITB6_HUMAN:sp|P08842|STS_HUMAN:sp|O75385|ULK1_HUMAN:sp|Q8IZ57|NRSN1_HUMAN:sp|Q9BXB4|OSB11_HUMAN,DeepNovo
S(+42.01)VKRKDFL,31.99,1033.5920,8,37.5,8,2.2,345.53870,3,36.6480,0.1480,0.04,14027,HFX193_IPP292_GEL_CRC_324_Odd.raw,7.64E5,7.21E6,2,2,2,2,"Acetylation (N-term)",,0 0 1 1 0 10 10 5,S(+42.01)VKRKDFL,,DeepNovo
S(+42.01)VKSHYAF,42.63,979.4763,8,87.5,8,1.4,490.74612,2,43.1290,-6.0710,0.86,16652,HFX193_IPP292_GEL_CRC_324_Odd.raw,2.02E6,1.37E7,2,2,2,2,"Acetylation (N-term)",,2 2 8 3 1 28 24 5,S(+42.01)VKSHYAF,,DeepNovo
S(+42.01)VKSKLRAL,43.33,1042.6499,9,55.6,9,1.7,522.33307,2,39.2924,0.5924,0.80,15098,HFX193_IPP292_GEL_CRC_324_Odd.raw,6.95E6,4.23E7,2,2,2,2,"Acetylation (N-term)",,0 0 57 14 9 4 0 1 2,S(+42.01)VKSKLRAL,sp|Q9BXU3|TX13A_HUMAN:sp|P21817|RYR1_HUMAN:sp|Q504T8|MIDN_HUMAN:sp|P41182|BCL6_HUMAN:sp|Q9ULR5|PAI2B_HUMAN:sp|Q96LZ2|MAGBA_HUMAN:sp|Q8TCN5|ZN507_HUMAN:sp|P20929|NEBU_HUMAN:sp|Q2T9L4|INSY1_HUMAN:sp|Q13029|PRDM2_HUMAN:sp|O75564|JERKY_HUMAN:sp|O00471|EXOC5_HUMAN:sp|P0C7V6|SP202_HUMAN:sp|Q96JN0|LCOR_HUMAN:sp|Q9H254|SPTN4_HUMAN:sp|Q2T9J0|TYSD1_HUMAN:sp|Q96TA1|NIBA2_HUMAN:sp|Q9UHI6|DDX20_HUMAN:sp|H7C350|CC188_HUMAN:sp|Q6P3S1|DEN1B_HUMAN:sp|Q9H4I2|ZHX3_HUMAN:sp|Q9UID3|VPS51_HUMAN:sp|P04350|TBB4A_HUMAN:sp|Q5SW79|CE170_HUMAN:sp|O76075|DFFB_HUMAN:sp|Q9BQE5|APOL2_HUMAN:sp|Q9HAU5|RENT2_HUMAN:sp|P49790|NU153_HUMAN:sp|Q13620|CUL4B_HUMAN:sp|P51587|BRCA2_HUMAN:sp|Q93008|USP9X_HUMAN:sp|Q8NHQ1|CEP70_HUMAN:sp|O15479|MAGB2_HUMAN:sp|Q8NDH2|CC168_HUMAN:sp|Q8N7X4|MAGB6_HUMAN:sp|Q8WWK9|CKAP2_HUMAN:sp|Q8TES7|FBF1_HUMAN:sp|O75037|KI21B_HUMAN:sp|P10636|TAU_HUMAN:sp|Q9Y6I8|PXMP4_HUMAN:sp|P23471|PTPRZ_HUMAN:sp|Q16584|M3K11_HUMAN:sp|Q9UKL4|CXD2_HUMAN:sp|Q687X5|STEA4_HUMAN:sp|O94986|CE152_HUMAN:sp|P40967|PMEL_HUMAN:sp|Q14722|KCAB1_HUMAN:sp|Q12872|SFSWA_HUMAN:sp|Q15154|PCM1_HUMAN:sp|P01160|ANF_HUMAN:sp|Q9Y606|PUS1_HUMAN:sp|Q5T749|KPRP_HUMAN:sp|Q969P6|TOP1M_HUMAN:sp|Q9H3U1|UN45A_HUMAN:sp|P22234|PUR6_HUMAN:sp|Q5H8C1|FREM1_HUMAN:sp|P11532|DMD_HUMAN:sp|Q9BXU2|TX13B_HUMAN:sp|Q32MZ4|LRRF1_HUMAN:sp|Q8N884|CGAS_HUMAN:sp|Q6UQ28|PLET1_HUMAN:sp|Q6ZMI0|PPR21_HUMAN:sp|Q8IWT6|LRC8A_HUMAN:sp|P08887|IL6RA_HUMAN:sp|P28906|CD34_HUMAN:sp|Q6P2Q9|PRP8_HUMAN:sp|O95236|APOL3_HUMAN:sp|Q96JM4|LRIQ1_HUMAN:sp|Q9BTX7|TTPAL_HUMAN:sp|Q9Y2I7|FYV1_HUMAN:sp|Q9Y4B6|DCAF1_HUMAN:sp|Q8N490|PNKD_HUMAN:sp|Q9UJP4|KLH21_HUMAN:sp|P52848|NDST1_HUMAN:sp|Q9NRC6|SPTN5_HUMAN:sp|Q9H1K0|RBNS5_HUMAN:sp|O00391|QSOX1_HUMAN:sp|Q01995|TAGL_HUMAN:sp|Q9UNH5|CC14A_HUMAN:sp|Q6P996|PDXD1_HUMAN:sp|P01031|CO5_HUMAN:sp|Q7Z739|YTHD3_HUMAN:sp|Q5K651|SAMD9_HUMAN:sp|Q8TE82|S3TC1_HUMAN:sp|Q6IQ23|PKHA7_HUMAN:sp|Q96F15|GIMA5_HUMAN:sp|Q96N21|AP4AT_HUMAN:sp|Q99816|TS101_HUMAN:sp|Q8N8M0|NAT16_HUMAN:sp|P16298|PP2BB_HUMAN:sp|A6NLU0|RFPLA_HUMAN:sp|O15014|ZN609_HUMAN:sp|O94915|FRYL_HUMAN:sp|P22105|TENX_HUMAN:sp|P08240|SRPRA_HUMAN:sp|Q9BQS8|FYCO1_HUMAN:sp|Q9NUQ8|ABCF3_HUMAN:sp|Q15652|JHD2C_HUMAN:sp|Q92878|RAD50_HUMAN:sp|Q9P267|MBD5_HUMAN:sp|Q8N2F6|ARM10_HUMAN:sp|Q9H4M9|EHD1_HUMAN:sp|Q96K12|FACR2_HUMAN:sp|Q96AY4|TTC28_HUMAN:sp|Q9H6A9|PCX3_HUMAN:sp|P36222|CH3L1_HUMAN:sp|Q9C0F0|ASXL3_HUMAN:sp|P35749|MYH11_HUMAN:sp|Q9Y600|CSAD_HUMAN:sp|Q9NR48|ASH1L_HUMAN:sp|Q3ZLR7|SP201_HUMAN:sp|Q6NSI4|RADX_HUMAN:sp|Q14676|MDC1_HUMAN:sp|P20132|SDHL_HUMAN:sp|Q14721|KCNB1_HUMAN:sp|Q96JJ3|ELMO2_HUMAN:sp|Q8IZI9|IFNL3_HUMAN:sp|P15086|CBPB1_HUMAN:sp|Q96JM2|ZN462_HUMAN:sp|Q7L311|ARMX2_HUMAN,DeepNovo
S(+42.01)VKSRGATL,41.02,959.5400,9,66.7,9,1.6,480.77805,2,26.6447,10.3447,0.74,9954,HFX193_IPP292_GEL_CRC_324_Odd.raw,7E5,6.76E6,1,1,1,1,"Acetylation (N-term)",,5 13 40 4 0 0 0 4 5,S(+42.01)VKSRGATL,,DeepNovo
S(+42.01)VKYAL,20.27,721.4010,6,66.7,6,1.6,722.40942,1,72.2051,-4.3949,0.61,28273,HFX193_IPP292_GEL_CRC_324_Even.raw,3.26E4,3.47E5,1,1,1,1,"Acetylation (N-term)",,0 0 3 21 30 5,S(+42.01)VKYAL,,DeepNovo
S(+42.01)VLETGK,19.28,774.4123,7,71.4,7,1.0,388.21384,2,37.5822,-1.8178,0.82,14431,HFX193_IPP292_GEL_CRC_324_Odd.raw,3.42E5,2.28E6,1,1,1,1,"Acetylation (N-term)",,0 0 4 4 4 4 4,S(+42.01)VLETGK,sp|Q6ZMY6|WDR88_HUMAN:sp|O95450|ATS2_HUMAN:sp|P51784|UBP11_HUMAN:sp|Q9BT78|CSN4_HUMAN:sp|P62701|RS4X_HUMAN:sp|Q6ZMW3|EMAL6_HUMAN:sp|P62873|GBB1_HUMAN:sp|A0AVT1|UBA6_HUMAN:sp|Q86UU1|PHLB1_HUMAN:sp|P61962|DCAF7_HUMAN:sp|Q8NF91|SYNE1_HUMAN:sp|P16520|GBB3_HUMAN:sp|Q12884|SEPR_HUMAN:sp|Q9Y6Q5|AP1M2_HUMAN:sp|P49796|RGS3_HUMAN:sp|Q93098|WNT8B_HUMAN:sp|Q92838|EDA_HUMAN:sp|O60504|VINEX_HUMAN:sp|Q8NAM6|ZSCA4_HUMAN:sp|Q86WI3|NLRC5_HUMAN:sp|Q9UPQ9|TNR6B_HUMAN:sp|Q9UJX6|ANC2_HUMAN:sp|O60841|IF2P_HUMAN:sp|Q9HD90|NDF4_HUMAN:sp|Q14315|FLNC_HUMAN:sp|Q05BV3|EMAL5_HUMAN:sp|P20941|PHOS_HUMAN:sp|Q8NCM8|DYHC2_HUMAN:sp|Q9UHC6|CNTP2_HUMAN:sp|Q9NWH9|SLTM_HUMAN:sp|Q96I45|TM141_HUMAN:sp|Q14CX7|NAA25_HUMAN:sp|P62879|GBB2_HUMAN:sp|Q9Y2I8|WDR37_HUMAN:sp|Q68DQ2|CRBG3_HUMAN:sp|Q92887|MRP2_HUMAN:sp|Q969H0|FBXW7_HUMAN:sp|Q9BV20|MTNA_HUMAN,DeepNovo
S(+42.01)VLGGAKGA,44.00,800.4392,9,55.6,9,1.6,401.22751,2,35.9246,-14.0754,0.84,13745,HFX193_IPP292_GEL_CRC_324_Odd.raw,4.72E5,2.2E6,1,1,1,1,"Acetylation (N-term)",,3 3 14 0 0 6 5 0 0,S(+42.01)VLGGAKGA,sp|O43490|PROM1_HUMAN:sp|Q8N8J0|PI4P1_HUMAN:sp|Q01543|FLI1_HUMAN:sp|Q9Y584|TIM22_HUMAN:sp|Q9NSC5|HOME3_HUMAN:sp|P15502|ELN_HUMAN:sp|Q2M2I3|FA83E_HUMAN:sp|P16157|ANK1_HUMAN:sp|Q5H9R4|ARMX4_HUMAN:sp|Q9UPV0|CE164_HUMAN:sp|Q14999|CUL7_HUMAN:sp|P04183|KITH_HUMAN:sp|P02679|FIBG_HUMAN:sp|Q99501|GA2L1_HUMAN:sp|Q12952|FOXL1_HUMAN:sp|Q9NYQ7|CELR3_HUMAN:sp|Q6ZRI8|RHG36_HUMAN:sp|Q86TB9|PATL1_HUMAN:sp|Q6ZW31|SYDE1_HUMAN:sp|P18577|RHCE_HUMAN:SETD1B_DEL_C-p.H8Tfs*27_::chr12:121804252-121805252_frame=2:sp|Q8NCN4|RN169_HUMAN:sp|Q7LDG7|GRP2_HUMAN:sp|O95613|PCNT_HUMAN:sp|O75843|AP1G2_HUMAN:sp|Q16587|ZNF74_HUMAN:sp|Q05BQ5|MBTD1_HUMAN:sp|Q2M3M2|SC5A9_HUMAN:sp|Q9HAT1|LMA1L_HUMAN:sp|Q9Y2Y1|RPC10_HUMAN:sp|Q6ZMH5|S39A5_HUMAN:sp|A0AV02|S12A8_HUMAN:sp|Q5TF39|MFS4B_HUMAN:sp|Q8TD43|TRPM4_HUMAN:PHF2_DEL_A-p.K492Rfs*6_::chr9:93659830-93660830_frame=-2:sp|O95847|UCP4_HUMAN:sp|Q8TEB1|DCA11_HUMAN:sp|Q8IZY2|ABCA7_HUMAN:sp|P05166|PCCB_HUMAN:sp|Q96PD6|MOGT1_HUMAN:sp|P55786|PSA_HUMAN:sp|P57772|SELB_HUMAN:sp|O15260|SURF4_HUMAN:sp|O95678|K2C75_HUMAN:sp|Q9BXL6|CAR14_HUMAN:sp|O75027|ABCB7_HUMAN:sp|Q9NYQ6|CELR1_HUMAN:sp|Q8NER1|TRPV1_HUMAN:sp|P22090|RS4Y1_HUMAN:sp|P42356|PI4KA_HUMAN:sp|Q00537|CDK17_HUMAN:sp|Q8IX03|KIBRA_HUMAN:sp|O43314|VIP2_HUMAN:sp|O00268|TAF4_HUMAN:sp|Q96GW7|PGCB_HUMAN:sp|Q8N2H3|PYRD2_HUMAN:sp|Q6PF15|KLH35_HUMAN:sp|B6SEH9|ERVV2_HUMAN:sp|Q5SNV9|CA167_HUMAN:sp|Q96N96|SPT13_HUMAN:sp|Q96QZ7|MAGI1_HUMAN:sp|P14174|MIF_HUMAN:sp|P07205|PGK2_HUMAN:sp|Q9BV38|WDR18_HUMAN:sp|Q9Y618|NCOR2_HUMAN:sp|Q9ULA0|DNPEP_HUMAN:sp|Q9Y2D1|ATF5_HUMAN:sp|O75578|ITA10_HUMAN:sp|Q9NRW7|VPS45_HUMAN:sp|P98088|MUC5A_HUMAN:sp|Q9UPQ9|TNR6B_HUMAN:sp|Q6P2C0|WDR93_HUMAN:sp|Q5T1Q4|S35F1_HUMAN:tr|Q6JHZ5|Q6JHZ5_HUMAN:sp|A8MXT2|MAGBH_HUMAN:sp|P00558|PGK1_HUMAN:sp|Q5BIV9|SPRN_HUMAN:sp|P08138|TNR16_HUMAN:sp|Q9NVC3|S38A7_HUMAN:sp|Q13445|TMED1_HUMAN:sp|Q15746|MYLK_HUMAN:sp|Q9HCK8|CHD8_HUMAN:sp|P36269|GGT5_HUMAN:sp|Q8NEW7|TMIE_HUMAN:sp|Q495X7|TRI60_HUMAN:sp|P41240|CSK_HUMAN:sp|O95832|CLD1_HUMAN:sp|Q6NUN0|ACSM5_HUMAN:sp|Q6NYC8|PPR18_HUMAN,DeepNovo
S(+42.01)VLHDVKAAHAAAVK,61.83,1557.8627,15,40.0,15,-0.7,520.29449,3,46.3677,11.2677,0.35,17969,HFX193_IPP292_GEL_CRC_324_Even.raw,2.01E5,2.34E6,2,2,1,1,"Acetylation (N-term)",,0 0 5 1 2 5 1 0 0 0 0 0 4 4 4,S(+42.01)VLHDVKAAHAAAVK,sp|Q92608|DOCK2_HUMAN:sp|O60437|PEPL_HUMAN:sp|P10632|CP2C8_HUMAN:sp|Q9P2K2|TXD16_HUMAN:sp|Q6P1M3|L2GL2_HUMAN:sp|Q9BX26|SYCP2_HUMAN:sp|O75147|OBSL1_HUMAN:sp|Q13308|PTK7_HUMAN:sp|P19387|RPB3_HUMAN:sp|Q9P2K1|C2D2A_HUMAN:sp|P33261|CP2CJ_HUMAN:sp|Q9HDC5|JPH1_HUMAN:sp|Q8NBE8|KLH23_HUMAN:sp|Q9NT99|LRC4B_HUMAN:sp|P35555|FBN1_HUMAN:sp|P11712|CP2C9_HUMAN,DeepNovo
S(+42.01)VLHKRVL,14.52,992.6131,8,37.5,8,0.5,331.87848,3,30.0786,-0.9214,0.27,11349,HFX193_IPP292_GEL_CRC_324_Even.raw,1.35E6,8.35E6,1,1,1,1,"Acetylation (N-term)",,1 1 0 0 20 1 14 5,S(+42.01)VLHKRVL,,DeepNovo
S(+42.01)VLKGGHSL,47.33,938.5185,9,77.8,9,1.1,470.26703,2,32.5602,-11.0398,0.58,12354,HFX193_IPP292_GEL_CRC_324_Even.raw,3.05E6,2.36E7,1,1,1,1,"Acetylation (N-term)",,5 7 35 0 0 4 22 22 5,S(+42.01)VLKGGHSL,,DeepNovo
S(+42.01)VLKKAKF,34.10,961.5960,8,75.0,8,3.2,481.80682,2,37.4620,4.6620,0.57,14374,HFX193_IPP292_GEL_CRC_324_Odd.raw,,,1,1,0,0,"Acetylation (N-term)",,0 0 9 3 2 2 3 5,S(+42.01)VLKKAKF,sp|P48165|CXA8_HUMAN:sp|Q9H8W4|PKHF2_HUMAN:sp|Q96JB8|MPP4_HUMAN:sp|Q8NF37|PCAT1_HUMAN:sp|Q93045|STMN2_HUMAN:sp|Q9BZG8|DPH1_HUMAN:sp|Q93034|CUL5_HUMAN:sp|Q8IXK0|PHC2_HUMAN:sp|Q86VP1|TAXB1_HUMAN:sp|Q76M96|CCD80_HUMAN:sp|P20929|NEBU_HUMAN:sp|Q8N5H7|SH2D3_HUMAN:sp|Q6ZRG5|YQ015_HUMAN:sp|Q9ULL0|K1210_HUMAN:sp|Q9Y5B6|PAXB1_HUMAN:sp|Q96P65|QRFPR_HUMAN:sp|A4D0S4|LAMB4_HUMAN:sp|Q3SYG4|PTHB1_HUMAN:sp|Q5F1R6|DJC21_HUMAN:sp|Q8N228|SCML4_HUMAN:sp|Q6IQ32|ADNP2_HUMAN:sp|Q96GD3|SCMH1_HUMAN:sp|Q9NWN3|FBX34_HUMAN:sp|O60443|GSDME_HUMAN:sp|Q8NFD5|ARI1B_HUMAN:sp|Q10587|TEF_HUMAN:sp|Q7Z6E9|RBBP6_HUMAN:sp|Q70YC5|ZN365_HUMAN:sp|O95273|CCDB1_HUMAN:sp|Q8TDS7|MRGRD_HUMAN:sp|Q9UK32|KS6A6_HUMAN:sp|Q9UKX7|NUP50_HUMAN:sp|A6NCI4|VWA3A_HUMAN:sp|Q8N5C7|DTWD1_HUMAN:sp|Q15418|KS6A1_HUMAN:sp|Q6KB66|K2C80_HUMAN:sp|Q2WGJ9|FR1L6_HUMAN:sp|Q587J7|TDR12_HUMAN:sp|P82987|ATL3_HUMAN:sp|P15924|DESP_HUMAN:sp|Q14573|ITPR3_HUMAN:sp|O75970|MPDZ_HUMAN:sp|Q9NR46|SHLB2_HUMAN:sp|Q9NVG8|TBC13_HUMAN:sp|O14917|PCD17_HUMAN:sp|A8MT33|SYC1L_HUMAN:sp|Q8WW38|FOG2_HUMAN:sp|Q14674|ESPL1_HUMAN:sp|Q8IWZ8|SUGP1_HUMAN:sp|Q9NSB2|KRT84_HUMAN:sp|P13647|K2C5_HUMAN:sp|Q96QI5|HS3S6_HUMAN:sp|Q92796|DLG3_HUMAN:sp|Q8NCR3|MFI_HUMAN:sp|O60749|SNX2_HUMAN:sp|Q5T9S5|CCD18_HUMAN:sp|O15397|IPO8_HUMAN:sp|Q9UQ35|SRRM2_HUMAN:sp|O15054|KDM6B_HUMAN:sp|Q08945|SSRP1_HUMAN:sp|P16949|STMN1_HUMAN:sp|O43865|SAHH2_HUMAN:sp|Q6MZP7|LIN54_HUMAN:sp|P78386|KRT85_HUMAN:sp|Q9NZM3|ITSN2_HUMAN:sp|Q86UQ4|ABCAD_HUMAN:sp|Q00975|CAC1B_HUMAN:sp|Q969M1|TM40L_HUMAN:sp|Q3B8N5|PROX2_HUMAN:sp|P12271|RLBP1_HUMAN:sp|Q8TC29|ENKUR_HUMAN:sp|P14859|PO2F1_HUMAN:sp|Q96SW2|CRBN_HUMAN:sp|Q5VU43|MYOME_HUMAN:sp|Q8NEG4|FA83F_HUMAN:sp|O43790|KRT86_HUMAN:sp|P04259|K2C6B_HUMAN:sp|Q9UJX4|APC5_HUMAN:sp|Q9H1X3|DJC25_HUMAN:sp|Q9NRC6|SPTN5_HUMAN:sp|Q8IYM0|F186B_HUMAN:sp|Q7RTU9|STRC_HUMAN:sp|Q9UJA9|ENPP5_HUMAN:sp|Q13569|TDG_HUMAN:sp|Q86YW9|MD12L_HUMAN:sp|A6NCN2|KR87P_HUMAN:sp|Q9UPP1|PHF8_HUMAN:sp|Q14094|CCNI_HUMAN:sp|Q3LXA3|TKFC_HUMAN:sp|Q8TED9|AF1L1_HUMAN:sp|P98196|AT11A_HUMAN:sp|Q6WRX3|ZY11A_HUMAN:sp|O00418|EF2K_HUMAN:sp|Q99459|CDC5L_HUMAN:sp|Q9NSB4|KRT82_HUMAN:sp|P19013|K2C4_HUMAN:sp|Q99959|PKP2_HUMAN:sp|Q8TE76|MORC4_HUMAN:sp|Q9NZJ4|SACS_HUMAN:sp|Q6ZUS5|CC121_HUMAN:sp|O75940|SPF30_HUMAN:sp|Q16363|LAMA4_HUMAN:sp|Q8NDW8|TT21A_HUMAN:sp|O60336|MABP1_HUMAN:sp|Q7Z3U7|MON2_HUMAN:sp|Q6PI97|HOATZ_HUMAN:sp|P12035|K2C3_HUMAN:sp|Q96NG3|ODAD4_HUMAN:sp|O95153|RIMB1_HUMAN:sp|P0CJ88|DU4L5_HUMAN:sp|Q9UJQ4|SALL4_HUMAN:sp|Q4W5G0|TIGD2_HUMAN:sp|Q03164|KMT2A_HUMAN:sp|Q09472|EP300_HUMAN:sp|P0CJ85|DU4L2_HUMAN:sp|Q8WTT2|NOC3L_HUMAN:sp|A8MZ26|EFCB9_HUMAN:sp|Q9BRF8|CPPED_HUMAN:sp|Q86VM9|ZCH18_HUMAN:sp|Q96N76|HUTU_HUMAN,DeepNovo
S(+42.01)VLKKGAL,26.84,856.5381,8,50.0,8,-0.2,429.27628,2,42.6850,-1.7150,0.67,16498,HFX193_IPP292_GEL_CRC_324_Even.raw,9.21E6,5.59E7,2,2,2,2,"Acetylation (N-term)",,0 0 2 0 0 2 9 5,S(+42.01)VLKKGAL,,DeepNovo
S(+42.01)VPEHAVLK,32.47,1020.5604,9,77.8,9,3.0,511.28900,2,40.0431,0.6431,0.96,15393,HFX193_IPP292_GEL_CRC_324_Even.raw,1.51E5,1.49E6,2,2,1,1,"Acetylation (N-term)",,5 6 3 3 2 1 1 2 5,S(+42.01)VPEHAVLK,,DeepNovo
S(+42.01)VPYTKKEL,39.78,1105.6019,9,77.8,9,1.5,553.80908,2,33.2304,-15.1696,0.85,12658,HFX193_IPP292_GEL_CRC_324_Even.raw,4.8E5,4.6E6,2,2,2,2,"Acetylation (N-term)",,4 4 9 8 1 1 3 3 3,S(+42.01)VPYTKKEL,sp|P35453|HXD13_HUMAN:sp|P56817|BACE1_HUMAN:sp|P31271|HXA13_HUMAN:sp|Q9HCL0|PCD18_HUMAN:sp|P31276|HXC13_HUMAN:sp|O95396|MOCS3_HUMAN:sp|Q9UJA9|ENPP5_HUMAN:sp|Q9Y4B4|ARIP4_HUMAN,DeepNovo
S(+42.01)VQ(+0.98)RKVESL,51.05,1087.5873,9,66.7,9,1.7,544.80188,2,44.6023,4.3023,0.73,17246,HFX193_IPP292_GEL_CRC_324_Even.raw,6.21E7,3.35E8,3,3,2,2,"Acetylation (N-term);Deamidation (NQ)",,1 1 7 1 3 10 13 12 5,S(+42.01)VQ(+0.98)RKVESL,sp|Q5FWF5|ESCO1_HUMAN:sp|Q9C0D2|CE295_HUMAN:sp|P12270|TPR_HUMAN:sp|Q8ND71|GIMA8_HUMAN:sp|P37198|NUP62_HUMAN:sp|Q92993|KAT5_HUMAN:sp|O00471|EXOC5_HUMAN:sp|Q8N112|LSME2_HUMAN:sp|Q8IX05|CD302_HUMAN:sp|P22694|KAPCB_HUMAN:sp|Q6ZRQ5|MMS22_HUMAN:sp|P05067|A4_HUMAN:sp|P61550|ENVT1_HUMAN:sp|Q8N8E3|CE112_HUMAN:sp|Q8N3C0|ASCC3_HUMAN:sp|Q6PJG2|MDEAS_HUMAN:sp|Q6IE36|OVOS2_HUMAN:sp|P17612|KAPCA_HUMAN:sp|P07225|PROS_HUMAN:sp|O95786|RIGI_HUMAN:sp|O75665|OFD1_HUMAN:sp|Q9Y334|VWA7_HUMAN:sp|Q9HCK0|ZBT26_HUMAN:sp|Q8WUX9|CHMP7_HUMAN:sp|Q5TZA2|CROCC_HUMAN:sp|Q8NBJ4|GOLM1_HUMAN:sp|P30622|CLIP1_HUMAN:sp|Q502W6|VWA3B_HUMAN:sp|P20248|CCNA2_HUMAN:sp|Q8IZQ8|MYCD_HUMAN:sp|Q9UGY1|NOL12_HUMAN:sp|Q15643|TRIPB_HUMAN:sp|Q16877|F264_HUMAN:sp|Q12934|BFSP1_HUMAN:sp|Q9Y3L3|3BP1_HUMAN:sp|P49321|NASP_HUMAN:sp|O60281|ZN292_HUMAN:sp|P41229|KDM5C_HUMAN:sp|Q13085|ACACA_HUMAN:sp|Q14980|NUMA1_HUMAN:sp|Q9Y2Z0|SGT1_HUMAN:sp|Q5VZ66|JKIP3_HUMAN:sp|O75150|BRE1B_HUMAN:sp|Q92764|KRT35_HUMAN:sp|Q9BQR3|PRS27_HUMAN:sp|Q14674|ESPL1_HUMAN:sp|O76009|KT33A_HUMAN:sp|P05538|DQB2_HUMAN:sp|Q99592|ZBT18_HUMAN:sp|A2A3K4|PTPC1_HUMAN:sp|Q13057|COASY_HUMAN:sp|Q8N715|CC185_HUMAN:sp|O14964|HGS_HUMAN:sp|P41223|BUD31_HUMAN:sp|Q8TDW0|LRC8C_HUMAN:sp|P20810|ICAL_HUMAN:sp|Q8NFP9|NBEA_HUMAN:sp|Q6ZS30|NBEL1_HUMAN:sp|Q5T8I9|HENMT_HUMAN:sp|Q5VT25|MRCKA_HUMAN:sp|Q92599|SEPT8_HUMAN:sp|Q6IE37|OVOS1_HUMAN:sp|P24046|GBRR1_HUMAN:tr|A0A140TA62|A0A140TA62_HUMAN:sp|Q9NVW2|RNF12_HUMAN:sp|Q14532|K1H2_HUMAN:sp|Q0VF96|CGNL1_HUMAN:sp|P26045|PTN3_HUMAN:sp|D6REC4|CFA99_HUMAN:sp|Q9NRC6|SPTN5_HUMAN:sp|Q9NUS5|AP5S1_HUMAN:sp|Q8N1D5|CF107_HUMAN:sp|Q8NFC6|BD1L1_HUMAN:sp|Q16352|AINX_HUMAN:sp|P08670|VIME_HUMAN:sp|Q9NRD1|FBX6_HUMAN:sp|Q6WCQ1|MPRIP_HUMAN:sp|Q86UA1|PRP39_HUMAN:sp|Q7Z406|MYH14_HUMAN:sp|O75448|MED24_HUMAN:sp|O75410|TACC1_HUMAN:sp|Q14094|CCNI_HUMAN:sp|Q8NDL9|CBPC5_HUMAN:sp|P49454|CENPF_HUMAN:sp|A6NKB5|PCX2_HUMAN:sp|Q9BW85|YJU2_HUMAN:sp|Q8N6Y1|PCD20_HUMAN:sp|Q4G0S7|CC152_HUMAN:sp|P38606|VATA_HUMAN:sp|O76013|KRT36_HUMAN:sp|P40425|PBX2_HUMAN:sp|P23284|PPIB_HUMAN:sp|O00763|ACACB_HUMAN:sp|O15078|CE290_HUMAN:sp|Q6ZT62|BGIN_HUMAN:sp|Q99424|ACOX2_HUMAN:sp|P51449|RORG_HUMAN:sp|P28476|GBRR2_HUMAN:sp|Q8NEE0|KLAS1_HUMAN:sp|Q96HV5|TM41A_HUMAN:sp|O76011|KRT34_HUMAN:sp|P16118|F261_HUMAN:sp|Q6NSI4|RADX_HUMAN:sp|P14920|OXDA_HUMAN:sp|Q9C0K7|STRAB_HUMAN:sp|Q8N6N3|CA052_HUMAN:sp|Q15323|K1H1_HUMAN:sp|Q8ND24|RN214_HUMAN,DeepNovo
S(+42.01)VRGVVVR,16.06,912.5505,8,37.5,8,-0.8,457.28217,2,41.2111,7.5111,0.16,15901,HFX193_IPP292_GEL_CRC_324_Odd.raw,4.84E5,3.67E6,1,1,1,1,"Acetylation (N-term)",,1 1 0 0 4 3 0 2,S(+42.01)VRGVVVR,,DeepNovo
S(+42.01)VRKDL,21.54,758.4286,6,66.7,6,-0.1,380.22156,2,35.3474,24.1474,0.68,13489,HFX193_IPP292_GEL_CRC_324_Even.raw,2.55E6,1.83E7,1,1,1,1,"Acetylation (N-term)",,0 0 5 5 29 5,S(+42.01)VRKDL,sp|O14647|CHD2_HUMAN,DB Search
S(+42.01)VRKGSLL,30.18,900.5392,8,62.5,8,1.1,451.27740,2,40.4858,-4.8142,0.52,15584,HFX193_IPP292_GEL_CRC_324_Odd.raw,5.19E5,2.44E6,1,1,1,1,"Acetylation (N-term)",,0 0 1 4 6 5 7 5,S(+42.01)VRKGSLL,sp|Q8IYM2|SLN12_HUMAN,DB Search
S(+42.01)VRKKPVF,28.55,1001.6022,8,50.0,8,0.9,501.80884,2,28.7288,8.6288,0.25,10828,HFX193_IPP292_GEL_CRC_324_Odd.raw,5.59E4,1.49E6,1,1,1,1,"Acetylation (N-term)",,5 0 0 0 0 3 3 5,S(+42.01)VRKKPVF,,DeepNovo
S(+42.01)VRKKTLGAL,50.28,1113.6870,10,30.0,10,0.5,557.85101,2,31.0244,0.6244,0.25,11760,HFX193_IPP292_GEL_CRC_324_Odd.raw,5.74E6,4.09E7,3,3,3,3,"Acetylation (N-term)",,5 0 0 1 2 1 1 1 1 5,S(+42.01)VRKKTLGAL,sp|Q6UVJ0|SAS6_HUMAN:sp|Q9ULM3|YETS2_HUMAN:sp|Q5T197|DCST1_HUMAN:sp|A6NF01|P121B_HUMAN:sp|O95164|UBL3_HUMAN:sp|Q5D0E6|DALD3_HUMAN:sp|Q8IZF7|AGRF2_HUMAN:sp|Q9Y2J0|RP3A_HUMAN:sp|Q8IWZ3|ANKH1_HUMAN:sp|P22694|KAPCB_HUMAN:sp|Q9H254|SPTN4_HUMAN:sp|Q9HCD6|TANC2_HUMAN:sp|Q8NBJ9|SIDT2_HUMAN:sp|Q9BXX3|AN30A_HUMAN:sp|Q9NRL2|BAZ1A_HUMAN:sp|O94855|SC24D_HUMAN:sp|Q8NFZ8|CADM4_HUMAN:SAFB2_DEL_G-p.P945Rfs*49_::chr19:5586771-5587771_frame=2:sp|Q9Y2Z2|MTO1_HUMAN:sp|Q9UK32|KS6A6_HUMAN:sp|Q9UPA5|BSN_HUMAN:sp|Q5TB30|DEP1A_HUMAN:sp|Q8N0S6|CENPL_HUMAN:sp|P47897|SYQ_HUMAN:sp|Q9Y6A4|CFA20_HUMAN:sp|Q5QJE6|TDIF2_HUMAN:sp|Q93008|USP9X_HUMAN:sp|Q5TEA3|DAAF9_HUMAN:sp|Q96LT6|CA074_HUMAN:sp|Q9HBB8|CDHR5_HUMAN:sp|Q8N456|LRC18_HUMAN:sp|Q86UW6|N4BP2_HUMAN:sp|Q8IZR5|CKLF4_HUMAN:sp|P59827|BPIB4_HUMAN:sp|Q14160|SCRIB_HUMAN:sp|Q9UBR1|BUP1_HUMAN:sp|P27348|1433T_HUMAN:sp|Q96AV8|E2F7_HUMAN:sp|P46020|KPB1_HUMAN:sp|Q9P0L2|MARK1_HUMAN:sp|Q9Y3B8|ORN_HUMAN:sp|Q9BSJ8|ESYT1_HUMAN:sp|Q86XR2|NIBA3_HUMAN:sp|Q70J99|UN13D_HUMAN:sp|Q6NUK1|SCMC1_HUMAN:sp|Q3T906|GNPTA_HUMAN:sp|Q9BWT1|CDCA7_HUMAN:sp|Q9NVC3|S38A7_HUMAN:sp|Q5T1C6|THEM4_HUMAN:sp|Q14CM0|FRPD4_HUMAN:sp|Q8IWB9|TEX2_HUMAN:sp|Q9NZM3|ITSN2_HUMAN:sp|Q9BY19|M4A8_HUMAN:sp|Q9NVU7|SDA1_HUMAN:sp|Q6GYQ0|RGPA1_HUMAN:sp|P53618|COPB_HUMAN:sp|Q9Y2D4|EXC6B_HUMAN:sp|Q15858|SCN9A_HUMAN:sp|O95248|MTMR5_HUMAN:WDR55_DEL_A-p.K341Rfs*8_::chr5:140669017-140670017_frame=-3:sp|Q5H9R4|ARMX4_HUMAN:sp|Q8NFZ0|FBH1_HUMAN:sp|O60759|CYTIP_HUMAN:sp|Q8IWA6|CCD60_HUMAN:sp|Q8NEZ4|KMT2C_HUMAN:sp|Q8N5S1|S2541_HUMAN:sp|Q96PY5|FMNL2_HUMAN:sp|Q8NCS4|TM35B_HUMAN:sp|Q16760|DGKD_HUMAN:sp|O95460|MATN4_HUMAN:sp|Q8WZ42|TITIN_HUMAN:sp|O00507|USP9Y_HUMAN:sp|Q9Y227|ENTP4_HUMAN:sp|Q9UL41|PNMA3_HUMAN:sp|O75844|FACE1_HUMAN:sp|P40939|ECHA_HUMAN:sp|A6NJ78|MET15_HUMAN:ADD3_DEL_A-p.K701Rfs*8_::chr10:110133092-110134092_frame=2:sp|O43847|NRDC_HUMAN:sp|O75417|DPOLQ_HUMAN:sp|Q9UPU5|UBP24_HUMAN:sp|Q70EL4|UBP43_HUMAN:sp|Q9P2D1|CHD7_HUMAN:sp|P19367|HXK1_HUMAN:sp|Q8TAW3|ZN671_HUMAN:sp|Q9H0C5|BTBD1_HUMAN:sp|O75356|ENTP5_HUMAN:sp|P20592|MX2_HUMAN:sp|Q6ZR08|DYH12_HUMAN:sp|P08F94|PKHD1_HUMAN:sp|Q8N4S7|PAQR4_HUMAN:sp|Q9UBZ9|REV1_HUMAN:sp|O95466|FMNL1_HUMAN:sp|Q5BJE1|CC178_HUMAN:sp|P83436|COG7_HUMAN:sp|Q8IV04|TB10C_HUMAN:sp|Q9P031|TAP26_HUMAN:sp|Q96D46|NMD3_HUMAN:sp|Q92482|AQP3_HUMAN:sp|Q14562|DHX8_HUMAN:sp|Q9NRG7|D39U1_HUMAN:sp|Q8N9U0|TAC2N_HUMAN:sp|Q7Z4N2|TRPM1_HUMAN:sp|Q8TD26|CHD6_HUMAN:sp|Q7Z6K1|THAP5_HUMAN:sp|Q8IYW2|CFA46_HUMAN:sp|O94910|AGRL1_HUMAN:sp|P82251|BAT1_HUMAN:sp|P55010|IF5_HUMAN:sp|Q9BVC3|DCC1_HUMAN:sp|P52789|HXK2_HUMAN:sp|Q7Z4H7|HAUS6_HUMAN:sp|Q9HCK8|CHD8_HUMAN:sp|Q96HN2|SAHH3_HUMAN:sp|Q01780|EXOSX_HUMAN:sp|Q8NBJ5|GT251_HUMAN:sp|Q5JVX7|CA141_HUMAN:sp|Q9UJX3|APC7_HUMAN:sp|P09936|UCHL1_HUMAN:sp|Q8NCU4|CC191_HUMAN,DeepNovo
S(+42.01)VRKKVPF,25.11,1001.6022,8,37.5,8,1.3,334.87509,3,28.7559,-4.1441,0.23,10821,HFX193_IPP292_GEL_CRC_324_Odd.raw,7.02E5,5.94E6,2,2,2,2,"Acetylation (N-term)",,5 5 0 0 1 1 1 5,S(+42.01)VRKKVPF,sp|Q5TF21|SOGA3_HUMAN:sp|Q5T9Z0|TEDM1_HUMAN:sp|P46781|RS9_HUMAN:sp|Q99593|TBX5_HUMAN:sp|Q5H9R4|ARMX4_HUMAN:sp|Q86UL8|MAGI2_HUMAN:sp|O60759|CYTIP_HUMAN:sp|Q6PIF6|MYO7B_HUMAN:sp|Q9BR39|JPH2_HUMAN:sp|O00471|EXOC5_HUMAN:sp|Q03167|TGBR3_HUMAN:sp|Q460N5|PAR14_HUMAN:sp|Q8IWZ3|ANKH1_HUMAN:sp|Q2MV58|TECT1_HUMAN:sp|Q9ULK5|VANG2_HUMAN:sp|Q9H254|SPTN4_HUMAN:sp|O00507|USP9Y_HUMAN:sp|Q8IWN7|RP1L1_HUMAN:sp|P42695|CNDD3_HUMAN:sp|P40939|ECHA_HUMAN:sp|A6NJ78|MET15_HUMAN:sp|Q9UMZ3|PTPRQ_HUMAN:ADD3_DEL_A-p.K701Rfs*8_::chr10:110133092-110134092_frame=2:sp|Q6IQ32|ADNP2_HUMAN:sp|Q8NFZ8|CADM4_HUMAN:sp|Q96P50|ACAP3_HUMAN:sp|O94829|IPO13_HUMAN:sp|P51532|SMCA4_HUMAN:sp|P35125|UBP6_HUMAN:sp|O14523|C2C2L_HUMAN:sp|Q7Z442|PK1L2_HUMAN:sp|Q96HP0|DOCK6_HUMAN:sp|P01031|CO5_HUMAN:sp|Q96L91|EP400_HUMAN:sp|Q6ZU65|UBN2_HUMAN:sp|Q9HD67|MYO10_HUMAN:sp|Q8N6R0|EFNMT_HUMAN:sp|P41218|MNDA_HUMAN:sp|O00255|MEN1_HUMAN:sp|Q14CB8|RHG19_HUMAN:sp|Q9Y4G8|RPGF2_HUMAN:sp|Q14296|FASTK_HUMAN:sp|Q96N95|ZN396_HUMAN:sp|Q8N0S6|CENPL_HUMAN:sp|Q9UPX8|SHAN2_HUMAN:sp|Q7L592|NDUF7_HUMAN:sp|Q5QJE6|TDIF2_HUMAN:sp|Q93008|USP9X_HUMAN:sp|Q8TDI0|CHD5_HUMAN:sp|Q7RTY8|TMPS7_HUMAN:sp|Q9Y397|ZDHC9_HUMAN:sp|Q8NGH5|O56A1_HUMAN:sp|O60437|PEPL_HUMAN:sp|Q96KV7|WDR90_HUMAN:sp|Q8IZR5|CKLF4_HUMAN:sp|Q8N944|AMER3_HUMAN:sp|Q96BN2|TADA1_HUMAN:sp|Q9NUN7|ACER3_HUMAN:sp|Q14C87|T132D_HUMAN:sp|Q9P1Y6|PHRF1_HUMAN:sp|P41161|ETV5_HUMAN:sp|Q8N3K9|CMYA5_HUMAN:sp|P58397|ATS12_HUMAN:sp|Q5VYK3|ECM29_HUMAN:sp|Q9H2M9|RBGPR_HUMAN:sp|Q68CQ1|MROH7_HUMAN:sp|O76021|RL1D1_HUMAN:sp|Q9Y597|KCTD3_HUMAN:sp|Q70J99|UN13D_HUMAN:sp|Q8IYW2|CFA46_HUMAN:sp|Q6IE81|JADE1_HUMAN:sp|O43795|MYO1B_HUMAN:sp|Q6PK18|OGFD3_HUMAN:sp|Q12873|CHD3_HUMAN:sp|Q6NS38|ALKB2_HUMAN:sp|Q8WWZ4|ABCAA_HUMAN:sp|Q16549|PCSK7_HUMAN:sp|Q96SQ7|ATOH8_HUMAN:sp|Q01780|EXOSX_HUMAN:sp|Q5JVX7|CA141_HUMAN:sp|O00512|BCL9_HUMAN:sp|Q8NDV3|SMC1B_HUMAN:sp|Q96KM6|Z512B_HUMAN:sp|Q8WYP5|ELYS_HUMAN:sp|Q9UI10|EI2BD_HUMAN:sp|Q8IWB9|TEX2_HUMAN:sp|Q9H8E8|CSR2B_HUMAN:sp|O14981|BTAF1_HUMAN,DeepNovo
S(+42.01)VRKLADDKF,33.97,1219.6560,10,80.0,10,-3.7,407.55780,3,41.9879,-4.0121,0.24,16192,HFX193_IPP292_GEL_CRC_324_Odd.raw,7.27E5,4.87E6,1,1,1,1,"Acetylation (N-term)",,5 2 2 3 10 18 0 0 7 5,S(+42.01)VRKLADDKF,sp|Q8NFV4|ABHDB_HUMAN:sp|O43490|PROM1_HUMAN:sp|Q9H853|TBA4B_HUMAN:sp|A7E2Y1|MYH7B_HUMAN:sp|Q9BQE3|TBA1C_HUMAN:sp|P35612|ADDB_HUMAN:sp|P42858|HD_HUMAN:sp|Q6NW29|RWDD4_HUMAN:sp|Q9UFD9|RIM3A_HUMAN:sp|Q58WW2|DCAF6_HUMAN:sp|A6NJZ7|RIM3C_HUMAN:sp|P20336|RAB3A_HUMAN:sp|Q8NF91|SYNE1_HUMAN:sp|P08575|PTPRC_HUMAN:sp|P56693|SOX10_HUMAN:sp|Q7Z2T5|TRM1L_HUMAN:sp|P48436|SOX9_HUMAN:sp|A6NNM3|RIM3B_HUMAN:sp|Q5VU43|MYOME_HUMAN:sp|Q9UHY7|ENOPH_HUMAN:sp|Q6PEY2|TBA3E_HUMAN:sp|P34896|GLYC_HUMAN:sp|Q71U36|TBA1A_HUMAN:sp|P68363|TBA1B_HUMAN:sp|P57073|SOX8_HUMAN:sp|P78345|RPP38_HUMAN:sp|P56645|PER3_HUMAN:sp|P0DPH8|TBA3D_HUMAN:sp|P55196|AFAD_HUMAN:sp|Q6UX53|TMT1B_HUMAN:sp|Q5HYW2|NHSL2_HUMAN:sp|P0DPH7|TBA3C_HUMAN:sp|Q9BXX0|EMIL2_HUMAN:sp|Q5VXU9|SHOC1_HUMAN,DeepNovo
S(+42.01)VRKLAV,32.14,813.5072,7,71.4,7,0.8,407.76120,2,41.8844,0.7844,0.64,16151,HFX193_IPP292_GEL_CRC_324_Odd.raw,1.43E6,9.15E6,1,1,1,1,"Acetylation (N-term)",,0 0 2 3 9 20 5,S(+42.01)VRKLAV,sp|Q9UPT6|JIP3_HUMAN:sp|Q5TA45|INT11_HUMAN:sp|Q96PE2|ARHGH_HUMAN:sp|Q9NZQ0|DJC27_HUMAN:sp|Q5VT06|CE350_HUMAN:sp|Q9NS56|TOPRS_HUMAN:sp|Q969K3|RNF34_HUMAN:sp|Q6ZRS2|SRCAP_HUMAN:sp|Q9BUF5|TBB6_HUMAN:sp|Q9P2N2|RHG28_HUMAN:sp|Q96NX9|DACH2_HUMAN:sp|O00476|NPT4_HUMAN:sp|P02765|FETUA_HUMAN:sp|Q92622|RUBIC_HUMAN:sp|P49589|SYCC_HUMAN:sp|Q15386|UBE3C_HUMAN:sp|Q9NXC2|GFOD1_HUMAN:sp|Q96JB1|DYH8_HUMAN:sp|P17844|DDX5_HUMAN:sp|Q8NEN9|PDZD8_HUMAN:sp|P07225|PROS_HUMAN:sp|P04350|TBB4A_HUMAN:sp|Q86TP1|PRUN1_HUMAN:sp|P49642|PRI1_HUMAN:sp|Q9BQG0|MBB1A_HUMAN:sp|P50120|RET2_HUMAN:sp|P82980|RET5_HUMAN:sp|Q9UM73|ALK_HUMAN:sp|Q8NHY6|ZFP28_HUMAN:sp|Q5VV43|K0319_HUMAN:sp|Q12934|BFSP1_HUMAN:sp|P78524|DEN2B_HUMAN:sp|P07437|TBB5_HUMAN:sp|Q8WUY3|PRUN2_HUMAN:sp|Q86Y56|DAAF5_HUMAN:sp|Q14573|ITPR3_HUMAN:DYNC1I2_INS_--A_p.R57Kfs*5::chr2:171692328-171693329_frame=2:sp|Q99797|MIPEP_HUMAN:sp|Q92841|DDX17_HUMAN:sp|Q8NFJ8|BHE22_HUMAN:sp|Q9Y4J8|DTNA_HUMAN:SLC35F5_DEL_A-p.C248Afs*22_::chr2:113742200-113743200_frame=-3:sp|Q8N2K1|UB2J2_HUMAN:sp|Q9NQE7|TSSP_HUMAN:sp|Q96I24|FUBP3_HUMAN:sp|Q9UNS2|CSN3_HUMAN:sp|Q9Y618|NCOR2_HUMAN:sp|Q7RTU3|OLIG3_HUMAN:sp|O75165|DJC13_HUMAN:sp|Q9GZS0|DNAI2_HUMAN:sp|Q02556|IRF8_HUMAN:sp|Q96LI6|HSFY1_HUMAN:ADD3_INS_--A_p.E702Gfs*4::chr10:110133091-110134092_frame=-3:sp|Q13885|TBB2A_HUMAN:sp|Q9BYX2|TBD2A_HUMAN:sp|O75334|LIPA2_HUMAN:sp|Q8N2E2|VWDE_HUMAN:sp|P29373|RABP2_HUMAN:sp|Q9P2D8|UNC79_HUMAN:sp|Q9BVA1|TBB2B_HUMAN:sp|Q9BPX3|CND3_HUMAN:sp|Q8NEZ4|KMT2C_HUMAN:sp|Q13509|TBB3_HUMAN:sp|Q6QHC5|DEGS2_HUMAN:sp|O15040|TCPR2_HUMAN:sp|Q8NDY6|BHE23_HUMAN:sp|O00507|USP9Y_HUMAN:sp|Q08379|GOGA2_HUMAN:sp|Q96LT4|SAMD8_HUMAN:sp|Q9Y2B9|IPKG_HUMAN:sp|Q99538|LGMN_HUMAN:sp|P61221|ABCE1_HUMAN:sp|Q5VUG0|SMBT2_HUMAN:sp|Q8TE68|ES8L1_HUMAN:sp|Q86UK5|LBN_HUMAN:sp|O15121|DEGS1_HUMAN:sp|Q9H5I5|PIEZ2_HUMAN:sp|Q8N201|INT1_HUMAN:sp|Q9H4B7|TBB1_HUMAN:sp|Q5T0Z8|CF132_HUMAN:sp|P49815|TSC2_HUMAN:sp|A6NNZ2|TBB8B_HUMAN:sp|Q9UIA9|XPO7_HUMAN:sp|Q0VAA5|PLCX2_HUMAN:sp|O60337|MARH6_HUMAN:sp|Q96N11|INT15_HUMAN:sp|Q12770|SCAP_HUMAN:sp|Q9NVR0|KLH11_HUMAN:sp|Q9BV99|LRC61_HUMAN:sp|O43149|ZZEF1_HUMAN:sp|P85299|PRR5_HUMAN:sp|Q9H6F2|TM38A_HUMAN:sp|Q96L92|SNX27_HUMAN:sp|O15061|SYNEM_HUMAN:sp|Q8WXD9|CSKI1_HUMAN:sp|Q9UHJ3|SMBT1_HUMAN:sp|Q9BZC7|ABCA2_HUMAN:sp|Q6L9W6|B4GN3_HUMAN:sp|Q9NY46|SCN3A_HUMAN:sp|Q9NXG0|CNTLN_HUMAN:sp|Q96PC5|MIA2_HUMAN:sp|Q15645|PCH2_HUMAN:sp|Q13516|OLIG2_HUMAN:sp|Q9Y592|CEP83_HUMAN:sp|Q8IYW2|CFA46_HUMAN:sp|Q8TF44|C2C4C_HUMAN:sp|Q15435|PP1R7_HUMAN:sp|O60271|JIP4_HUMAN:sp|Q8IZH2|XRN1_HUMAN:sp|P68371|TBB4B_HUMAN:sp|Q3ZCM7|TBB8_HUMAN:sp|Q6Y2X3|DJC14_HUMAN:sp|Q86TM3|DDX53_HUMAN:sp|Q8NG31|KNL1_HUMAN:sp|Q1W209|ESRG_HUMAN:sp|O43822|CF410_HUMAN:sp|Q86YA3|ZGRF1_HUMAN,DeepNovo
S(+42.01)VRKLGSSL,25.23,987.5713,9,66.7,9,1.0,494.79343,2,45.7816,-2.0184,0.64,17743,HFX193_IPP292_GEL_CRC_324_Odd.raw,,,1,1,0,0,"Acetylation (N-term)",,0 0 2 0 2 4 2 11 5,S(+42.01)VRKLGSSL,sp|Q14849|STAR3_HUMAN:sp|Q6UXH9|PAMR1_HUMAN:sp|O75462|CRLF1_HUMAN:sp|Q9UPV0|CE164_HUMAN:sp|Q5VT06|CE350_HUMAN:sp|Q02094|RHAG_HUMAN:sp|Q9H1C4|UN93B_HUMAN:sp|P0C881|R10B1_HUMAN:sp|Q8IU85|KCC1D_HUMAN:sp|Q9Y6J0|CABIN_HUMAN:sp|P23677|IP3KA_HUMAN:sp|P26640|SYVC_HUMAN:sp|Q9ULD6|INTU_HUMAN:sp|Q6PRD1|GP179_HUMAN:sp|O14513|NCKP5_HUMAN:sp|Q63HK3|ZKSC2_HUMAN:sp|Q6ZP82|CC141_HUMAN:sp|Q96EB6|SIR1_HUMAN:sp|Q9UI42|CBPA4_HUMAN:sp|Q6N075|MFSD5_HUMAN:sp|Q96T76|MMS19_HUMAN:sp|Q93008|USP9X_HUMAN:sp|Q9NYG8|KCNK4_HUMAN:sp|Q684P5|RPGP2_HUMAN:sp|Q86XD8|ZFAN4_HUMAN:sp|Q12866|MERTK_HUMAN:sp|Q9HCL0|PCD18_HUMAN:sp|Q9P2E8|MARH4_HUMAN:sp|Q15058|KIF14_HUMAN:sp|P27987|IP3KB_HUMAN:sp|Q7Z408|CSMD2_HUMAN:sp|Q8IY34|S15A3_HUMAN:sp|Q9P1Y6|PHRF1_HUMAN:sp|Q3LI76|KR151_HUMAN:sp|Q8IUC0|KR131_HUMAN:sp|P16112|PGCA_HUMAN:sp|O95359|TACC2_HUMAN:sp|A0A0C4DH24|KV621_HUMAN:sp|P37173|TGFR2_HUMAN:sp|P13994|YJU2B_HUMAN:sp|Q9H0S4|DDX47_HUMAN:sp|O60583|CCNT2_HUMAN:sp|P59047|NALP5_HUMAN:sp|Q96FN5|KIF12_HUMAN:sp|O00187|MASP2_HUMAN:sp|O75362|ZN217_HUMAN:sp|Q8IVL1|NAV2_HUMAN:sp|Q9Y6R6|Z780B_HUMAN:sp|Q4G1C9|GRPL2_HUMAN:sp|Q9NRC8|SIR7_HUMAN:sp|A0A0A0MT36|KVD21_HUMAN:sp|Q52LG2|KR132_HUMAN:sp|Q8N4L1|T151A_HUMAN:sp|Q86UP3|ZFHX4_HUMAN:sp|A2VDJ0|T131L_HUMAN:sp|Q8WZ42|TITIN_HUMAN:sp|Q14D33|RTP5_HUMAN:sp|Q8NH67|O52I2_HUMAN:sp|P46976|GLYG_HUMAN:sp|Q16281|CNGA3_HUMAN:sp|A6NFZ4|FA24A_HUMAN:sp|Q5VZB9|DMRTA_HUMAN:sp|Q92543|SNX19_HUMAN:sp|Q9UPU5|UBP24_HUMAN:sp|P30301|MIP_HUMAN:sp|Q9H5I5|PIEZ2_HUMAN:sp|O95352|ATG7_HUMAN:sp|Q9UIF9|BAZ2A_HUMAN:sp|Q8NFA0|UBP32_HUMAN:sp|Q9H7D7|WDR26_HUMAN:sp|Q9H9L4|KANL2_HUMAN:sp|Q3SY46|KR133_HUMAN:sp|Q99102|MUC4_HUMAN:sp|Q8TAK6|OLIG1_HUMAN:sp|O75290|Z780A_HUMAN:sp|Q7L0J3|SV2A_HUMAN:sp|P0CG40|SP9_HUMAN:sp|Q7Z407|CSMD3_HUMAN:sp|B2RC85|R10B2_HUMAN:sp|Q6RI45|BRWD3_HUMAN:sp|Q9UNH7|SNX6_HUMAN:sp|Q9NZJ4|SACS_HUMAN:sp|Q13698|CAC1S_HUMAN:sp|Q9HCU4|CELR2_HUMAN:sp|Q9NYT0|PLEK2_HUMAN:sp|Q9Y222|DMTF1_HUMAN:sp|Q12955|ANK3_HUMAN:sp|Q9Y646|CBPQ_HUMAN:sp|Q8NHM5|KDM2B_HUMAN:sp|Q5CZC0|FSIP2_HUMAN:sp|Q15596|NCOA2_HUMAN:sp|Q86UU0|BCL9L_HUMAN:sp|Q8NGK6|O52I1_HUMAN:sp|O60269|GRIN2_HUMAN:sp|Q9ULH7|MRTFB_HUMAN:sp|O60664|PLIN3_HUMAN,DeepNovo
S(+42.01)VRKRLSV,20.89,985.6033,8,87.5,8,0.6,329.54190,3,28.8551,16.2551,0.04,10851,HFX193_IPP292_GEL_CRC_324_Even.raw,6.2E5,5.74E6,1,1,1,1,"Acetylation (N-term)",,2 2 2 2 1 7 7 5,S(+42.01)VRKRLSV,sp|Q14684|RRP1B_HUMAN:sp|Q14849|STAR3_HUMAN:sp|P58107|EPIPL_HUMAN:sp|Q9H987|SYP2L_HUMAN:sp|Q504T8|MIDN_HUMAN:sp|Q9UNX4|WDR3_HUMAN:sp|Q9ULI1|NWD2_HUMAN:sp|P35222|CTNB1_HUMAN:sp|Q4ZIN3|MBRL_HUMAN:sp|Q8NA31|TERB1_HUMAN:sp|Q8N184|ZN567_HUMAN:sp|P45983|MK08_HUMAN:sp|Q5T5J6|SWT1_HUMAN:sp|P0C0L5|CO4B_HUMAN:sp|A6H8Y1|BDP1_HUMAN:sp|A6NFK2|GRCR2_HUMAN:sp|Q6MZM0|HPHL1_HUMAN:sp|Q6NUI2|GPAT2_HUMAN:sp|A8MVU1|NCF1C_HUMAN:sp|Q6YHK3|CD109_HUMAN:sp|P48552|NRIP1_HUMAN:sp|O75808|CAN15_HUMAN:sp|Q6P0Q8|MAST2_HUMAN:sp|Q9NXL9|MCM9_HUMAN:sp|Q96QE3|ATAD5_HUMAN:sp|P28715|ERCC5_HUMAN:sp|Q9UI46|DNAI1_HUMAN:sp|O00472|ELL2_HUMAN:sp|Q9H0F5|RNF38_HUMAN:sp|Q8TAU3|ZN417_HUMAN:sp|Q8N944|AMER3_HUMAN:sp|Q9UFE4|CCD39_HUMAN:sp|Q7Z465|BNIPL_HUMAN:sp|P78312|F193A_HUMAN:sp|Q2KHR2|RFX7_HUMAN:sp|Q96SQ5|ZN587_HUMAN:sp|Q0VGL1|LTOR4_HUMAN:sp|Q9C009|FOXQ1_HUMAN:sp|Q8N4S0|CCD82_HUMAN:sp|P53779|MK10_HUMAN:sp|Q8N6C5|IGSF1_HUMAN:sp|O60812|HNRC1_HUMAN:sp|Q92922|SMRC1_HUMAN:sp|Q9Y271|CLTR1_HUMAN:sp|Q9Y566|SHAN1_HUMAN:sp|O75897|ST1C4_HUMAN:sp|O15013|ARHGA_HUMAN:sp|P14598|NCF1_HUMAN:sp|Q2M1K9|ZN423_HUMAN:sp|Q86TC9|MYPN_HUMAN:sp|A0A3B3IU63|H2AL3_HUMAN:sp|Q96KN7|RPGR1_HUMAN:sp|Q8N961|ABTB2_HUMAN:sp|Q96J65|MRP9_HUMAN:sp|B2RXH8|HNRC2_HUMAN:sp|O14981|BTAF1_HUMAN:sp|O15440|MRP5_HUMAN:sp|A6NI72|NCF1B_HUMAN:sp|O15031|PLXB2_HUMAN:sp|Q8WYP3|RIN2_HUMAN:sp|O95248|MTMR5_HUMAN:sp|Q9NRP7|STK36_HUMAN:sp|Q96KQ4|ASPP1_HUMAN:sp|Q14246|AGRE1_HUMAN:sp|P20930|FILA_HUMAN:sp|Q9H2S1|KCNN2_HUMAN:sp|Q92817|EVPL_HUMAN:sp|P0DMR1|HNRC4_HUMAN:sp|Q86U37|CN023_HUMAN:sp|Q96BT1|CC049_HUMAN:sp|Q9P016|THYN1_HUMAN:sp|Q09428|ABCC8_HUMAN:sp|Q8N271|PROM2_HUMAN:sp|Q96CB5|CH044_HUMAN:sp|P28221|5HT1D_HUMAN:sp|P13591|NCAM1_HUMAN:sp|P38935|SMBP2_HUMAN:sp|Q07283|TRHY_HUMAN:sp|B7ZW38|HNRC3_HUMAN:sp|Q8TDZ2|MICA1_HUMAN:sp|Q92952|KCNN1_HUMAN:sp|P07199|CENPB_HUMAN:sp|Q9NU22|MDN1_HUMAN:sp|Q14005|IL16_HUMAN:sp|Q8IUH3|RBM45_HUMAN:sp|P56524|HDAC4_HUMAN:sp|P82664|RT10_HUMAN:sp|P11388|TOP2A_HUMAN:sp|Q2M1Z3|RHG31_HUMAN:sp|P0C0L4|CO4A_HUMAN:sp|Q8IX01|SUGP2_HUMAN:sp|Q9BUH8|BEGIN_HUMAN:sp|Q6DN12|MCTP2_HUMAN:sp|Q7L1V2|MON1B_HUMAN:sp|Q4G0S7|CC152_HUMAN:sp|Q9UGI6|KCNN3_HUMAN:sp|O00763|ACACB_HUMAN:sp|P45984|MK09_HUMAN:sp|P49915|GUAA_HUMAN:sp|O14830|PPE2_HUMAN:sp|Q8IW52|SLIK4_HUMAN:sp|P12755|SKI_HUMAN:sp|Q16563|SYPL1_HUMAN:sp|O75864|PPR37_HUMAN:sp|Q569K6|CC157_HUMAN:sp|Q9UHY8|FEZ2_HUMAN:sp|Q8N3R3|TCAIM_HUMAN:sp|Q9HCK8|CHD8_HUMAN:sp|Q99418|CYH2_HUMAN:sp|Q9UPN3|MACF1_HUMAN:sp|Q6PIY7|GLD2_HUMAN,DeepNovo
S(+42.01)VRLHC(+119.00)SV,31.56,1060.4794,8,62.5,8,1.0,531.24750,2,32.3795,-5.8205,0.67,12298,HFX193_IPP292_GEL_CRC_324_Even.raw,,,1,1,0,0,"Acetylation (N-term);Cysteinylation",,0 0 0 4 26 18 15 5,S(+42.01)VRLHC(+119.00)SV,sp|Q9UNQ2|DIM1_HUMAN:sp|Q86TS9|RM52_HUMAN:sp|Q9Y4D7|PLXD1_HUMAN:sp|Q9BZZ2|SN_HUMAN:sp|Q15465|SHH_HUMAN:sp|Q13671|RIN1_HUMAN:sp|Q12836|ZP4_HUMAN:sp|P10721|KIT_HUMAN:sp|P13765|DOB_HUMAN,DeepNovo
S(+42.01)VRLHEKL,29.52,1022.5873,8,50.0,8,1.4,341.87018,3,30.4411,1.8411,0.34,11486,HFX193_IPP292_GEL_CRC_324_Even.raw,5.78E6,3.72E7,4,4,4,4,"Acetylation (N-term)",,1 0 0 1 13 20 13 5,S(+42.01)VRLHEKL,sp|Q13368|MPP3_HUMAN:sp|P29728|OAS2_HUMAN:sp|P58107|EPIPL_HUMAN:sp|O15439|MRP4_HUMAN:sp|P42858|HD_HUMAN:sp|Q6P3V2|Z585A_HUMAN:sp|Q15063|POSTN_HUMAN:sp|O95376|ARI2_HUMAN:sp|Q9UFH2|DYH17_HUMAN:sp|Q9H0C1|ZMY12_HUMAN:sp|P23786|CPT2_HUMAN:sp|Q8NE09|RGS22_HUMAN:sp|P20936|RASA1_HUMAN:sp|Q5T2T1|MPP7_HUMAN:sp|O95613|PCNT_HUMAN:sp|Q96JB1|DYH8_HUMAN:sp|Q9BXX3|AN30A_HUMAN:sp|P61221|ABCE1_HUMAN:sp|Q14202|ZMYM3_HUMAN:sp|O95395|GCNT3_HUMAN:sp|Q9NWS1|PARI_HUMAN:sp|Q5S007|LRRK2_HUMAN:sp|Q52M93|Z585B_HUMAN:sp|Q8TCB0|IFI44_HUMAN:sp|Q14596|NBR1_HUMAN:sp|Q5JNZ3|ZN311_HUMAN:sp|Q8N139|ABCA6_HUMAN:sp|Q9UJW8|ZN180_HUMAN:sp|Q14139|UBE4A_HUMAN:sp|P33151|CADH5_HUMAN:sp|Q96N23|CFA54_HUMAN:sp|Q9UJX2|CDC23_HUMAN:sp|Q8WWL2|SPIR2_HUMAN:sp|Q9Y2I1|NISCH_HUMAN:sp|O75628|REM1_HUMAN:sp|Q9UK61|TASOR_HUMAN:sp|Q96LB3|IFT74_HUMAN:sp|P54098|DPOG1_HUMAN:sp|Q9UL52|TM11E_HUMAN:sp|Q13621|S12A1_HUMAN:sp|P07332|FES_HUMAN:sp|Q5JSL3|DOC11_HUMAN:sp|Q9NYL5|CP39A_HUMAN:sp|O75683|SURF6_HUMAN:sp|Q6UXY8|TMC5_HUMAN:sp|Q15036|SNX17_HUMAN:sp|O15230|LAMA5_HUMAN:sp|Q15149|PLEC_HUMAN,DeepNovo
S(+42.01)VRLKHTSF,55.45,1115.6088,9,66.7,9,1.3,372.87735,3,34.7362,-0.1638,0.75,13249,HFX193_IPP292_GEL_CRC_324_Odd.raw,3.04E6,2.14E7,2,2,2,2,"Acetylation (N-term)",,0 0 0 13 13 7 7 8 5,S(+42.01)VRLKHTSF,sp|O15027|SC16A_HUMAN:sp|Q13936|CAC1C_HUMAN:sp|P0DMN0|ST1A4_HUMAN:sp|P20813|CP2B6_HUMAN:sp|Q8N3T1|GLT15_HUMAN:sp|P50225|ST1A1_HUMAN:sp|Q5T1R4|ZEP3_HUMAN:sp|P15088|CBPA3_HUMAN:sp|Q9BYG0|B3GN5_HUMAN:sp|Q9BZ29|DOCK9_HUMAN:sp|P0DMM9|ST1A3_HUMAN,DeepNovo
S(+42.01)VRLKKLSV,27.11,1070.6812,9,77.8,9,-0.5,357.90082,3,38.5125,-7.9875,0.16,14791,HFX193_IPP292_GEL_CRC_324_Odd.raw,2.97E5,3.49E6,1,1,1,1,"Acetylation (N-term)",,0 0 3 7 18 18 44 44 5,S(+42.01)VRLKKLSV,MNS1_DEL_TT-p.K202Afs*5_::chr15:56444025-56445026_frame=2:sp|P58107|EPIPL_HUMAN:sp|Q9H9F9|ARP5_HUMAN:sp|P41252|SYIC_HUMAN:sp|Q5H9B9|BM2KL_HUMAN:sp|Q8TCN5|ZN507_HUMAN:sp|P04920|B3A2_HUMAN:sp|Q8IWZ3|ANKH1_HUMAN:sp|Q9BTT6|LRRC1_HUMAN:sp|O60566|BUB1B_HUMAN:sp|Q96N35|TMM83_HUMAN:sp|Q92615|LAR4B_HUMAN:sp|O43280|TREA_HUMAN:sp|Q86WI3|NLRC5_HUMAN:sp|Q14241|ELOA1_HUMAN:sp|Q9Y3Q0|NALD2_HUMAN:sp|O14965|AURKA_HUMAN:sp|Q9Y2K7|KDM2A_HUMAN:sp|Q9UNA4|POLI_HUMAN:sp|Q75T13|PGAP1_HUMAN:sp|Q709C8|VP13C_HUMAN:sp|O00488|ZN593_HUMAN:sp|P49368|TCPG_HUMAN:sp|Q9NYW8|RBAK_HUMAN:sp|A6NKC9|SH2D7_HUMAN:sp|P08631|HCK_HUMAN:sp|Q2WGJ9|FR1L6_HUMAN:sp|Q8N5X7|IF4E3_HUMAN:sp|Q8NGN8|OR4A4_HUMAN:sp|P01019|ANGT_HUMAN:sp|Q9NYH9|UTP6_HUMAN:sp|Q14160|SCRIB_HUMAN:sp|Q5JPH6|SYEM_HUMAN:sp|Q8NDH2|CC168_HUMAN:sp|A4D1F6|LRRD1_HUMAN:sp|A4D1E9|GTPBA_HUMAN:sp|Q6KC79|NIPBL_HUMAN:sp|Q01860|PO5F1_HUMAN:sp|Q659A1|ICE2_HUMAN:sp|P53779|MK10_HUMAN:sp|Q8N6H7|ARFG2_HUMAN:sp|P27361|MK03_HUMAN:sp|Q9Y2F5|ICE1_HUMAN:sp|F5H4A9|CC080_HUMAN:sp|Q8WTW4|NPRL2_HUMAN:sp|Q99536|VAT1_HUMAN:sp|Q19AV6|ZSWM7_HUMAN:sp|Q96CM3|RUSD4_HUMAN:sp|P51531|SMCA2_HUMAN:sp|Q15345|LRC41_HUMAN:sp|Q8N7F7|UBL4B_HUMAN:sp|Q96H78|S2544_HUMAN:sp|Q5T9S5|CCD18_HUMAN:sp|Q9NTJ3|SMC4_HUMAN:sp|P27707|DCK_HUMAN:sp|Q99575|POP1_HUMAN:sp|P78559|MAP1A_HUMAN:sp|Q13188|STK3_HUMAN:sp|Q8IWT6|LRC8A_HUMAN:sp|Q14246|AGRE1_HUMAN:sp|P13929|ENOB_HUMAN:sp|P28482|MK01_HUMAN:sp|Q7RTS9|DYM_HUMAN:sp|P14543|NID1_HUMAN:sp|Q13823|NOG2_HUMAN:sp|Q9BRK5|CAB45_HUMAN:sp|Q9ULB5|CADH7_HUMAN:sp|Q9Y673|ALG5_HUMAN:sp|Q9NSY1|BMP2K_HUMAN:sp|Q9UQ05|KCNH4_HUMAN:sp|Q86WN1|FCSD1_HUMAN:sp|Q7Z5J8|ANKAR_HUMAN:sp|Q8N957|ANKF1_HUMAN:sp|Q0VF96|CGNL1_HUMAN:ADD3_DEL_A-p.K701Rfs*8_::chr10:110133092-110134092_frame=2:sp|P01116|RASK_HUMAN:sp|O95155|UBE4B_HUMAN:sp|O94759|TRPM2_HUMAN:sp|Q14184|DOC2B_HUMAN:sp|Q5K651|SAMD9_HUMAN:sp|Q08629|TICN1_HUMAN:sp|Q68DK2|ZFY26_HUMAN:sp|Q9BRK4|LZTS2_HUMAN:sp|Q3L8U1|CHD9_HUMAN:sp|Q02224|CENPE_HUMAN:sp|O94874|UFL1_HUMAN:sp|Q9HCX4|TRPC7_HUMAN:sp|P42356|PI4KA_HUMAN:sp|Q4ADV7|RIC1_HUMAN:sp|Q15652|JHD2C_HUMAN:sp|Q16363|LAMA4_HUMAN:sp|P37023|ACVL1_HUMAN:ADD3_INS_--A_p.E702Gfs*4::chr10:110133091-110134092_frame=1:sp|P20742|PZP_HUMAN:sp|P35670|ATP7B_HUMAN:sp|O15264|MK13_HUMAN:sp|A8MWE9|EFCB8_HUMAN:sp|Q6HA08|ASTL_HUMAN:sp|Q8NBQ5|DHB11_HUMAN:sp|Q96NG3|ODAD4_HUMAN:sp|Q9BQ16|TICN3_HUMAN:sp|Q02952|AKA12_HUMAN:sp|Q96AY4|TTC28_HUMAN:sp|Q5SVZ6|ZMYM1_HUMAN:sp|Q9ULE4|F184B_HUMAN:sp|Q9NQ90|ANO2_HUMAN:sp|P07307|ASGR2_HUMAN:sp|Q96D42|HAVR1_HUMAN:sp|Q7Z443|PK1L3_HUMAN:sp|Q4W5G0|TIGD2_HUMAN:sp|Q03164|KMT2A_HUMAN:sp|O15228|GNPAT_HUMAN:sp|Q8TDW7|FAT3_HUMAN:sp|P78556|CCL20_HUMAN:sp|Q8NCM8|DYHC2_HUMAN:sp|Q8WVM8|SCFD1_HUMAN:sp|Q96M89|CC138_HUMAN:sp|O95487|SC24B_HUMAN:sp|Q2KHM9|MOONR_HUMAN:sp|Q9NQU5|PAK6_HUMAN,DeepNovo
S(+42.01)VRPRL,19.21,768.4606,6,50.0,6,0.6,385.23782,2,36.4806,5.1806,0.12,13975,HFX193_IPP292_GEL_CRC_324_Even.raw,6.35E5,4.88E6,2,2,2,2,"Acetylation (N-term)",,0 0 4 1 3 5,S(+42.01)VRPRL,sp|Q9NZI7|UBIP1_HUMAN,DB Search
S(+42.01)VRSGAKHLDF,62.62,1257.6466,11,63.6,11,1.4,420.22339,3,35.9765,-6.2235,0.29,13770,HFX193_IPP292_GEL_CRC_324_Odd.raw,2.16E6,1.25E7,2,2,2,2,"Acetylation (N-term)",,0 0 4 6 0 0 8 16 16 26 5,S(+42.01)VRSGAKHLDF,sp|Q96EB1|ELP4_HUMAN:sp|P46781|RS9_HUMAN:sp|Q92616|GCN1_HUMAN:sp|Q6ZNG0|ZN620_HUMAN:sp|Q8IVG5|SAM9L_HUMAN:sp|P46821|MAP1B_HUMAN:sp|P36222|CH3L1_HUMAN:sp|O43159|RRP8_HUMAN:sp|Q86T65|DAAM2_HUMAN:sp|Q14999|CUL7_HUMAN:sp|Q8WXH0|SYNE2_HUMAN:sp|Q96QI5|HS3S6_HUMAN:sp|Q5JSH3|WDR44_HUMAN:sp|Q8IVH8|M4K3_HUMAN:sp|Q13535|ATR_HUMAN:sp|O43157|PLXB1_HUMAN:sp|Q6AI08|HEAT6_HUMAN:sp|Q5K651|SAMD9_HUMAN:sp|P45954|ACDSB_HUMAN:sp|Q9UHW5|GPN3_HUMAN,DeepNovo
S(+42.01)VRSRDEL,26.95,1002.5094,8,50.0,8,0.1,502.26202,2,35.6038,17.4038,0.16,13605,HFX193_IPP292_GEL_CRC_324_Even.raw,2.76E6,1.77E7,1,1,1,1,"Acetylation (N-term)",,0 0 3 0 1 3 4 4,S(+42.01)VRSRDEL,sp|O94889|KLH18_HUMAN:sp|Q96A84|EMID1_HUMAN:sp|Q9BUH8|BEGIN_HUMAN:sp|Q6P5Z2|PKN3_HUMAN:sp|P35580|MYH10_HUMAN:sp|Q92614|MY18A_HUMAN:sp|Q9NUG4|CCM2L_HUMAN:sp|Q9P2W9|STX18_HUMAN:sp|Q99653|CHP1_HUMAN:sp|Q8IZF7|AGRF2_HUMAN:sp|P23786|CPT2_HUMAN:sp|Q86YS3|RFIP4_HUMAN:sp|O95267|GRP1_HUMAN:sp|Q5T8P6|RBM26_HUMAN:sp|O95396|MOCS3_HUMAN:sp|Q6ZMP0|THSD4_HUMAN:sp|Q9H2M9|RBGPR_HUMAN:sp|O75154|RFIP3_HUMAN:sp|Q9Y4R8|TELO2_HUMAN:sp|Q9HB14|KCNKD_HUMAN:sp|Q0ZGT2|NEXN_HUMAN:sp|Q05519|SRS11_HUMAN:sp|Q8IYK4|GT252_HUMAN:sp|Q9P2D6|F135A_HUMAN:sp|Q8NFD5|ARI1B_HUMAN:sp|P35749|MYH11_HUMAN:sp|P12109|CO6A1_HUMAN:sp|O60343|TBCD4_HUMAN:sp|Q9HD67|MYO10_HUMAN:sp|Q01433|AMPD2_HUMAN:sp|Q07157|ZO1_HUMAN:sp|Q01804|OTUD4_HUMAN:sp|P01857|IGHG1_HUMAN:sp|P30622|CLIP1_HUMAN:sp|Q5T4T6|SYC2L_HUMAN,DeepNovo
S(+42.01)VRVERC(+119.00)N(+0.98)L,29.31,1236.5591,9,33.3,9,1.4,619.28766,2,36.0661,0.9661,0.38,13796,HFX193_IPP292_GEL_CRC_324_Even.raw,9.35E5,7.72E6,1,1,1,1,"Acetylation (N-term);Cysteinylation;Deamidation (NQ)",,0 0 2 1 1 1 1 3 5,S(+42.01)VRVERC(+119.00)N(+0.98)L,sp|Q5TDH0|DDI2_HUMAN:sp|P0C6S8|LIGO3_HUMAN:sp|Q9UKS6|PACN3_HUMAN:sp|O95180|CAC1H_HUMAN:sp|Q8NHM5|KDM2B_HUMAN:sp|Q6UY18|LIGO4_HUMAN:sp|Q8IV16|HDBP1_HUMAN:sp|Q8NCX0|CC150_HUMAN:sp|Q8WTU0|DDI1_HUMAN:sp|O00744|WN10B_HUMAN,DeepNovo
S(+42.01)VRVRLHLR,24.45,1176.7203,9,44.4,9,0.6,393.24762,3,33.0748,-6.1252,0.52,12596,HFX193_IPP292_GEL_CRC_324_Even.raw,1.81E5,1.65E6,1,1,1,1,"Acetylation (N-term)",,0 0 0 0 1 3 2 2 5,S(+42.01)VRVRLHLR,,DeepNovo
S(+42.01)VRVRPGL,28.94,924.5505,8,12.5,8,1.0,463.28296,2,39.9120,-10.4880,0.08,15363,HFX193_IPP292_GEL_CRC_324_Even.raw,,,1,1,0,0,"Acetylation (N-term)",,0 0 0 0 1 0 0 3,S(+42.01)VRVRPGL,,DeepNovo
S(+42.01)VRVRSL,20.15,857.5083,7,14.3,7,1.1,429.76187,2,43.9309,0.9309,0.09,17011,HFX193_IPP292_GEL_CRC_324_Even.raw,8.23E4,1.06E6,1,1,1,1,"Acetylation (N-term)",,1 1 1 1 1 1 2,S(+42.01)VRVRSL,sp|Q96EF6|FBX17_HUMAN:sp|Q15042|RB3GP_HUMAN:sp|Q9GZN8|ADSSP_HUMAN:sp|P41146|OPRX_HUMAN:tr|A0A8Q3SIG1|A0A8Q3SIG1_HUMAN:sp|Q6IE37|OVOS1_HUMAN:sp|Q9UQ90|SPG7_HUMAN:sp|Q8N159|NAGS_HUMAN:sp|P04554|PRM2_HUMAN:sp|Q5VU43|MYOME_HUMAN:sp|Q96P47|AGAP3_HUMAN:sp|Q9ULU8|CAPS1_HUMAN:sp|P55268|LAMB2_HUMAN:sp|Q13033|STRN3_HUMAN:sp|Q86T24|KAISO_HUMAN:sp|Q8IYG6|LRC56_HUMAN:sp|A6NIR3|AGAP5_HUMAN:sp|Q6ZNA1|ZN836_HUMAN:sp|A8K8P3|SFI1_HUMAN:sp|O60683|PEX10_HUMAN:sp|Q15034|HERC3_HUMAN:sp|O75445|USH2A_HUMAN:sp|Q96JJ6|JPH4_HUMAN:sp|Q3KP66|INAVA_HUMAN:sp|Q9NRL3|STRN4_HUMAN:sp|Q5VTM2|AGAP9_HUMAN:sp|P02545|LMNA_HUMAN:sp|Q5HYW2|NHSL2_HUMAN:sp|Q8IZY2|ABCA7_HUMAN:sp|Q96LI5|CNO6L_HUMAN:sp|P10912|GHR_HUMAN:sp|Q9NQZ5|STAR7_HUMAN:sp|Q4ZHG4|FNDC1_HUMAN:sp|Q86UW7|CAPS2_HUMAN:sp|Q8N7P1|PLD5_HUMAN:sp|Q9UPQ3|AGAP1_HUMAN:sp|Q8IVU3|HERC6_HUMAN:sp|Q96P31|FCRL3_HUMAN:sp|Q13946|PDE7A_HUMAN:sp|P53674|CRBB1_HUMAN:sp|Q5VZL5|ZMYM4_HUMAN:sp|Q96P64|AGAP4_HUMAN:sp|Q8TBK2|SETD6_HUMAN:sp|Q9BXJ7|AMNLS_HUMAN:sp|Q13519|PNOC_HUMAN:sp|Q8NA56|TTC29_HUMAN:sp|Q99490|AGAP2_HUMAN:sp|Q8IUX7|AEBP1_HUMAN:sp|Q5VUJ5|AGAP7_HUMAN:sp|Q03164|KMT2A_HUMAN:sp|Q6ZN19|ZN841_HUMAN:sp|Q04637|IF4G1_HUMAN:sp|P05783|K1C18_HUMAN:sp|Q8TF27|AGA11_HUMAN:sp|Q5VW22|AGAP6_HUMAN,DeepNovo
S(+42.01)VRVSKAL,33.49,900.5392,8,62.5,8,0.3,451.27704,2,36.2731,-4.9269,0.39,13869,HFX193_IPP292_GEL_CRC_324_Even.raw,8.53E5,5.49E6,1,1,1,1,"Acetylation (N-term)",,0 0 0 2 19 22 26 5,S(+42.01)VRVSKAL,sp|P58107|EPIPL_HUMAN:sp|Q86W28|NALP8_HUMAN:sp|Q8N2H9|PELI3_HUMAN:sp|Q9UNF1|MAGD2_HUMAN:sp|P05111|INHA_HUMAN:sp|Q8TD57|DYH3_HUMAN:sp|O95425|SVIL_HUMAN:sp|Q9H208|O10A2_HUMAN:sp|Q8NBZ7|UXS1_HUMAN:sp|P08709|FA7_HUMAN:sp|Q460N5|PAR14_HUMAN:sp|Q13740|CD166_HUMAN:sp|Q9UQ05|KCNH4_HUMAN:sp|Q8WZ42|TITIN_HUMAN:sp|A2A368|MAGBG_HUMAN:sp|O94964|SOGA1_HUMAN:sp|P06746|DPOLB_HUMAN:sp|P51532|SMCA4_HUMAN:sp|O60315|ZEB2_HUMAN:sp|Q8N3P4|VPS8_HUMAN:sp|P09237|MMP7_HUMAN:sp|Q709C8|VP13C_HUMAN:sp|Q9P0N9|TBCD7_HUMAN:sp|Q15849|UT2_HUMAN:NDUFC2_DEL_AA-p.F69Cfs*9_::chr11:78072601-78073602_frame=1:sp|Q0VAA5|PLCX2_HUMAN:sp|Q8WVN6|SCTM1_HUMAN:sp|P24310|CX7A1_HUMAN:sp|Q76MJ5|ERN2_HUMAN:sp|Q96CS3|FAF2_HUMAN:sp|Q9GZN7|ROGDI_HUMAN:sp|Q01826|SATB1_HUMAN:sp|Q5MY95|ENTP8_HUMAN:sp|Q5W5W9|RES18_HUMAN:sp|P49454|CENPF_HUMAN:sp|Q96PX9|PKH4B_HUMAN:sp|O60522|TDRD6_HUMAN:sp|Q9Y4G6|TLN2_HUMAN:sp|Q9UPW6|SATB2_HUMAN:sp|Q8WZ74|CTTB2_HUMAN:sp|Q8N1P7|CRBG2_HUMAN:sp|Q7Z5J4|RAI1_HUMAN:sp|Q9NRI5|DISC1_HUMAN:sp|Q8TF71|MOT10_HUMAN:sp|P41180|CASR_HUMAN:sp|A0A3B3IT52|MSD5_HUMAN:ANO10_DEL_T-p.D45Mfs*12_::chr3:43605221-43606221_frame=1:sp|O15018|PDZD2_HUMAN:sp|Q9P1W3|CSC1_HUMAN:sp|Q9ULE4|F184B_HUMAN:sp|Q4G0P3|HYDIN_HUMAN:sp|Q06546|GABPA_HUMAN:sp|Q9BXP2|S12A9_HUMAN:sp|Q2TAZ0|ATG2A_HUMAN:sp|Q9NXP7|GIN1_HUMAN:sp|P11532|DMD_HUMAN:sp|Q9NR09|BIRC6_HUMAN:sp|Q9P253|VPS18_HUMAN:sp|Q68DD2|PA24F_HUMAN:sp|Q9HAQ2|KIF9_HUMAN:sp|Q9BUX1|CHAC1_HUMAN:sp|Q96JE7|SC16B_HUMAN:sp|A0A494C071|PWWP4_HUMAN,DeepNovo
S(+42.01)VSDDV,13.57,662.2759,6,66.7,6,1.2,663.28394,1,44.4239,7.4239,0.55,17177,HFX193_IPP292_GEL_CRC_324_Odd.raw,2.48E5,2.06E6,1,1,1,1,"Acetylation (N-term)",,0 0 15 32 45 5,S(+42.01)VSDDV,sp|Q9UHV7|MED13_HUMAN,DB Search
S(+42.01)VSKRLGASL,43.72,1058.6084,10,50.0,10,1.6,530.31232,2,43.5984,-12.7016,0.88,16840,HFX193_IPP292_GEL_CRC_324_Odd.raw,1.84E6,1.2E7,1,1,1,1,"Acetylation (N-term)",,0 0 9 8 0 3 0 0 6 5,S(+42.01)VSKRLGASL,sp|P49069|CAMLG_HUMAN:sp|P52701|MSH6_HUMAN:sp|P53671|LIMK2_HUMAN:sp|Q9P1W8|SIRPG_HUMAN:sp|O14654|IRS4_HUMAN:sp|P21941|MATN1_HUMAN:sp|O00175|CCL24_HUMAN:sp|Q7Z4V5|HDGR2_HUMAN:sp|Q8NEJ9|NGDN_HUMAN:sp|O94973|AP2A2_HUMAN:sp|O60312|AT10A_HUMAN:sp|Q9NY93|DDX56_HUMAN:sp|Q8NGY9|OR2L8_HUMAN:sp|Q5VW38|GP107_HUMAN:sp|Q9NR71|ASAH2_HUMAN:sp|O60292|SI1L3_HUMAN:sp|P35626|ARBK2_HUMAN:sp|Q86WV6|STING_HUMAN:sp|Q9NRC6|SPTN5_HUMAN:sp|Q9BSJ6|PIMRE_HUMAN:sp|Q96DC7|TMCO6_HUMAN:sp|Q86WA8|LONP2_HUMAN:sp|Q13444|ADA15_HUMAN:sp|Q14202|ZMYM3_HUMAN:sp|Q96PD5|PGRP2_HUMAN:sp|Q9HBI5|CC014_HUMAN:sp|O75038|PLCH2_HUMAN:sp|Q9NZR2|LRP1B_HUMAN:sp|Q9BXT5|TEX15_HUMAN:sp|Q96ST3|SIN3A_HUMAN:sp|O00444|PLK4_HUMAN:sp|Q13619|CUL4A_HUMAN:sp|P0CB47|UBFL1_HUMAN:sp|P50993|AT1A2_HUMAN:sp|P14625|ENPL_HUMAN:sp|Q92562|FIG4_HUMAN:sp|Q96PF2|TSSK2_HUMAN:sp|P04035|HMDH_HUMAN:sp|Q6NXE6|ARMC6_HUMAN:sp|P21333|FLNA_HUMAN:sp|A7KAX9|RHG32_HUMAN:sp|Q8N6U8|GP161_HUMAN:sp|Q07002|CDK18_HUMAN:sp|Q6ZVD8|PHLP2_HUMAN:sp|Q8NG85|OR2L3_HUMAN:sp|P51161|FABP6_HUMAN:sp|O15018|PDZD2_HUMAN:sp|Q96PZ0|PUS7_HUMAN:sp|Q6PGN9|PSRC1_HUMAN:sp|Q8TB92|HMGC2_HUMAN:sp|Q9BXU1|STK31_HUMAN:sp|A6NIM6|S15A5_HUMAN:sp|Q969Z0|FAKD4_HUMAN:sp|Q9UKD2|MRT4_HUMAN:sp|Q8IZT6|ASPM_HUMAN,DeepNovo
S(+42.01)VSVKHTL,28.63,911.5076,8,75.0,8,1.7,456.76187,2,32.1983,-3.8017,0.65,12235,HFX193_IPP292_GEL_CRC_324_Even.raw,1.93E5,2.27E6,2,2,1,1,"Acetylation (N-term)",,5 3 0 0 3 4 4 5,S(+42.01)VSVKHTL,,DeepNovo
S(+42.01)VTHAGGL,35.19,782.3923,8,50.0,8,0.8,392.20370,2,31.7975,-13.5025,0.51,12053,HFX193_IPP292_GEL_CRC_324_Odd.raw,1.11E6,7.41E6,1,1,1,1,"Acetylation (N-term)",,1 1 8 7 0 0 11 5,S(+42.01)VTHAGGL,sp|P0C7U0|ELFN1_HUMAN:sp|Q08345|DDR1_HUMAN:sp|Q96AX2|RAB37_HUMAN:sp|O75694|NU155_HUMAN:sp|Q6ZMW3|EMAL6_HUMAN:sp|O95704|APBB3_HUMAN:sp|Q8NCF0|CL18C_HUMAN:sp|P04920|B3A2_HUMAN:sp|P08571|CD14_HUMAN:sp|Q6UXF7|CL18B_HUMAN:sp|Q9BZW5|TM6S1_HUMAN:sp|Q5TGJ6|HDGL1_HUMAN:sp|Q6T4P5|PLPR3_HUMAN:sp|Q7Z3D6|GLUCM_HUMAN:sp|Q13443|ADAM9_HUMAN:sp|Q03052|PO3F1_HUMAN:sp|P02730|B3AT_HUMAN:sp|Q9H2K2|TNKS2_HUMAN:sp|A5D8T8|CL18A_HUMAN:sp|Q9GZV9|FGF23_HUMAN:sp|Q10571|MN1_HUMAN:sp|Q1EHB4|SC5AC_HUMAN:sp|P30989|NTR1_HUMAN:sp|P98088|MUC5A_HUMAN:sp|A4D2P6|GRD2I_HUMAN:sp|Q14767|LTBP2_HUMAN:sp|Q8TBE0|BAHD1_HUMAN:sp|Q7Z443|PK1L3_HUMAN:sp|Q9ULW5|RAB26_HUMAN:sp|Q96C11|FGGY_HUMAN:sp|A4D2B8|PM2P1_HUMAN:sp|Q99463|NPY6R_HUMAN:sp|P17040|ZSC20_HUMAN,DeepNovo
S(+42.01)VTRLGGK,33.36,858.4923,8,12.5,8,1.0,430.25385,2,29.0681,10.7681,0.80,10964,HFX193_IPP292_GEL_CRC_324_Odd.raw,4.6E5,4.13E6,1,1,1,1,"Acetylation (N-term)",,0 0 1 0 0 0 0 5,S(+42.01)VTRLGGK,,DeepNovo
S(+42.01)VVKGGPPAPK,39.14,1077.6182,11,36.4,11,1.5,360.21387,3,26.6414,4.1414,0.61,9990,HFX193_IPP292_GEL_CRC_324_Odd.raw,6.54E4,8.73E5,1,1,1,1,"Acetylation (N-term)",,0 0 6 3 0 0 0 1 1 3 3,S(+42.01)VVKGGPPAPK,sp|Q9Y6C5|PTC2_HUMAN:sp|Q6NV74|CRCDL_HUMAN:sp|Q07065|CKAP4_HUMAN:sp|Q99958|FOXC2_HUMAN:sp|O00468|AGRIN_HUMAN:sp|Q9UKM9|RALY_HUMAN:sp|Q9UBI4|STML1_HUMAN:sp|Q13188|STK3_HUMAN:sp|Q86VF2|IGFN1_HUMAN:sp|Q15424|SAFB1_HUMAN:sp|O75995|SASH3_HUMAN:sp|P63145|GAK24_HUMAN:sp|P48436|SOX9_HUMAN:sp|Q96NJ1|YI001_HUMAN:sp|O76024|WFS1_HUMAN:sp|Q6ZMP0|THSD4_HUMAN:sp|P62684|GA113_HUMAN:sp|Q8WZ42|TITIN_HUMAN:sp|O60512|B4GT3_HUMAN:sp|Q13319|CD5R2_HUMAN:sp|O43365|HXA3_HUMAN:sp|P63128|POK9_HUMAN:sp|Q13887|KLF5_HUMAN:sp|Q96ST8|CEP89_HUMAN:sp|Q6IQ32|ADNP2_HUMAN:sp|Q96B36|AKTS1_HUMAN:sp|Q14151|SAFB2_HUMAN:sp|Q8TEW8|PAR3L_HUMAN:sp|Q14767|LTBP2_HUMAN:sp|A6NNN8|S38A8_HUMAN:sp|Q9H0L4|CSTFT_HUMAN:sp|Q8N3X1|FNBP4_HUMAN:sp|P23610|HAP40_HUMAN:sp|Q86VE0|MYPOP_HUMAN:sp|Q96Q27|ASB2_HUMAN:sp|Q9UPA5|BSN_HUMAN:sp|Q8N9C0|IGS22_HUMAN:sp|P51800|CLCKA_HUMAN:sp|E9PAV3|NACAM_HUMAN:sp|Q9NVF7|FBX28_HUMAN:sp|Q86TG7|PEG10_HUMAN:sp|Q9HCE9|ANO8_HUMAN:sp|A6NE52|WDR97_HUMAN:sp|O95466|FMNL1_HUMAN:sp|Q9NRC1|ST7_HUMAN:sp|P31483|TIA1_HUMAN:sp|Q15772|SPEG_HUMAN:sp|P10636|TAU_HUMAN:sp|A0A1B0GUX0|VAFNB_HUMAN:sp|Q96AE4|FUBP1_HUMAN:sp|Q8N573|OXR1_HUMAN:sp|Q9UKN7|MYO15_HUMAN:sp|P49848|TAF6_HUMAN:sp|O43242|PSMD3_HUMAN:sp|Q96P71|NECA3_HUMAN:sp|Q6PIS1|S23A3_HUMAN:sp|Q15059|BRD3_HUMAN:sp|Q6FHJ7|SFRP4_HUMAN:sp|Q99466|NOTC4_HUMAN:sp|Q99490|AGAP2_HUMAN:sp|Q9UPN7|PP6R1_HUMAN:sp|Q7Z6K1|THAP5_HUMAN:sp|O95900|TRUB2_HUMAN:sp|Q8TBE0|BAHD1_HUMAN:sp|Q32P44|EMAL3_HUMAN:sp|Q96PR1|KCNC2_HUMAN:sp|P48634|PRC2A_HUMAN:sp|P55316|FOXG1_HUMAN:sp|Q9P2P5|HECW2_HUMAN:sp|Q9H2E6|SEM6A_HUMAN:sp|Q9UDY2|ZO2_HUMAN:sp|Q6NXT6|TAPT1_HUMAN:sp|Q04206|TF65_HUMAN:sp|P51801|CLCKB_HUMAN:sp|Q96SQ7|ATOH8_HUMAN:sp|Q01085|TIAR_HUMAN:sp|O15357|SHIP2_HUMAN:sp|A6NHT5|HMX3_HUMAN:sp|P0C7T7|FMAS1_HUMAN,DeepNovo
S(+42.01)VVSLL,20.12,658.3901,6,66.7,6,-0.7,659.39691,1,68.4424,-80.3576,0.65,26819,HFX193_IPP292_GEL_CRC_324_Even.raw,2.73E6,9.27E6,3,3,3,3,"Acetylation (N-term)",,0 0 4 4 6 5,S(+42.01)VVSLL,sp|Q7Z6J6|FRMD5_HUMAN:sp|Q8TAF5|LQK1_HUMAN:sp|Q7L2H7|EIF3M_HUMAN:sp|Q99460|PSMD1_HUMAN:sp|Q9ULJ7|ANR50_HUMAN:sp|Q7L5Y9|MAEA_HUMAN:sp|Q8TC84|FANK1_HUMAN,DB Search
S(+42.01)VYAGGT,51.68,695.3126,7,100.0,7,0.3,696.32007,1,45.7728,2.3728,0.66,17732,HFX193_IPP292_GEL_CRC_324_Odd.raw,3.39E5,1.93E6,1,1,1,1,"Acetylation (N-term)",,4 4 45 32 2 2 5,S(+42.01)VYAGGT,sp|Q92859|NEO1_HUMAN:sp|Q9NRV9|HEBP1_HUMAN:sp|Q9P281|BAHC1_HUMAN:sp|Q99946|PRRT1_HUMAN:sp|Q9UNA0|ATS5_HUMAN:sp|Q8NBQ7|AQP11_HUMAN:sp|Q86XP1|DGKH_HUMAN:sp|P22607|FGFR3_HUMAN:sp|Q5T1R4|ZEP3_HUMAN:sp|Q16760|DGKD_HUMAN:sp|P05783|K1C18_HUMAN:sp|P48067|SC6A9_HUMAN,DeepNovo
S(+42.01)VYKKARAL,42.00,1076.6342,9,66.7,9,1.2,539.32501,2,28.0869,12.7869,0.47,10543,HFX193_IPP292_GEL_CRC_324_Even.raw,2.78E6,2.12E7,2,2,2,2,"Acetylation (N-term)",,5 7 10 6 0 0 0 11 5,S(+42.01)VYKKARAL,,DeepNovo
S(+42.01)VYKRGGTEL,48.81,1150.5983,10,40.0,10,1.9,576.30750,2,38.0486,4.0486,0.79,14603,HFX193_IPP292_GEL_CRC_324_Odd.raw,1.26E6,9.53E6,2,2,2,2,"Acetylation (N-term)",,0 0 19 9 0 0 0 1 3 5,S(+42.01)VYKRGGTEL,sp|Q9HD67|MYO10_HUMAN:sp|Q9BXT5|TEX15_HUMAN,DeepNovo
S(+42.01)YDRAITVFSPDGHL,81.30,1718.8264,15,46.7,15,-1.1,860.41956,2,71.2466,-45.2534,0.77,27856,HFX193_IPP292_GEL_CRC_324_Even.raw,1.53E6,8.17E6,1,1,1,1,"Acetylation (N-term)",,0 0 0 1 1 1 4 4 15 21 1 1 20 15 5,S(+42.01)YDRAITVFSPDGHL,sp|O14818|PSA7_HUMAN,DB Search
S(+42.01)YHDKPEL,30.22,1029.4767,8,50.0,8,1.6,515.74646,2,36.9076,4.5076,0.45,14110,HFX193_IPP292_GEL_CRC_324_Odd.raw,1.14E7,6.38E7,2,2,2,2,"Acetylation (N-term)",,0 0 0 0 10 3 3 5,S(+42.01)YHDKPEL,sp|P07900|HS90A_HUMAN:sp|Q99996|AKAP9_HUMAN:sp|Q14568|HS902_HUMAN:sp|Q5JWR5|DOP1_HUMAN:sp|A2PYH4|HFM1_HUMAN:sp|Q9Y3R5|DOP2_HUMAN:sp|Q6PI77|GASP3_HUMAN:sp|Q58FG0|HS905_HUMAN:sp|Q4KWH8|PLCH1_HUMAN:sp|Q8IYB4|PEX5R_HUMAN:sp|Q9BQI5|SGIP1_HUMAN:sp|O95428|PPN_HUMAN:sp|P09543|CN37_HUMAN:sp|Q86VQ6|TRXR3_HUMAN:sp|Q8TAM2|TTC8_HUMAN:sp|Q9UPN3|MACF1_HUMAN,DeepNovo
S(+42.01)YKVVGR,31.81,849.4708,7,100.0,7,1.5,425.74332,2,29.6850,5.3850,0.75,11220,HFX193_IPP292_GEL_CRC_324_Odd.raw,2.23E5,2.75E6,1,1,1,1,"Acetylation (N-term)",,4 4 23 40 16 5 5,S(+42.01)YKVVGR,sp|Q16678|CP1B1_HUMAN:sp|Q53EL9|SEZ6_HUMAN:sp|Q8IVE3|PKHH2_HUMAN:sp|P0C7T2|OR2T7_HUMAN:sp|O43175|SERA_HUMAN:sp|Q9Y3D7|TIM16_HUMAN:sp|Q02543|RL18A_HUMAN:sp|A6NJU9|NPB13_HUMAN:sp|Q4KMG0|CDON_HUMAN:sp|Q8WZ42|TITIN_HUMAN:sp|P05186|PPBT_HUMAN:sp|Q562F6|SGO2_HUMAN:sp|Q9HCD6|TANC2_HUMAN:sp|C9JG80|NPIB4_HUMAN:sp|P01023|A2MG_HUMAN:sp|Q6IQ32|ADNP2_HUMAN:sp|A8MRT5|NPIB5_HUMAN:sp|Q8NH04|O2T27_HUMAN:sp|O43749|OR1F1_HUMAN:sp|Q86VI3|IQGA3_HUMAN:sp|F8W0I5|NPB12_HUMAN:sp|A6NJ64|NPIB2_HUMAN:sp|Q9H6A0|DEN2D_HUMAN:sp|Q9NUZ1|ACOXL_HUMAN:sp|Q9UN75|PCDAC_HUMAN:sp|Q8TED0|UTP15_HUMAN:sp|Q92617|NPIB3_HUMAN:sp|E5RHQ5|NPB11_HUMAN:sp|O43291|SPIT2_HUMAN:sp|Q9C0D5|TANC1_HUMAN,DeepNovo
S(+42.01)YLLKKAKH,13.90,1128.6655,9,44.4,9,1.3,377.22958,3,24.9960,8.0960,0.63,9278,HFX193_IPP292_GEL_CRC_324_Even.raw,,,1,1,0,0,"Acetylation (N-term)",,0 0 1 1 1 8 2 2 5,S(+42.01)YLLKKAKH,sp|P02652|APOA2_HUMAN:sp|Q96M91|CFA53_HUMAN:sp|Q96JB8|MPP4_HUMAN:sp|Q8NF37|PCAT1_HUMAN:sp|Q9BZG8|DPH1_HUMAN:sp|Q93034|CUL5_HUMAN:sp|Q6ZRS2|SRCAP_HUMAN:sp|Q9UL36|ZN236_HUMAN:sp|O75031|HSF2B_HUMAN:sp|Q76M96|CCD80_HUMAN:sp|O75486|SUPT3_HUMAN:sp|Q8N5H7|SH2D3_HUMAN:sp|Q9UKZ4|TEN1_HUMAN:sp|Q9ULL0|K1210_HUMAN:sp|Q9Y5B6|PAXB1_HUMAN:sp|A4D0S4|LAMB4_HUMAN:sp|Q9H254|SPTN4_HUMAN:sp|Q8IXS6|PALM2_HUMAN:sp|Q3SYG4|PTHB1_HUMAN:sp|Q6NSJ2|PHLB3_HUMAN:sp|Q8N228|SCML4_HUMAN:sp|Q6IQ32|ADNP2_HUMAN:sp|Q9NWN3|FBX34_HUMAN:sp|Q8NFD5|ARI1B_HUMAN:sp|P15336|ATF2_HUMAN:sp|Q7Z6E9|RBBP6_HUMAN:sp|Q70YC5|ZN365_HUMAN:sp|Q14254|FLOT2_HUMAN:sp|Q9UKX7|NUP50_HUMAN:sp|A6NCI4|VWA3A_HUMAN:sp|O95319|CELF2_HUMAN:sp|Q9NYC9|DYH9_HUMAN:sp|Q8N5C7|DTWD1_HUMAN:sp|Q6PL18|ATAD2_HUMAN:sp|Q6KB66|K2C80_HUMAN:sp|Q2WGJ9|FR1L6_HUMAN:sp|Q5QJE6|TDIF2_HUMAN:sp|Q8N139|ABCA6_HUMAN:sp|Q8N1F7|NUP93_HUMAN:sp|Q9UFD9|RIM3A_HUMAN:sp|P82987|ATL3_HUMAN:sp|O60281|ZN292_HUMAN:sp|P46063|RECQ1_HUMAN:sp|P15924|DESP_HUMAN:sp|O75970|MPDZ_HUMAN:sp|Q14919|NC2A_HUMAN:sp|Q9BV87|CNPD1_HUMAN:sp|Q9NR46|SHLB2_HUMAN:sp|Q9NVG8|TBC13_HUMAN:sp|A8MT33|SYC1L_HUMAN:sp|Q8WW38|FOG2_HUMAN:sp|Q14674|ESPL1_HUMAN:sp|Q9NSB2|KRT84_HUMAN:ACVR2A_DEL_A-p.K437Rfs*5_::chr2:147925617-147926617_frame=-3:sp|P13647|K2C5_HUMAN:sp|Q96QI5|HS3S6_HUMAN:sp|Q9H1I8|ASCC2_HUMAN:sp|O60749|SNX2_HUMAN:sp|O15054|KDM6B_HUMAN:sp|Q6MZP7|LIN54_HUMAN:sp|O43301|HS12A_HUMAN:sp|Q9NZM3|ITSN2_HUMAN:sp|Q00975|CAC1B_HUMAN:sp|Q9NS00|C1GLT_HUMAN:sp|Q6P2Q9|PRP8_HUMAN:sp|P12271|RLBP1_HUMAN:sp|A4GXA9|EME2_HUMAN:sp|Q8NE09|RGS22_HUMAN:sp|Q8TC29|ENKUR_HUMAN:sp|A6NJJ6|CS067_HUMAN:sp|Q96SW2|CRBN_HUMAN:sp|Q8NEG4|FA83F_HUMAN:sp|O43790|KRT86_HUMAN:sp|Q9H1X3|DJC25_HUMAN:sp|Q9NRC6|SPTN5_HUMAN:sp|Q8IYM0|F186B_HUMAN:sp|Q8IZA3|H18_HUMAN:sp|P30837|AL1B1_HUMAN:sp|Q86YW9|MD12L_HUMAN:sp|O94759|TRPM2_HUMAN:sp|Q53RE8|ANR39_HUMAN:sp|P01106|MYC_HUMAN:sp|O43670|ZN207_HUMAN:sp|P20908|CO5A1_HUMAN:sp|A6NCN2|KR87P_HUMAN:sp|Q9UPP1|PHF8_HUMAN:sp|Q14094|CCNI_HUMAN:sp|Q9Y226|S22AD_HUMAN:sp|Q8TED9|AF1L1_HUMAN:sp|Q6WRX3|ZY11A_HUMAN:sp|O00418|EF2K_HUMAN:sp|P42345|MTOR_HUMAN:sp|Q99459|CDC5L_HUMAN:sp|P08047|SP1_HUMAN:sp|P34059|GALNS_HUMAN:sp|Q9NSB4|KRT82_HUMAN:sp|P19013|K2C4_HUMAN:sp|P49788|TIG1_HUMAN:sp|Q8TE76|MORC4_HUMAN:sp|Q9NZJ4|SACS_HUMAN:sp|Q5U649|CL060_HUMAN:sp|Q6ZUS5|CC121_HUMAN:sp|O75940|SPF30_HUMAN:sp|Q16363|LAMA4_HUMAN:sp|O60336|MABP1_HUMAN:sp|Q1MSJ5|CSPP1_HUMAN:sp|Q9ULD2|MTUS1_HUMAN:sp|Q96NG3|ODAD4_HUMAN:sp|Q6Y288|B3GLT_HUMAN:sp|O95153|RIMB1_HUMAN:sp|P0CJ88|DU4L5_HUMAN:sp|Q9NYU1|UGGG2_HUMAN:sp|Q9UJQ4|SALL4_HUMAN:sp|Q16206|ENOX2_HUMAN:sp|Q03164|KMT2A_HUMAN:sp|Q09472|EP300_HUMAN:sp|Q8WXX5|DNJC9_HUMAN:sp|Q01780|EXOSX_HUMAN:sp|Q8WTT2|NOC3L_HUMAN:sp|Q9BRF8|CPPED_HUMAN,DeepNovo
S(+42.01)YRKSLL,15.27,907.5127,7,57.1,7,2.1,454.76459,2,35.7165,-14.0835,0.24,13665,HFX193_IPP292_GEL_CRC_324_Odd.raw,1.94E5,2.15E6,1,1,1,1,"Acetylation (N-term)",,5 2 0 0 0 13 5,S(+42.01)YRKSLL,,DeepNovo
S(+42.01)YRSKL,27.24,794.4286,6,100.0,6,1.4,398.22214,2,27.9273,10.0273,0.49,10463,HFX193_IPP292_GEL_CRC_324_Even.raw,1.92E6,1.01E7,3,3,2,2,"Acetylation (N-term)",,5 5 2 2 2 5,S(+42.01)YRSKL,sp|Q6ZTI6|RFLA_HUMAN:sp|Q12959|DLG1_HUMAN:sp|Q8N1W2|ZN710_HUMAN:sp|Q86WI3|NLRC5_HUMAN:sp|Q9NRL2|BAZ1A_HUMAN:sp|P54803|GALC_HUMAN:sp|Q32M45|ANO4_HUMAN:sp|O94813|SLIT2_HUMAN:sp|Q5TB80|CE162_HUMAN:sp|P49760|CLK2_HUMAN:sp|Q5SR53|CA200_HUMAN:sp|P40425|PBX2_HUMAN:sp|O15078|CE290_HUMAN:sp|P16234|PGFRA_HUMAN:sp|Q8NEZ3|WDR19_HUMAN:sp|P26373|RL13_HUMAN:sp|Q8IZF3|AGRF4_HUMAN:sp|P30414|NKTR_HUMAN,DeepNovo
S(+42.01)YSGHRLV,32.36,959.4825,8,50.0,8,-0.9,480.74808,2,35.8083,-0.5917,0.09,13696,HFX193_IPP292_GEL_CRC_324_Even.raw,6.92E5,7.77E6,1,1,1,1,"Acetylation (N-term)",,0 0 0 1 16 3 3 5,S(+42.01)YSGHRLV,sp|Q14194|DPYL1_HUMAN:sp|Q9NS15|LTBP3_HUMAN:sp|O15054|KDM6B_HUMAN:sp|O15403|MOT7_HUMAN:sp|O14686|KMT2D_HUMAN:sp|Q5JTZ9|SYAM_HUMAN:sp|Q96LD4|TRI47_HUMAN:sp|O60281|ZN292_HUMAN:sp|O76002|OR2J2_HUMAN:sp|Q9ULL1|PKHG1_HUMAN:sp|A6NFQ7|DPRX_HUMAN,DeepNovo
S(+42.01)YSKAGM(+15.99)GARF,43.55,1231.5656,11,63.6,11,1.2,411.52960,3,29.6850,2.4850,0.29,11208,HFX193_IPP292_GEL_CRC_324_Odd.raw,2.26E6,1.64E7,1,1,1,1,"Acetylation (N-term);Oxidation (M)",,3 3 23 23 0 0 13 0 0 5 5,S(+42.01)YSKAGM(+15.99)GARF,sp|Q68EA5|ZNF57_HUMAN:sp|O14578|CTRO_HUMAN:sp|Q9Y6C9|MTCH2_HUMAN:sp|Q9NRD8|DUOX2_HUMAN:sp|Q8TC71|MIEAP_HUMAN:sp|P30511|HLAF_HUMAN:sp|P13747|HLAE_HUMAN:sp|A0A0U1RQI7|KLF18_HUMAN:sp|P54259|ATN1_HUMAN:sp|Q9H5I5|PIEZ2_HUMAN:sp|P09543|CN37_HUMAN:sp|P46059|S15A1_HUMAN:sp|A4D0S4|LAMB4_HUMAN:sp|P0C870|JMJD7_HUMAN:sp|P01889|HLAB_HUMAN:sp|Q8NCN2|ZBT34_HUMAN:sp|Q01844|EWS_HUMAN:sp|Q16348|S15A2_HUMAN:sp|P01893|HLAH_HUMAN:sp|Q9H6T3|RPAP3_HUMAN:sp|Q8IWX7|UN45B_HUMAN,DeepNovo
S(+42.01)YSKGAM(+15.99)GARF,56.07,1231.5656,11,63.6,11,1.7,616.79108,2,29.6850,3.2850,0.51,11212,HFX193_IPP292_GEL_CRC_324_Odd.raw,2.08E6,1.52E7,1,1,1,1,"Acetylation (N-term);Oxidation (M)",,5 14 24 24 0 0 11 0 0 2 5,S(+42.01)YSKGAM(+15.99)GARF,sp|A6NHN0|OTOL1_HUMAN:sp|P10070|GLI2_HUMAN:sp|Q07075|AMPE_HUMAN:sp|P39880|CUX1_HUMAN:sp|Q13617|CUL2_HUMAN:sp|Q6Q4G3|AMPQ_HUMAN:sp|Q8TEJ3|SH3R3_HUMAN:sp|Q9P0K8|FOXJ2_HUMAN:sp|Q8NBE8|KLH23_HUMAN:sp|Q9H992|MARH7_HUMAN:sp|Q01955|CO4A3_HUMAN:sp|Q96PB1|CASD1_HUMAN:sp|P15144|AMPN_HUMAN:sp|Q6ZNE9|RUFY4_HUMAN:sp|Q9BXS0|COPA1_HUMAN:sp|O43593|HAIR_HUMAN:sp|Q01814|AT2B2_HUMAN:sp|Q13349|ITAD_HUMAN:sp|Q9UMD9|COHA1_HUMAN:sp|Q9UEW3|MARCO_HUMAN:sp|Q8WYR1|PI3R5_HUMAN:sp|Q9C0D0|PHAR1_HUMAN:sp|P28562|DUS1_HUMAN:sp|Q96AY3|FKB10_HUMAN:sp|P23634|AT2B4_HUMAN:sp|A6NEC2|PSAL_HUMAN:sp|Q96NW4|ANR27_HUMAN:sp|Q8N806|UBR7_HUMAN:sp|O95936|EOMES_HUMAN:sp|Q9P1Z0|ZBTB4_HUMAN:sp|P55786|PSA_HUMAN:sp|Q8TF62|AT8B4_HUMAN:sp|Q96KR1|ZFR_HUMAN,DeepNovo
S(+42.01)YTLGGLHK,48.23,1016.5291,9,77.8,9,-0.5,509.27155,2,38.4114,-17.3886,0.71,14764,HFX193_IPP292_GEL_CRC_324_Odd.raw,4.08E5,4.75E6,1,1,1,1,"Acetylation (N-term)",,5 6 24 24 0 0 8 19 5,S(+42.01)YTLGGLHK,sp|Q7Z443|PK1L3_HUMAN:sp|Q15054|DPOD3_HUMAN:sp|O43166|SI1L1_HUMAN:sp|Q9Y5K2|KLK4_HUMAN:sp|Q9Y5G1|PCDGF_HUMAN:sp|Q9UEE5|ST17A_HUMAN:sp|Q76N89|HECW1_HUMAN:sp|Q9NS62|THSD1_HUMAN:sp|O14744|ANM5_HUMAN:sp|Q96CX2|KCD12_HUMAN:sp|O75689|ADAP1_HUMAN,DeepNovo
S(+42.01)YYHVKAFR,44.44,1211.6088,9,77.8,9,1.2,606.81238,2,34.2197,-15.1803,0.75,13047,HFX193_IPP292_GEL_CRC_324_Odd.raw,1.28E6,7.17E6,2,2,1,1,"Acetylation (N-term)",,0 0 2 25 24 8 2 2 2,S(+42.01)YYHVKAFR,sp|Q5T3U5|MRP7_HUMAN:sp|Q86VZ1|P2RY8_HUMAN:sp|Q6PL18|ATAD2_HUMAN:sp|Q7L590|MCM10_HUMAN:sp|Q9UPT5|EXOC7_HUMAN,DeepNovo
S(+42.01)YYHVKFAR,37.15,1211.6088,9,55.6,9,1.7,404.87753,3,34.0583,-17.5417,0.34,12971,HFX193_IPP292_GEL_CRC_324_Even.raw,5.74E6,3.68E7,2,2,2,2,"Acetylation (N-term)",,0 0 5 23 23 10 2 1 1,S(+42.01)YYHVKFAR,sp|Q5T1M5|FKB15_HUMAN:sp|Q6PCB5|RSBNL_HUMAN:sp|Q96LT9|RNPC3_HUMAN:sp|Q9UPT5|EXOC7_HUMAN:sp|Q3MIR4|CC50B_HUMAN:sp|O96028|NSD2_HUMAN:sp|Q14159|SPIDR_HUMAN:sp|Q9UK59|DBR1_HUMAN:sp|Q8WUX9|CHMP7_HUMAN:sp|Q5T3U5|MRP7_HUMAN:sp|Q86VZ1|P2RY8_HUMAN:sp|Q14573|ITPR3_HUMAN:sp|Q9BZ95|NSD3_HUMAN:sp|Q9GZU1|MCLN1_HUMAN:sp|A6NEC2|PSAL_HUMAN:sp|Q6PL18|ATAD2_HUMAN:sp|Q6PCB0|VWA1_HUMAN:sp|P52179|MYOM1_HUMAN:sp|Q9Y6W3|CAN7_HUMAN:sp|Q5JUK3|KCNT1_HUMAN:sp|Q8IUH3|RBM45_HUMAN:sp|P20648|ATP4A_HUMAN:sp|P55786|PSA_HUMAN,DeepNovo
T(+42.01)AAAGRC(+119.00)KEL,54.03,1179.5376,10,60.0,10,1.7,590.77710,2,28.8603,9.4603,0.52,10855,HFX193_IPP292_GEL_CRC_324_Odd.raw,5.51E6,3.98E7,2,2,2,2,"Acetylation (N-term);Cysteinylation",,0 0 15 0 0 2 2 2 26 5,T(+42.01)AAAGRC(+119.00)KEL,sp|P26599|PTBP1_HUMAN:sp|Q13461|FOXE3_HUMAN:sp|Q8N6I1|EID2_HUMAN:sp|P21817|RYR1_HUMAN:sp|Q9H8M5|CNNM2_HUMAN:sp|Q6ZMW3|EMAL6_HUMAN:sp|O15439|MRP4_HUMAN:sp|Q04743|EMX2_HUMAN:sp|Q7L2E3|DHX30_HUMAN:sp|Q13535|ATR_HUMAN:tr|A0A1W2PPM0|A0A1W2PPM0_HUMAN:sp|A8K010|CF176_HUMAN:sp|Q13370|PDE3B_HUMAN:sp|Q9H254|SPTN4_HUMAN:sp|O43290|SNUT1_HUMAN:sp|P17535|JUND_HUMAN:sp|Q9HCD6|TANC2_HUMAN:sp|Q6ZNB6|NFXL1_HUMAN:sp|Q5SQ80|A20A2_HUMAN:sp|P26012|ITB8_HUMAN:sp|Q86X29|LSR_HUMAN:sp|Q8NHG8|ZNRF2_HUMAN:sp|O95503|CBX6_HUMAN:sp|Q5U4P2|ASPH1_HUMAN:sp|Q8NE01|CNNM3_HUMAN:sp|Q96EB6|SIR1_HUMAN:sp|O60296|TRAK2_HUMAN:sp|Q8NAF0|ZN579_HUMAN:sp|Q9UPA5|BSN_HUMAN:sp|Q9ULI4|KI26A_HUMAN:sp|Q8NFH8|REPS2_HUMAN:sp|Q5CZ79|AN20B_HUMAN:sp|P48681|NEST_HUMAN:sp|A5YKK6|CNOT1_HUMAN:sp|P54803|GALC_HUMAN:sp|K9M1U5|IFNL4_HUMAN:sp|Q92508|PIEZ1_HUMAN:sp|O14827|RGRF2_HUMAN:sp|Q8NF91|SYNE1_HUMAN:sp|Q8N4Q0|PTGR3_HUMAN:sp|Q9Y6N9|USH1C_HUMAN:sp|Q03431|PTH1R_HUMAN:sp|Q06124|PTN11_HUMAN:sp|Q9HC16|ABC3G_HUMAN:sp|Q9H1C3|GL8D2_HUMAN:sp|P98082|DAB2_HUMAN:sp|Q9P2P6|STAR9_HUMAN:sp|Q8NCX0|CC150_HUMAN:sp|P17481|HXB8_HUMAN:sp|Q8TB96|TIP_HUMAN:sp|P17600|SYN1_HUMAN:sp|Q9BWV3|CDAC1_HUMAN:sp|Q9UL25|RAB21_HUMAN:sp|O60547|GMDS_HUMAN:sp|O00358|FOXE1_HUMAN:sp|Q96JA1|LRIG1_HUMAN:sp|P78559|MAP1A_HUMAN:sp|O00186|STXB3_HUMAN:sp|P0C854|CECR9_HUMAN:sp|P11717|MPRI_HUMAN:sp|Q5TYW2|A20A1_HUMAN:sp|Q7RTY5|PRS48_HUMAN:sp|P10588|NR2F6_HUMAN:sp|P09603|CSF1_HUMAN:sp|Q8TCS8|PNPT1_HUMAN:tr|A0A8Q3SIG1|A0A8Q3SIG1_HUMAN:sp|Q9UFH2|DYH17_HUMAN:sp|Q5EBL2|ZN628_HUMAN:sp|Q6ZU67|BEND4_HUMAN:sp|Q8TDI8|TMC1_HUMAN:sp|P42166|LAP2A_HUMAN:sp|Q5VUR7|A20A3_HUMAN:sp|Q13425|SNTB2_HUMAN:sp|Q9NRC6|SPTN5_HUMAN:sp|A6NC98|CC88B_HUMAN:sp|Q5UE93|PI3R6_HUMAN:sp|Q9UPQ7|PZRN3_HUMAN:sp|O14649|KCNK3_HUMAN:sp|Q9UPU5|UBP24_HUMAN:sp|Q8NE86|MCU_HUMAN:sp|A6NNT2|CP096_HUMAN:sp|P41134|ID1_HUMAN:sp|Q8IXH8|CAD26_HUMAN:sp|A0A2Z4LIS9|FXO3B_HUMAN:sp|Q5RHP9|ERIC3_HUMAN:sp|Q9C0D5|TANC1_HUMAN:sp|Q9HD47|MOG1_HUMAN:sp|Q12789|TF3C1_HUMAN:sp|Q12770|SCAP_HUMAN:sp|Q8TBC3|SHKB1_HUMAN:sp|Q9NVR0|KLH11_HUMAN:sp|C9J069|AJM1_HUMAN:sp|Q9BSJ5|CQ080_HUMAN:sp|Q96KV7|WDR90_HUMAN:sp|E5RJM6|ANR65_HUMAN:sp|P62263|RS14_HUMAN:sp|Q6ZQN5|FOXI2_HUMAN:sp|Q96L96|ALPK3_HUMAN:sp|Q8N6K0|TEX29_HUMAN:sp|Q9HAZ2|PRD16_HUMAN:sp|Q9BXT6|M10L1_HUMAN:sp|Q92522|H1X_HUMAN:sp|Q9Y6C2|EMIL1_HUMAN:sp|P11137|MTAP2_HUMAN:sp|Q99684|GFI1_HUMAN:sp|Q9UP52|TFR2_HUMAN:sp|Q8IUH4|ZDH13_HUMAN:sp|Q9C0G0|ZN407_HUMAN:sp|Q9UIX4|KCNG1_HUMAN:sp|Q15486|GUSP1_HUMAN:sp|Q9BXI2|ORNT2_HUMAN:sp|P11277|SPTB1_HUMAN:sp|P22083|FUT4_HUMAN:sp|Q9NS37|ZHANG_HUMAN:sp|Q9H2L4|TMM60_HUMAN:sp|A6NI73|LIRA5_HUMAN:sp|P56192|SYMC_HUMAN:sp|Q569G3|CE047_HUMAN:sp|Q2KHM9|MOONR_HUMAN:sp|Q8TER5|ARH40_HUMAN,DeepNovo
T(+42.01)AGGAKGGKVVKVW,60.38,1398.7983,14,42.9,14,4.4,467.27542,3,41.5935,-9.8065,0.24,16031,HFX193_IPP292_GEL_CRC_324_Even.raw,1.19E6,7.8E6,1,1,1,1,"Acetylation (N-term)",,0 0 0 0 0 0 0 0 9 10 10 13 14 5,T(+42.01)AGGAKGGKVVKVW,sp|Q9UBR4|LHX3_HUMAN:sp|P23467|PTPRB_HUMAN:sp|Q15646|OASL_HUMAN:sp|Q9Y235|ABEC2_HUMAN:sp|Q9NWF4|S52A1_HUMAN:sp|Q6PIF6|MYO7B_HUMAN:sp|P0C0L5|CO4B_HUMAN:sp|O60518|RNBP6_HUMAN:sp|Q96A35|RM24_HUMAN:sp|Q8N5U0|CK042_HUMAN:sp|Q8TBF4|ZCRB1_HUMAN:sp|Q8TC56|GAR3_HUMAN:sp|Q9Y2K7|KDM2A_HUMAN:sp|Q9BQY4|RHXF2_HUMAN:sp|O76075|DFFB_HUMAN:sp|Q9UNX3|RL26L_HUMAN:sp|A4FU69|EFCB5_HUMAN:sp|Q2PPJ7|RGPA2_HUMAN:sp|O15056|SYNJ2_HUMAN:sp|Q8TED1|GPX8_HUMAN:sp|Q9BPU6|DPYL5_HUMAN:sp|Q8NG06|TRI58_HUMAN:sp|P50747|BPL1_HUMAN:sp|Q9Y463|DYR1B_HUMAN:sp|Q96ST3|SIN3A_HUMAN:sp|Q8N5X7|IF4E3_HUMAN:sp|Q96AX9|MIB2_HUMAN:sp|Q9HAS0|NJMU_HUMAN:sp|Q9BVR0|HRC23_HUMAN:sp|P0CJ92|GOG8H_HUMAN:sp|P78509|RELN_HUMAN:sp|Q8NEM8|CBPC3_HUMAN:sp|P49711|CTCF_HUMAN:sp|P10636|TAU_HUMAN:sp|Q16690|DUS5_HUMAN:tr|A0A590UK24|A0A590UK24_HUMAN:sp|A6NCC3|GOG8O_HUMAN:sp|P0C7M4|RHF2B_HUMAN:sp|A8MWV9|SM34A_HUMAN:sp|Q969G2|LHX4_HUMAN:sp|I6L899|GOG8R_HUMAN:sp|O00629|IMA3_HUMAN:sp|Q5HYK3|COQ5_HUMAN:sp|Q8TDM6|DLG5_HUMAN:sp|P06576|ATPB_HUMAN:sp|Q9P2P1|NYNRI_HUMAN:sp|Q01814|AT2B2_HUMAN:sp|P61328|FGF12_HUMAN:sp|Q14690|RRP5_HUMAN:sp|O95665|NTR2_HUMAN:sp|Q9NZR4|VSX1_HUMAN:sp|Q9NX07|TSAP1_HUMAN:sp|O94923|GLCE_HUMAN:sp|Q6NS38|ALKB2_HUMAN:sp|Q8IUG5|MY18B_HUMAN:sp|Q9BWG4|SSBP4_HUMAN:sp|P19388|RPAB1_HUMAN:sp|O95389|CCN6_HUMAN:sp|Q8NBP7|PCSK9_HUMAN:sp|Q9Y6M0|TEST_HUMAN:sp|P22670|RFX1_HUMAN:sp|Q9UNS1|TIM_HUMAN:sp|Q6GYQ0|RGPA1_HUMAN:sp|H3BPF8|GOG8S_HUMAN:sp|Q8TDJ6|DMXL2_HUMAN:sp|Q99944|EGFL8_HUMAN:sp|Q96PZ2|F111A_HUMAN:sp|Q96NT1|NP1L5_HUMAN:sp|Q14028|CNGB1_HUMAN:sp|D6RF30|GOG8K_HUMAN:sp|P01266|THYG_HUMAN:sp|P17948|VGFR1_HUMAN:sp|P23229|ITA6_HUMAN:sp|Q86UP3|ZFHX4_HUMAN:sp|Q9BTM1|H2AJ_HUMAN:sp|O75157|T22D2_HUMAN:sp|P22557|HEM0_HUMAN:sp|O15327|INP4B_HUMAN:sp|A6NMD2|GOG8J_HUMAN:sp|A6ND36|FA83G_HUMAN:sp|A1L0T0|HACL2_HUMAN:sp|P61254|RL26_HUMAN:sp|Q9C0A1|ZFHX2_HUMAN:sp|P0C091|FREM3_HUMAN:sp|Q9HBL8|NMRL1_HUMAN:sp|Q9BUU2|MET22_HUMAN:sp|Q9NTX9|F217B_HUMAN:sp|F8WBI6|GOG8N_HUMAN:sp|Q9UBG0|MRC2_HUMAN:sp|Q8TD08|MK15_HUMAN:sp|Q9BVX2|T106C_HUMAN:sp|Q9NV70|EXOC1_HUMAN:sp|Q02108|GCYA1_HUMAN:sp|Q03014|HHEX_HUMAN:sp|Q9BQ31|KCNS3_HUMAN:sp|P31639|SC5A2_HUMAN:sp|P78508|KCJ10_HUMAN:sp|Q6UWN8|ISK6_HUMAN:sp|P0C0L4|CO4A_HUMAN:sp|Q14934|NFAC4_HUMAN:sp|Q9H422|HIPK3_HUMAN:sp|P40123|CAP2_HUMAN:sp|A6NC78|GOG8I_HUMAN:sp|P57103|NAC3_HUMAN:sp|Q96MS0|ROBO3_HUMAN:sp|Q15911|ZFHX3_HUMAN:sp|Q15223|NECT1_HUMAN:sp|O00505|IMA4_HUMAN:sp|O15347|HMGB3_HUMAN:sp|P98088|MUC5A_HUMAN:sp|Q4G0P3|HYDIN_HUMAN:sp|Q9BYN0|SRXN1_HUMAN:sp|B2RXH4|BTBDI_HUMAN:sp|Q9NNW7|TRXR2_HUMAN:sp|Q14676|MDC1_HUMAN:sp|P25054|APC_HUMAN:sp|Q8NCM8|DYHC2_HUMAN:sp|Q92736|RYR2_HUMAN:sp|P07949|RET_HUMAN:sp|Q6ZVN7|SEML_HUMAN,DeepNovo
T(+42.01)APVHSAL,33.34,836.4392,8,62.5,8,1.7,419.22757,2,43.9786,-8.2214,0.17,16993,HFX193_IPP292_GEL_CRC_324_Even.raw,7.25E5,4.24E6,1,1,1,1,"Acetylation (N-term)",,0 0 0 17 2 9 12 5,T(+42.01)APVHSAL,sp|P49448|DHE4_HUMAN:sp|O00462|MANBA_HUMAN:sp|Q6P2H3|CEP85_HUMAN:sp|P40818|UBP8_HUMAN:sp|Q8NDA2|HMCN2_HUMAN:sp|Q8WVS4|DC2I1_HUMAN:sp|Q8IZL2|MAML2_HUMAN:sp|Q9NVE7|PANK4_HUMAN:sp|Q9ULK0|GRID1_HUMAN:sp|B0I1T2|MYO1G_HUMAN:sp|Q9C0D5|TANC1_HUMAN:sp|Q9NVT9|ARMC1_HUMAN,DeepNovo
T(+42.01)DM(+15.99)SRPVEL,20.41,1104.5121,9,22.2,9,-0.7,553.26294,2,42.9731,-1.4269,0.48,16567,HFX193_IPP292_GEL_CRC_324_Odd.raw,3.57E6,2.21E7,1,1,1,1,"Acetylation (N-term);Oxidation (M)",,0 0 0 0 0 0 0 3 5,T(+42.01)DM(+15.99)SRPVEL,sp|P50991|TCPD_HUMAN,DB Search
T(+42.01)ERRVPF,31.98,945.5032,7,28.6,7,0.7,473.75922,2,45.5890,-6.6110,0.58,17628,HFX193_IPP292_GEL_CRC_324_Even.raw,1.35E7,7.66E7,2,2,2,2,"Acetylation (N-term)",,2 0 1 1 1 1 2,T(+42.01)ERRVPF,sp|P04792|HSPB1_HUMAN,DB Search
T(+42.01)EWETAAPAVAETPDIKLFGK,89.84,2315.1685,21,66.7,21,1.9,1158.59375,2,78.2164,-59.7836,0.79,30607,HFX193_IPP292_GEL_CRC_324_Even.raw,4.02E4,5.28E5,2,2,1,1,"Acetylation (N-term)",,0 0 0 15 8 5 21 3 3 3 4 4 8 0 0 5 4 4 2 0 0,T(+42.01)EWETAAPAVAETPDIKLFGK,sp|P46782|RS5_HUMAN,DB Search
T(+42.01)GERLV,16.88,715.3864,6,50.0,6,-0.1,358.70047,2,33.2390,-15.3610,0.20,12661,HFX193_IPP292_GEL_CRC_324_Odd.raw,5.89E5,4.45E6,2,2,1,1,"Acetylation (N-term)",,0 0 6 0 19 5,T(+42.01)GERLV,sp|O95382|M3K6_HUMAN:sp|O95407|TNF6B_HUMAN,DB Search
T(+42.01)GHLGLSAKRARTL,52.56,1521.8739,14,50.0,14,3.6,508.30042,3,38.3592,3.8592,0.01,14760,HFX193_IPP292_GEL_CRC_324_Odd.raw,4.66E5,2E6,3,3,1,1,"Acetylation (N-term)",,0 0 0 0 0 14 14 9 5 0 0 2 2 2,T(+42.01)GHLGLSAKRARTL,,DeepNovo
T(+42.01)GTRELVRN(+0.98)L,54.90,1200.6462,10,20.0,10,1.2,601.33112,2,40.5893,-9.6107,0.24,15617,HFX193_IPP292_GEL_CRC_324_Odd.raw,1.24E7,6.82E7,2,2,2,2,"Acetylation (N-term);Deamidation (NQ)",,0 0 0 1 1 1 1 1 3 5,T(+42.01)GTRELVRN(+0.98)L,sp|Q86UQ4|ABCAD_HUMAN:sp|Q9UNS1|TIM_HUMAN:sp|Q86VF2|IGFN1_HUMAN:sp|Q562R1|ACTBL_HUMAN:sp|Q96MM7|H6ST2_HUMAN:sp|P42858|HD_HUMAN:sp|Q9P2R3|ANFY1_HUMAN:sp|A6NMZ7|CO6A6_HUMAN:sp|Q86T65|DAAM2_HUMAN:sp|P0CG38|POTEI_HUMAN:sp|Q9P219|DAPLE_HUMAN:sp|P68133|ACTS_HUMAN:sp|Q86XP3|DDX42_HUMAN:sp|Q96NH3|BROMI_HUMAN:sp|B2RV13|CF97D_HUMAN:sp|P17342|ANPRC_HUMAN:sp|P24462|CP3A7_HUMAN:sp|P20815|CP3A5_HUMAN:sp|Q68DX3|FRPD2_HUMAN:sp|Q9NRZ9|HELLS_HUMAN:sp|Q13618|CUL3_HUMAN:sp|P20073|ANXA7_HUMAN:sp|Q6P1S2|CC033_HUMAN:sp|Q5TIE3|VW5B1_HUMAN:sp|Q8IWR0|Z3H7A_HUMAN:sp|Q6UXG2|ELAP1_HUMAN:sp|O00192|ARVC_HUMAN:sp|Q12882|DPYD_HUMAN:sp|Q8N806|UBR7_HUMAN:sp|Q9NXG6|P4HTM_HUMAN:sp|A5A3E0|POTEF_HUMAN:sp|P19367|HXK1_HUMAN:sp|Q8IW45|NNRD_HUMAN:sp|Q7Z2Y8|GVIN1_HUMAN:sp|P68032|ACTC_HUMAN:sp|Q12789|TF3C1_HUMAN:sp|P60709|ACTB_HUMAN:sp|Q99683|M3K5_HUMAN:sp|O60437|PEPL_HUMAN:sp|Q6ZS17|RIPR1_HUMAN:sp|Q9NYA1|SPHK1_HUMAN:sp|P62736|ACTA_HUMAN:sp|Q86U10|LPP60_HUMAN:sp|Q6P1J6|PLB1_HUMAN:sp|Q96KV7|WDR90_HUMAN:sp|Q5H9F3|BCORL_HUMAN:sp|P04808|REL1_HUMAN:sp|P63261|ACTG_HUMAN:sp|Q9Y426|C2CD2_HUMAN:sp|Q9UDY8|MALT1_HUMAN:sp|P08684|CP3A4_HUMAN:sp|Q4ADV7|RIC1_HUMAN:sp|P53007|TXTP_HUMAN:sp|Q9H0V9|LMA2L_HUMAN:sp|Q96RT8|GCP5_HUMAN:sp|P0CG39|POTEJ_HUMAN:sp|Q687X5|STEA4_HUMAN:sp|O14638|ENPP3_HUMAN:sp|Q8WZ92|OR5P2_HUMAN:sp|Q9ULN7|PNM8B_HUMAN:sp|Q5TAX3|TUT4_HUMAN:sp|Q4G0P3|HYDIN_HUMAN:sp|Q2TAL5|SMTL2_HUMAN:sp|Q8IZC7|ZN101_HUMAN:sp|Q8N8C0|ZN781_HUMAN:sp|P52789|HXK2_HUMAN:sp|Q9NQR9|G6PC2_HUMAN:sp|Q6S8J3|POTEE_HUMAN:sp|P63267|ACTH_HUMAN:sp|P52756|RBM5_HUMAN:sp|Q9Y4C8|RBM19_HUMAN:sp|P13671|CO6_HUMAN,DeepNovo
T(+42.01)HGLKKVPGF,49.12,1124.6342,10,60.0,10,1.7,375.88599,3,34.8831,-11.2169,0.51,13323,HFX193_IPP292_GEL_CRC_324_Even.raw,3.28E5,3.14E6,1,1,1,1,"Acetylation (N-term)",,0 0 9 13 13 11 11 0 0 5,T(+42.01)HGLKKVPGF,sp|Q5TGP6|MROH9_HUMAN:sp|Q92616|GCN1_HUMAN:sp|Q9BY07|S4A5_HUMAN:sp|P42285|MTREX_HUMAN:sp|P38484|INGR2_HUMAN:sp|P53567|CEBPG_HUMAN:sp|Q8IYX3|CC116_HUMAN:sp|O43424|GRID2_HUMAN:sp|Q8ND71|GIMA8_HUMAN:sp|Q8WZA9|IRGQ_HUMAN:sp|Q8N6Q8|MET25_HUMAN:sp|Q96G25|MED8_HUMAN:sp|Q13616|CUL1_HUMAN:sp|Q9H8N7|ZN395_HUMAN:sp|Q9NVU0|RPC5_HUMAN:sp|P78540|ARGI2_HUMAN:sp|O14686|KMT2D_HUMAN:sp|Q15751|HERC1_HUMAN:sp|O76002|OR2J2_HUMAN:sp|Q9UID3|VPS51_HUMAN:sp|Q86WA8|LONP2_HUMAN:sp|Q06136|KDSR_HUMAN:sp|P15104|GLNA_HUMAN:sp|Q9BRX2|PELO_HUMAN:sp|Q9NQX4|MYO5C_HUMAN:sp|B1AJZ9|FHAD1_HUMAN:sp|Q96DN5|TBC31_HUMAN:sp|Q9H0C5|BTBD1_HUMAN:sp|Q9Y6X4|F169A_HUMAN:sp|P35475|IDUA_HUMAN:sp|Q6NUS6|TECT3_HUMAN:sp|P31321|KAP1_HUMAN:sp|Q5VYM1|CI131_HUMAN:sp|Q8TCU6|PREX1_HUMAN:sp|Q8N1K5|THMS1_HUMAN:sp|O75602|SPAG6_HUMAN:sp|O14787|TNPO2_HUMAN:sp|O94986|CE152_HUMAN:sp|Q5SNV9|CA167_HUMAN:sp|Q8IXM6|NRM_HUMAN:sp|P0C7V8|DC8L2_HUMAN:sp|Q9UFP1|GAK1A_HUMAN:sp|Q9GZK6|OR2J1_HUMAN:sp|Q9BZK3|NACP4_HUMAN:sp|Q16526|CRY1_HUMAN:sp|Q9ULV0|MYO5B_HUMAN:sp|Q96F25|ALG14_HUMAN:sp|Q969G5|CAVN3_HUMAN:sp|P00918|CAH2_HUMAN:sp|P10768|ESTD_HUMAN:sp|P52789|HXK2_HUMAN:sp|O15397|IPO8_HUMAN:sp|Q99832|TCPH_HUMAN:sp|Q9HCE0|EPG5_HUMAN:sp|Q96T91|GPHA2_HUMAN:sp|Q9UKJ3|GPTC8_HUMAN:sp|O76001|OR2J3_HUMAN:sp|Q8TEP8|CE192_HUMAN:sp|Q6PJ21|SPSB3_HUMAN,DeepNovo
T(+42.01)HRVLAKVV,29.83,1063.6501,9,55.6,9,2.0,355.55804,3,36.5961,-1.6039,0.45,14010,HFX193_IPP292_GEL_CRC_324_Odd.raw,3.06E5,2.52E6,1,1,1,1,"Acetylation (N-term)",,0 0 0 0 20 20 4 9 5,T(+42.01)HRVLAKVV,sp|Q86XA9|HTR5A_HUMAN:sp|Q96GR2|ACBG1_HUMAN:sp|Q9BWH6|RPAP1_HUMAN:sp|P48147|PPCE_HUMAN:sp|Q96HA7|TONSL_HUMAN:sp|P05111|INHA_HUMAN:sp|A6NGG8|PCARE_HUMAN:sp|Q7Z333|SETX_HUMAN:sp|Q9NP61|ARFG3_HUMAN:sp|Q96RU2|UBP28_HUMAN:sp|Q9Y4A5|TRRAP_HUMAN:sp|Q8WX94|NALP7_HUMAN:sp|Q6ZRQ5|MMS22_HUMAN:sp|Q7Z5J8|ANKAR_HUMAN:sp|O43617|TPPC3_HUMAN:sp|Q9BWT7|CAR10_HUMAN:sp|Q86V87|FHI2B_HUMAN:sp|A2RTX5|SYTC2_HUMAN:sp|Q8WU76|SCFD2_HUMAN:sp|Q8N196|SIX5_HUMAN:sp|O14561|ACPM_HUMAN:sp|Q9Y6R7|FCGBP_HUMAN:sp|Q96QP1|ALPK1_HUMAN:sp|Q15833|STXB2_HUMAN:sp|Q76NI1|KNDC1_HUMAN:sp|Q9HD20|AT131_HUMAN:sp|P62917|RL8_HUMAN:sp|Q9NU22|MDN1_HUMAN:sp|Q9BQG0|MBB1A_HUMAN:sp|Q9UPS6|SET1B_HUMAN:sp|A6NES4|MRO2A_HUMAN:sp|O94759|TRPM2_HUMAN:sp|Q96QE3|ATAD5_HUMAN:sp|P52888|THOP1_HUMAN:sp|Q70CQ2|UBP34_HUMAN:sp|Q99933|BAG1_HUMAN:sp|O60318|GANP_HUMAN:sp|Q96A70|AZIN2_HUMAN:sp|Q12789|TF3C1_HUMAN:sp|Q5JWF2|GNAS1_HUMAN:sp|Q9BUH8|BEGIN_HUMAN:sp|P26639|SYTC_HUMAN:sp|Q6P1J6|PLB1_HUMAN:sp|Q8NDA8|MROH1_HUMAN:sp|O76083|PDE9A_HUMAN:sp|P20701|ITAL_HUMAN:sp|Q9H0C2|ADT4_HUMAN:sp|O75164|KDM4A_HUMAN:sp|Q29RF7|PDS5A_HUMAN:sp|A8K0R7|ZN839_HUMAN:sp|Q9H936|GHC1_HUMAN:sp|Q5TF58|IFFO2_HUMAN:sp|Q8NGI2|O52N4_HUMAN:sp|Q8WUT9|S2543_HUMAN:sp|Q7LGC8|CHST3_HUMAN:sp|Q8N461|FXL16_HUMAN:sp|A0A1W2PPD8|KDM4F_HUMAN:sp|Q15029|U5S1_HUMAN:sp|Q15648|MED1_HUMAN:sp|Q96AG4|LRC59_HUMAN:sp|Q5VZ89|DEN4C_HUMAN:sp|O43593|HAIR_HUMAN:sp|Q9Y3B2|EXOS1_HUMAN:sp|Q9H0I2|ENKD1_HUMAN:sp|Q969T7|5NT3B_HUMAN:sp|Q9HCJ1|ANKH_HUMAN:sp|Q8WV60|PTCD2_HUMAN:sp|Q9Y4C4|MFHA1_HUMAN:sp|Q9BYK8|HELZ2_HUMAN:sp|Q0D2I5|IFFO1_HUMAN:sp|Q92752|TENR_HUMAN:sp|P78562|PHEX_HUMAN:sp|Q9ULU4|ZMYD8_HUMAN:sp|Q92826|HXB13_HUMAN,DeepNovo
T(+42.01)KALHSRL,35.12,966.5610,8,25.0,8,1.7,484.28864,2,27.6747,14.5747,0.68,10367,HFX193_IPP292_GEL_CRC_324_Even.raw,1.54E5,1.69E6,1,1,1,1,"Acetylation (N-term)",,0 0 2 2 1 1 1 1,T(+42.01)KALHSRL,sp|Q5THK1|PR14L_HUMAN,DB Search
T(+42.01)KALTARL,26.65,914.5549,8,75.0,8,-2.3,458.28366,2,54.9189,-1.3811,0.36,21322,HFX193_IPP292_GEL_CRC_324_Even.raw,1.75E6,1.05E7,1,1,1,1,"Acetylation (N-term)",,0 0 12 40 9 2 2 3,T(+42.01)KALTARL,SETD1B_DEL_C-p.H8Tfs*27_::chr12:121804252-121805252_frame=-1:sp|Q9NRG4|SMYD2_HUMAN:sp|Q96Q11|TRNT1_HUMAN:sp|P08183|MDR1_HUMAN:sp|Q9Y468|LMBL1_HUMAN:sp|Q2NKQ1|SGSM1_HUMAN:sp|P04275|VWF_HUMAN:sp|Q9NYQ7|CELR3_HUMAN:sp|Q07889|SOS1_HUMAN:sp|O14490|DLGP1_HUMAN:sp|O95396|MOCS3_HUMAN:sp|A6NM11|L37A2_HUMAN:sp|Q6PGP7|SKI3_HUMAN:sp|O60309|L37A3_HUMAN:sp|Q7Z7C8|TAF8_HUMAN:sp|Q96JB1|DYH8_HUMAN:sp|O14578|CTRO_HUMAN:sp|Q8IZF6|AGRG4_HUMAN:sp|Q6P0Q8|MAST2_HUMAN:sp|Q92781|RDH5_HUMAN:sp|Q17RM4|CC142_HUMAN:sp|P04114|APOB_HUMAN:sp|Q8IV38|ANKY2_HUMAN:sp|Q9Y2K7|KDM2A_HUMAN:sp|Q9UID3|VPS51_HUMAN:sp|Q96GQ7|DDX27_HUMAN:sp|Q5VW36|FOCAD_HUMAN:sp|C9JCN9|HSBPL_HUMAN:sp|A6NGR9|MROH6_HUMAN:sp|P0CL85|ST3L3_HUMAN:sp|Q9HDB9|GAK5_HUMAN:sp|Q5TZA2|CROCC_HUMAN:sp|P49643|PRI2_HUMAN:sp|Q9ULZ9|MMP17_HUMAN:sp|Q96T76|MMS19_HUMAN:sp|Q8N1I0|DOCK4_HUMAN:sp|Q07890|SOS2_HUMAN:sp|Q8NA72|POC5_HUMAN:sp|Q96PP9|GBP4_HUMAN:sp|Q9BY15|AGRE3_HUMAN:sp|Q12809|KCNH2_HUMAN:sp|Q8TCU4|ALMS1_HUMAN:sp|Q99973|TEP1_HUMAN:sp|Q7Z5Q5|DPOLN_HUMAN:sp|Q15109|RAGE_HUMAN:sp|P36776|LONM_HUMAN:sp|Q15154|PCM1_HUMAN:sp|Q9P202|WHRN_HUMAN:sp|Q14435|GALT3_HUMAN:sp|Q15048|LRC14_HUMAN:sp|P26038|MOES_HUMAN:sp|Q5U5X8|F222A_HUMAN:sp|Q9H2Y7|ZN106_HUMAN:sp|Q96T58|MINT_HUMAN:sp|Q9BVG8|KIFC3_HUMAN:sp|P04844|RPN2_HUMAN:sp|Q49MG5|MAP9_HUMAN:sp|Q14863|PO6F1_HUMAN:sp|Q17RG1|KCD19_HUMAN:sp|P55011|S12A2_HUMAN:sp|Q6UB35|C1TM_HUMAN:sp|Q96AC1|FERM2_HUMAN:sp|O15031|PLXB2_HUMAN:sp|Q8IWA4|MFN1_HUMAN:sp|P0CL84|ST3L2_HUMAN:sp|P34897|GLYM_HUMAN:sp|Q9BZE4|GTPB4_HUMAN:sp|O95460|MATN4_HUMAN:sp|Q8WZ42|TITIN_HUMAN:sp|Q16891|MIC60_HUMAN:sp|Q9P0W2|HM20B_HUMAN:sp|P02549|SPTA1_HUMAN:sp|Q9UJX4|APC5_HUMAN:sp|Q9H211|CDT1_HUMAN:sp|O60231|DHX16_HUMAN:sp|O14686|KMT2D_HUMAN:sp|Q9Y6Q6|TNR11_HUMAN:sp|O00159|MYO1C_HUMAN:sp|Q9BTA0|F167B_HUMAN:sp|Q9NPY3|C1QR1_HUMAN:sp|Q68DA7|FMN1_HUMAN:sp|Q9H628|RERGL_HUMAN:sp|Q8NCL8|TM116_HUMAN:sp|Q9NQX4|MYO5C_HUMAN:sp|O95229|ZWINT_HUMAN:sp|Q6PGQ1|DRIC1_HUMAN:sp|Q9NYQ8|FAT2_HUMAN:sp|Q9C0D5|TANC1_HUMAN:sp|Q14669|TRIPC_HUMAN:sp|Q8TBC3|SHKB1_HUMAN:sp|Q8N8V2|GBP7_HUMAN:sp|Q9P2W7|B3GA1_HUMAN:sp|Q9NZU1|FLRT1_HUMAN:sp|P0CL83|ST3L1_HUMAN:sp|O94874|UFL1_HUMAN:sp|Q14204|DYHC1_HUMAN:sp|Q9BQ13|KCD14_HUMAN:sp|P40225|TPO_HUMAN:sp|Q9HCU4|CELR2_HUMAN:sp|Q9UFV1|TBC29_HUMAN:sp|Q4G0N8|SL9C1_HUMAN:sp|Q9C0J9|BHE41_HUMAN:sp|P51654|GPC3_HUMAN:sp|Q9BX10|GTPB2_HUMAN:sp|Q9ULD2|MTUS1_HUMAN:sp|Q8TD26|CHD6_HUMAN:sp|Q9BY77|PDIP3_HUMAN:sp|Q9BTE6|AASD1_HUMAN:sp|O75330|HMMR_HUMAN:sp|Q5H9J9|T11X2_HUMAN:sp|Q8N1T3|MYO1H_HUMAN:sp|Q8NA03|FSIP1_HUMAN:sp|Q13459|MYO9B_HUMAN:sp|A6NMS7|L37A1_HUMAN:sp|P11277|SPTB1_HUMAN:sp|Q17RW2|COOA1_HUMAN:sp|Q9HCK8|CHD8_HUMAN:sp|Q9Y303|NAGA_HUMAN:sp|Q92736|RYR2_HUMAN:sp|P51168|SCNNB_HUMAN,DeepNovo
T(+42.01)KFVARKL,36.60,1003.6178,8,75.0,8,-2.2,335.54581,3,32.4135,-1.0865,0.45,12334,HFX193_IPP292_GEL_CRC_324_Odd.raw,2.11E5,2.5E6,1,1,1,1,"Acetylation (N-term)",,0 0 24 6 8 3 10 5,T(+42.01)KFVARKL,sp|P43004|EAA2_HUMAN:sp|P09493|TPM1_HUMAN:sp|Q8NCM2|KCNH5_HUMAN:sp|P50579|MAP2_HUMAN:sp|O00429|DNM1L_HUMAN:sp|Q9H334|FOXP1_HUMAN:sp|Q9HCQ5|GALT9_HUMAN:sp|Q9C091|GRB1L_HUMAN:sp|Q9H2S1|KCNN2_HUMAN:sp|D6RA61|U17LM_HUMAN:sp|C9J2P7|U17LF_HUMAN:sp|Q9BS26|ERP44_HUMAN:sp|Q9HBL0|TENS1_HUMAN:sp|Q8NEG4|FA83F_HUMAN:sp|D6RBQ6|U17LH_HUMAN:sp|P40261|NNMT_HUMAN:sp|Q9C0C6|CIPC_HUMAN:sp|P08397|HEM3_HUMAN:sp|D6RBM5|U17LN_HUMAN:sp|Q9H252|KCNH6_HUMAN:sp|D6RCP7|U17LJ_HUMAN:sp|Q14651|PLSI_HUMAN:sp|P08172|ACM2_HUMAN:sp|P67936|TPM4_HUMAN:sp|Q04771|ACVR1_HUMAN:sp|Q68CZ2|TENS3_HUMAN:sp|D6R901|U17LL_HUMAN:sp|Q92952|KCNN1_HUMAN:sp|Q9NZI7|UBIP1_HUMAN:sp|P49815|TSC2_HUMAN:sp|P35606|COPB2_HUMAN:sp|Q9HBH5|RDH14_HUMAN:sp|C9JJH3|U17LA_HUMAN:sp|O95259|KCNH1_HUMAN:sp|Q6QN14|U17L6_HUMAN:sp|Q99570|PI3R4_HUMAN:sp|Q6R6M4|U17L2_HUMAN:sp|A6NCW7|U17L4_HUMAN:sp|Q01831|XPC_HUMAN:sp|Q9UGI6|KCNN3_HUMAN:sp|Q9C0D4|Z518B_HUMAN:sp|O00273|DFFA_HUMAN:sp|Q12809|KCNH2_HUMAN:sp|P0C7I0|U17L8_HUMAN:sp|P24666|PPAC_HUMAN:sp|P07951|TPM2_HUMAN:sp|Q9UMX3|BOK_HUMAN:sp|Q9NS40|KCNH7_HUMAN:sp|Q9P0L2|MARK1_HUMAN:sp|Q96I24|FUBP3_HUMAN:sp|Q92608|DOCK2_HUMAN:sp|P48200|IREB2_HUMAN:sp|Q0WX57|U17LO_HUMAN:sp|O75165|DJC13_HUMAN:sp|Q9BQI7|PSD2_HUMAN:sp|D6RJB6|U17LK_HUMAN:sp|C9JVI0|U17LB_HUMAN:sp|P06753|TPM3_HUMAN:sp|P0C7H9|U17L7_HUMAN:sp|Q7RTZ2|U17L1_HUMAN:sp|Q53GL0|PKHO1_HUMAN:sp|A8MUK1|U17L5_HUMAN:sp|Q86XH1|DRC11_HUMAN:sp|Q7Z2Z1|TICRR_HUMAN:sp|Q12965|MYO1E_HUMAN:sp|C9JPN9|UL17C_HUMAN:sp|Q92736|RYR2_HUMAN:sp|O15554|KCNN4_HUMAN:sp|A6NCW0|U17L3_HUMAN,DeepNovo
T(+42.01)KGAPKFLR,40.80,1058.6237,9,55.6,9,0.0,353.88181,3,34.4258,2.6258,0.49,13127,HFX193_IPP292_GEL_CRC_324_Odd.raw,7.66E5,6.2E6,1,1,1,1,"Acetylation (N-term)",,0 0 0 0 57 57 6 6 5,T(+42.01)KGAPKFLR,sp|Q5VUY2|ADCL4_HUMAN:sp|Q6V0I7|FAT4_HUMAN:sp|Q9NYQ6|CELR1_HUMAN:tr|A0A1B0GVB3|A0A1B0GVB3_HUMAN:sp|Q6ZMD2|SPNS3_HUMAN:SETD1B_DEL_C-p.H8Tfs*27_::chr12:121804252-121805252_frame=3:sp|Q8TEQ8|PIGO_HUMAN:sp|Q6PEZ8|PONL1_HUMAN:sp|Q8NFM4|ADCY4_HUMAN:sp|O15287|FANCG_HUMAN:sp|P20929|NEBU_HUMAN:sp|Q9HCU4|CELR2_HUMAN:sp|Q9H7C4|SYNCI_HUMAN:sp|P47914|RL29_HUMAN:sp|Q8NE09|RGS22_HUMAN:sp|Q96PQ7|KLHL5_HUMAN:sp|P18146|EGR1_HUMAN:sp|Q8NGF8|OR4B1_HUMAN:sp|O75865|TPC6A_HUMAN:sp|Q6PJG6|BRAT1_HUMAN:sp|P78413|IRX4_HUMAN:sp|P35626|ARBK2_HUMAN:sp|Q8IYD2|KLD8A_HUMAN:sp|O15394|NCAM2_HUMAN:sp|Q14324|MYPC2_HUMAN:sp|Q8N201|INT1_HUMAN:sp|O00222|GRM8_HUMAN:sp|Q9NQV6|PRD10_HUMAN:sp|Q96PZ7|CSMD1_HUMAN:sp|Q14721|KCNB1_HUMAN:sp|Q9BYE9|CDHR2_HUMAN,DeepNovo
T(+42.01)KHGLVFAKHPRL,61.29,1544.8939,13,69.2,13,-2.4,387.22983,4,29.5310,-6.2690,0.71,11142,HFX193_IPP292_GEL_CRC_324_Odd.raw,1.07E6,4.76E6,1,1,1,1,"Acetylation (N-term)",,0 0 11 11 0 0 28 15 15 81 4 4 5,T(+42.01)KHGLVFAKHPRL,sp|P05412|JUN_HUMAN:sp|P49619|DGKG_HUMAN:sp|Q9UHW9|S12A6_HUMAN:sp|Q8IXQ6|PARP9_HUMAN:sp|Q9Y666|S12A7_HUMAN:sp|Q6PFW1|VIP1_HUMAN:sp|Q6UB99|ANR11_HUMAN:sp|Q9Y493|ZAN_HUMAN:sp|P46939|UTRN_HUMAN:sp|P78312|F193A_HUMAN:sp|P52746|ZN142_HUMAN:sp|Q8IXM7|OD3L1_HUMAN:sp|P41214|EIF2D_HUMAN:sp|P11532|DMD_HUMAN:sp|P31629|ZEP2_HUMAN:sp|O75628|REM1_HUMAN:sp|Q9NR50|EI2BG_HUMAN:sp|Q9P2R6|RERE_HUMAN:sp|Q70EL1|UBP54_HUMAN,DeepNovo
T(+42.01)KPPADLDLTKR,51.98,1395.7721,12,66.7,12,-0.2,466.26459,3,34.3129,-8.5871,0.18,13086,HFX193_IPP292_GEL_CRC_324_Even.raw,8.36E5,5.41E6,1,1,1,1,"Acetylation (N-term)",,0 0 0 0 32 32 90 44 23 5 5 5,T(+42.01)KPPADLDLTKR,sp|Q6ZS86|GLPK5_HUMAN:sp|Q6ZSU1|C2G1P_HUMAN:sp|Q13395|TARB1_HUMAN:sp|P46939|UTRN_HUMAN:sp|Q6DN14|MCTP1_HUMAN:sp|Q9UK28|TM59L_HUMAN:sp|Q12772|SRBP2_HUMAN:sp|P04920|B3A2_HUMAN:sp|P22612|KAPCG_HUMAN:sp|P22694|KAPCB_HUMAN:sp|P38398|BRCA1_HUMAN:sp|Q96T68|SETB2_HUMAN:sp|Q09666|AHNK_HUMAN:sp|Q86WZ6|ZN227_HUMAN:sp|Q8IY95|TM192_HUMAN:sp|P17612|KAPCA_HUMAN:sp|Q9P2E7|PCD10_HUMAN:sp|O95786|RIGI_HUMAN:sp|Q9P2D7|DYH1_HUMAN:sp|O95847|UCP4_HUMAN:sp|O94916|NFAT5_HUMAN:sp|Q8NB25|F184A_HUMAN:sp|Q14207|NPAT_HUMAN:sp|Q9NSV4|DIAP3_HUMAN:sp|P56180|TPTE_HUMAN:sp|Q9Y4G2|PKHM1_HUMAN:sp|Q9HBG7|LY9_HUMAN:sp|P78346|RPP30_HUMAN:sp|Q9NR16|C163B_HUMAN:sp|P26639|SYTC_HUMAN:sp|Q8NI27|THOC2_HUMAN:sp|P59827|BPIB4_HUMAN:sp|Q6XPS3|TPTE2_HUMAN:sp|Q9NZN5|ARHGC_HUMAN:sp|O94941|RNF37_HUMAN:sp|Q8NDH2|CC168_HUMAN:sp|Q494U1|PKHN1_HUMAN:sp|Q08752|PPID_HUMAN:sp|Q4AC94|C2CD3_HUMAN:sp|P41180|CASR_HUMAN:sp|O14786|NRP1_HUMAN:sp|Q9H2T7|RBP17_HUMAN:sp|Q63HR2|TENS2_HUMAN:sp|Q9BZE2|PUS3_HUMAN:sp|P19474|RO52_HUMAN:sp|A6NHM9|MOXD2_HUMAN:sp|Q9UKA1|FBXL5_HUMAN:sp|Q9P015|RM15_HUMAN:sp|Q9GZS0|DNAI2_HUMAN:sp|P26038|MOES_HUMAN:sp|Q06546|GABPA_HUMAN:sp|Q8IY92|SLX4_HUMAN:sp|Q92888|ARHG1_HUMAN:sp|Q5VW32|BROX_HUMAN:sp|P42226|STAT6_HUMAN:sp|A6NEC2|PSAL_HUMAN:sp|Q86WK7|AMGO3_HUMAN:sp|Q96BY6|DOC10_HUMAN:sp|Q9BZ29|DOCK9_HUMAN:sp|Q86UQ4|ABCAD_HUMAN:sp|Q9P1W8|SIRPG_HUMAN:sp|O15031|PLXB2_HUMAN:sp|Q9UNS1|TIM_HUMAN:sp|Q9Y2K9|STB5L_HUMAN:sp|Q9ULH0|KDIS_HUMAN:sp|A8MYZ6|FOXO6_HUMAN:sp|P62269|RS18_HUMAN:sp|O00220|TR10A_HUMAN:sp|Q96PY5|FMNL2_HUMAN:sp|Q8N159|NAGS_HUMAN:sp|Q5U623|MCAF2_HUMAN:sp|Q8NFJ6|PKR2_HUMAN:sp|Q5T2Q4|CCYL2_HUMAN:sp|Q01105|SET_HUMAN:sp|Q9Y5G8|PCDG5_HUMAN:sp|Q7Z3K3|POGZ_HUMAN:sp|P39059|COFA1_HUMAN:sp|P43155|CACP_HUMAN:sp|O14983|AT2A1_HUMAN:sp|P52735|VAV2_HUMAN:sp|Q00973|B4GN1_HUMAN:sp|O60449|LY75_HUMAN:sp|Q13263|TIF1B_HUMAN:sp|P51797|CLCN6_HUMAN:sp|Q99075|HBEGF_HUMAN:sp|Q86VQ6|TRXR3_HUMAN:sp|Q86YS6|RAB43_HUMAN:sp|P55786|PSA_HUMAN:sp|P17480|UBF1_HUMAN:sp|A6NKN8|PC4L1_HUMAN:sp|Q8TCW9|PKR1_HUMAN:sp|P48506|GSH1_HUMAN:sp|Q9UPP1|PHF8_HUMAN:sp|Q9BZW7|TSG10_HUMAN:sp|Q63HK5|TSH3_HUMAN:sp|Q96LT7|CI072_HUMAN:sp|Q06033|ITIH3_HUMAN:sp|P10515|ODP2_HUMAN:sp|Q9Y2F9|BTBD3_HUMAN:sp|P24903|CP2F1_HUMAN:sp|P35869|AHR_HUMAN:sp|Q2TB90|HKDC1_HUMAN:sp|Q96L12|CALR3_HUMAN:sp|Q9UHL0|DDX25_HUMAN:sp|P78324|SHPS1_HUMAN:sp|A0PG75|PLS5_HUMAN:sp|P53621|COPA_HUMAN:sp|O75751|S22A3_HUMAN:sp|O43379|WDR62_HUMAN:sp|Q05193|DYN1_HUMAN:sp|Q5T5U3|RHG21_HUMAN:sp|Q9GZY8|MFF_HUMAN:sp|O60879|DIAP2_HUMAN:sp|Q9UKL3|C8AP2_HUMAN:sp|Q9NR30|DDX21_HUMAN:sp|Q9Y3C0|WASC3_HUMAN:sp|P60484|PTEN_HUMAN:sp|Q9UJQ7|SCP2D_HUMAN:sp|O60242|AGRB3_HUMAN:sp|Q9NZJ5|E2AK3_HUMAN,DeepNovo
T(+42.01)KRRAI,21.47,785.4872,6,16.7,6,1.6,393.75146,2,30.2871,47.7871,0.19,11429,HFX193_IPP292_GEL_CRC_324_Even.raw,3.66E6,2.78E7,2,2,2,2,"Acetylation (N-term)",,0 0 0 1 1 2,T(+42.01)KRRAI,sp|P29475|NOS1_HUMAN,DB Search
T(+42.01)KRRAL,21.47,785.4872,6,16.7,6,1.6,393.75146,2,30.2871,46.9871,0.17,11429,HFX193_IPP292_GEL_CRC_324_Even.raw,3.66E6,2.78E7,2,2,2,2,"Acetylation (N-term)",,0 0 0 1 1 2,T(+42.01)KRRAL,sp|P39023|RL3_HUMAN,DB Search
T(+42.01)LHFKAKKPK,35.95,1238.7499,10,60.0,10,-3.6,413.92242,3,20.6645,11.7645,0.37,7549,HFX193_IPP292_GEL_CRC_324_Odd.raw,1.13E4,2.32E5,1,1,1,1,"Acetylation (N-term)",,0 0 0 0 7 5 5 6 11 5,T(+42.01)LHFKAKKPK,sp|Q8WVV4|POF1B_HUMAN:sp|A0A577|TVB41_HUMAN:sp|A6NDE4|RBY1B_HUMAN:sp|B1APH4|ZN487_HUMAN:sp|P40145|ADCY8_HUMAN:sp|Q9UPV0|CE164_HUMAN:sp|Q5H9B9|BM2KL_HUMAN:sp|Q9H6L4|ARMC7_HUMAN:sp|Q49A92|CH034_HUMAN:sp|Q9P243|ZFAT_HUMAN:sp|P29692|EF1D_HUMAN:sp|Q8WTW3|COG1_HUMAN:sp|P16401|H15_HUMAN:sp|Q15415|RBY1F_HUMAN:sp|Q96T21|SEBP2_HUMAN:sp|Q5SYE7|NHSL1_HUMAN:sp|Q01101|INSM1_HUMAN:sp|Q8NA58|PNDC1_HUMAN:sp|Q6NWY9|PR40B_HUMAN:sp|Q8WU76|SCFD2_HUMAN:sp|P10412|H14_HUMAN:sp|Q7Z6E9|RBBP6_HUMAN:sp|Q96L91|EP400_HUMAN:sp|Q14839|CHD4_HUMAN:sp|Q8N8G6|CO054_HUMAN:sp|Q14966|ZN638_HUMAN:sp|Q9NVH2|INT7_HUMAN:sp|Q8N5R6|CCD33_HUMAN:tr|A0A0J9YXV3|A0A0J9YXV3_HUMAN:sp|Q5TCY1|TTBK1_HUMAN:sp|Q8NDH2|CC168_HUMAN:sp|Q49AR2|CE022_HUMAN:sp|Q08462|ADCY2_HUMAN:sp|Q3MHD2|LSM12_HUMAN:sp|Q7Z2Y5|NRK_HUMAN:sp|Q6KC79|NIPBL_HUMAN:sp|Q92734|TFG_HUMAN:sp|Q8WU67|ABHD3_HUMAN:sp|Q3B726|RPA43_HUMAN:sp|Q9UJX0|OSGI1_HUMAN:sp|Q6IQ55|TTBK2_HUMAN:sp|P07305|H10_HUMAN:sp|Q9Y4A0|JERKL_HUMAN:sp|Q9NZM4|BICRA_HUMAN:sp|Q96FN5|KIF12_HUMAN:sp|Q8TDN6|BRX1_HUMAN:sp|Q15397|PUM3_HUMAN:sp|P11532|DMD_HUMAN:sp|O43861|ATP9B_HUMAN:sp|O14976|GAK_HUMAN:sp|O14964|HGS_HUMAN:sp|Q6UUV7|CRTC3_HUMAN:sp|P0DJD3|RBY1A_HUMAN:sp|Q15149|PLEC_HUMAN:sp|P16402|H13_HUMAN:sp|P16403|H12_HUMAN:sp|P47898|5HT5A_HUMAN:sp|Q7Z4V5|HDGR2_HUMAN:sp|Q2M2I8|AAK1_HUMAN:sp|Q9NQV7|PRDM9_HUMAN:sp|Q8TF01|PNISR_HUMAN:sp|Q9H1B5|XYLT2_HUMAN:sp|P0C7P1|RBY1D_HUMAN:sp|Q8TC29|ENKUR_HUMAN:sp|O75157|T22D2_HUMAN:sp|P41970|ELK3_HUMAN:sp|Q9NSY1|BMP2K_HUMAN:sp|Q8IVW8|SPNS2_HUMAN:sp|P0DJD4|RBY1C_HUMAN:sp|P18858|DNLI1_HUMAN:sp|Q13443|ADAM9_HUMAN:sp|Q14667|BLTP2_HUMAN:sp|Q8NFL0|B3GN7_HUMAN:sp|P0CJ78|ZN865_HUMAN:sp|Q9Y483|MTF2_HUMAN:sp|O15016|TRI66_HUMAN:sp|Q9ULH1|ASAP1_HUMAN:sp|O75909|CCNK_HUMAN:sp|Q6Q759|SPG17_HUMAN:sp|Q8NC38|CA213_HUMAN:sp|Q9BY11|PACN1_HUMAN:sp|Q7Z442|PK1L2_HUMAN:sp|Q9NU22|MDN1_HUMAN:sp|O75592|MYCB2_HUMAN:sp|Q96DY7|MTBP_HUMAN:sp|Q9BRJ2|RM45_HUMAN:sp|P49757|NUMB_HUMAN:sp|Q14669|TRIPC_HUMAN:sp|Q13233|M3K1_HUMAN:sp|A6NEQ0|RBY1E_HUMAN:sp|Q92545|TM131_HUMAN:sp|Q12899|TRI26_HUMAN:sp|Q9GZP8|IMUP_HUMAN:sp|Q02539|H11_HUMAN:sp|Q9NQW5|PRDM7_HUMAN:sp|Q8NFM4|ADCY4_HUMAN:sp|P08240|SRPRA_HUMAN:sp|O95466|FMNL1_HUMAN:sp|Q9H213|MAGH1_HUMAN:sp|P31249|HXD3_HUMAN:sp|Q9UKS6|PACN3_HUMAN:sp|Q9H4F8|SMOC1_HUMAN:sp|O75351|VPS4B_HUMAN:sp|Q9NY46|SCN3A_HUMAN:sp|Q9NPF5|DMAP1_HUMAN:sp|Q9UKT6|FXL21_HUMAN:sp|P24534|EF1B_HUMAN:sp|A0A0J9YY54|TX13D_HUMAN:sp|Q92598|HS105_HUMAN:sp|P12036|NFH_HUMAN:sp|Q02878|RL6_HUMAN:sp|O14862|AIM2_HUMAN:sp|Q9Y2H9|MAST1_HUMAN:sp|P25054|APC_HUMAN:sp|Q9Y6V0|PCLO_HUMAN:sp|Q4W5G0|TIGD2_HUMAN:sp|Q9BQE4|SELS_HUMAN:sp|Q9UNF0|PACN2_HUMAN:sp|Q9H3U7|SMOC2_HUMAN:sp|Q8TCC7|S22A8_HUMAN,DeepNovo
T(+42.01)LKHPGVLTHVGR,55.76,1455.8311,13,61.5,13,-1.5,364.96448,4,26.8570,-10.3430,0.55,10049,HFX193_IPP292_GEL_CRC_324_Even.raw,1.63E5,1.83E6,1,1,1,1,"Acetylation (N-term)",,0 0 0 0 0 4 4 27 39 30 7 7 5,T(+42.01)LKHPGVLTHVGR,sp|Q96JL9|ZN333_HUMAN:sp|Q8WUB2|F216A_HUMAN:sp|Q8NBU5|ATAD1_HUMAN:sp|Q2M329|CCD96_HUMAN:sp|Q8WXI7|MUC16_HUMAN:sp|P20809|IL11_HUMAN:sp|Q14692|BMS1_HUMAN:sp|P62753|RS6_HUMAN:sp|O75388|GPR32_HUMAN:sp|Q9UPY3|DICER_HUMAN:sp|Q8N6M5|ALLC_HUMAN:sp|Q96BP3|PPWD1_HUMAN:sp|Q9HAZ2|PRD16_HUMAN:sp|Q5T8D3|ACBD5_HUMAN:sp|Q86YR7|MF2L2_HUMAN:sp|P26640|SYVC_HUMAN:sp|Q9UNA1|RHG26_HUMAN:sp|Q96GY0|ZC21A_HUMAN:sp|P53804|TTC3_HUMAN:sp|Q9P2P6|STAR9_HUMAN:sp|Q8IZN3|ZDH14_HUMAN:sp|O75445|USH2A_HUMAN:sp|O00178|GTPB1_HUMAN:sp|Q9NYL5|CP39A_HUMAN:sp|O14607|UTY_HUMAN:sp|O60296|TRAK2_HUMAN:sp|Q5VTM2|AGAP9_HUMAN:sp|Q8NH54|O56A3_HUMAN:sp|Q9UHX1|PUF60_HUMAN:PDS5B_DEL_A-p.N1390Mfs*4_::chr13:32770250-32771250_frame=3:sp|Q96JM2|ZN462_HUMAN:sp|Q9C0C2|TB182_HUMAN,DeepNovo
T(+42.01)PM(+15.99)TDHLVKTHFGKPL,85.94,1878.9662,16,68.8,16,-1.5,470.74811,4,46.9378,5.9378,0.35,18207,HFX193_IPP292_GEL_CRC_324_Even.raw,6.83E5,5.67E6,2,2,2,2,"Acetylation (N-term);Oxidation (M)",,0 0 76 77 77 40 33 31 31 40 37 0 0 0 11 5,T(+42.01)PM(+15.99)TDHLVKTHFGKPL,sp|P49888|ST1E1_HUMAN:sp|O75818|RPP40_HUMAN:sp|O14522|PTPRT_HUMAN:sp|O43704|ST1B1_HUMAN:sp|P35414|APJ_HUMAN:sp|A2A3L6|TTC24_HUMAN:sp|Q96C24|SYTL4_HUMAN:sp|Q08AF3|SLFN5_HUMAN:sp|Q8WYJ6|SEPT1_HUMAN:sp|Q9NS98|SEM3G_HUMAN:sp|Q9BY31|ZN717_HUMAN:sp|O00754|MA2B1_HUMAN:sp|Q12889|OVGP1_HUMAN:sp|Q01629|IFM2_HUMAN:sp|A1L167|U2QL1_HUMAN:sp|Q8N201|INT1_HUMAN:sp|Q8N1V2|CFA52_HUMAN:sp|Q9H9L4|KANL2_HUMAN:sp|Q96S94|CCNL2_HUMAN:sp|O75840|KLF7_HUMAN:sp|Q8NEE6|DRC6_HUMAN:sp|Q7Z392|TPC11_HUMAN:sp|Q5GH76|XKR4_HUMAN:sp|Q9BXM7|PINK1_HUMAN:sp|Q6ZNJ1|NBEL2_HUMAN:sp|Q9NX40|OCAD1_HUMAN:sp|Q96DC9|OTUB2_HUMAN:sp|Q9UG01|IF172_HUMAN:sp|Q3KNW1|SNAI3_HUMAN:sp|P32754|HPPD_HUMAN:sp|P46531|NOTC1_HUMAN:sp|Q96PD7|DGAT2_HUMAN:sp|Q8NDA2|HMCN2_HUMAN:sp|Q08462|ADCY2_HUMAN:sp|Q9Y3F4|STRAP_HUMAN:sp|Q9H2C5|O52A5_HUMAN:sp|Q86UT6|NLRX1_HUMAN:sp|Q2TB90|HKDC1_HUMAN:sp|O43610|SPY3_HUMAN:sp|O14732|IMPA2_HUMAN:sp|Q6ZPD8|DG2L6_HUMAN:sp|O95831|AIFM1_HUMAN:sp|Q8IYW2|CFA46_HUMAN:sp|P20138|CD33_HUMAN:sp|Q2LD37|BLTP1_HUMAN:sp|P15880|RS2_HUMAN:sp|Q9Y2H9|MAST1_HUMAN:sp|P52789|HXK2_HUMAN:sp|Q96JE7|SC16B_HUMAN:sp|Q8TEP8|CE192_HUMAN,DeepNovo
T(+42.01)RKTLVHL,37.46,1008.6080,8,50.0,8,1.5,505.31201,2,46.0558,2.7558,0.78,17813,HFX193_IPP292_GEL_CRC_324_Even.raw,9.77E6,5.47E7,3,3,2,2,"Acetylation (N-term)",,0 0 0 0 3 27 32 5,T(+42.01)RKTLVHL,sp|Q6PCT2|FXL19_HUMAN:sp|Q9H252|KCNH6_HUMAN:sp|O00221|IKBE_HUMAN:sp|Q00975|CAC1B_HUMAN:sp|A6NK89|RASFA_HUMAN:sp|P22004|BMP6_HUMAN:sp|Q9UBT6|POLK_HUMAN:sp|Q00610|CLH1_HUMAN:sp|Q5GH72|XKR7_HUMAN:sp|P22003|BMP5_HUMAN:sp|P50851|LRBA_HUMAN:sp|Q9UK05|GDF2_HUMAN:sp|Q96CQ1|S2536_HUMAN:sp|Q9UGI0|ZRAN1_HUMAN:sp|O75901|RASF9_HUMAN:sp|Q6ZW76|ANKS3_HUMAN:sp|Q5VZK9|CARL1_HUMAN:sp|P53675|CLH2_HUMAN,DeepNovo
T(+42.01)RTTGF,16.91,723.3552,6,66.7,6,0.6,362.68506,2,29.2746,-6.7254,0.61,11051,HFX193_IPP292_GEL_CRC_324_Odd.raw,2.21E5,1.96E6,1,1,1,1,"Acetylation (N-term)",,0 0 3 3 20 5,T(+42.01)RTTGF,,DeepNovo
T(+42.01)RVFKGGKLRL,51.43,1315.8088,11,45.5,11,1.0,329.95981,4,31.4890,-14.6110,0.36,11949,HFX193_IPP292_GEL_CRC_324_Odd.raw,2.1E6,1.91E7,2,2,2,2,"Acetylation (N-term)",,0 0 24 58 58 0 0 11 0 0 5,T(+42.01)RVFKGGKLRL,sp|Q93009|UBP7_HUMAN:sp|Q8NF37|PCAT1_HUMAN:sp|Q6UXZ4|UNC5D_HUMAN:sp|Q16650|TBR1_HUMAN:sp|Q86VB7|C163A_HUMAN:sp|Q7Z7H5|TMED4_HUMAN:sp|P09467|F16P1_HUMAN:sp|Q6R327|RICTR_HUMAN:sp|Q86XP3|DDX42_HUMAN:sp|Q9HB65|ELL3_HUMAN:sp|Q8WWX8|SC5AB_HUMAN:sp|P09848|LPH_HUMAN:sp|O95396|MOCS3_HUMAN:sp|O75083|WDR1_HUMAN:sp|Q8NAA6|CO053_HUMAN:sp|Q9C093|SPEF2_HUMAN:sp|O60658|PDE8A_HUMAN:sp|P35858|ALS_HUMAN:sp|Q09666|AHNK_HUMAN:sp|Q8IYU8|MICU2_HUMAN:sp|Q12766|HMGX3_HUMAN:sp|P04114|APOB_HUMAN:sp|P0CG20|PRR35_HUMAN:sp|O95255|MRP6_HUMAN:sp|Q8TCU5|NMD3A_HUMAN:sp|Q5SW79|CE170_HUMAN:sp|A6NGB9|WIPF3_HUMAN:sp|Q8TED0|UTP15_HUMAN:sp|O15056|SYNJ2_HUMAN:sp|Q53GS7|GLE1_HUMAN:sp|P49790|NU153_HUMAN:sp|Q8IZP9|AGRG2_HUMAN:sp|P56377|AP1S2_HUMAN:sp|Q9NX05|F120C_HUMAN:sp|Q2WGJ9|FR1L6_HUMAN:sp|Q9Y2Q0|AT8A1_HUMAN:sp|Q92890|UFD1_HUMAN:sp|Q86VY4|TSYL5_HUMAN:sp|P61966|AP1S1_HUMAN:sp|Q32MH5|ATOSA_HUMAN:sp|Q8J025|APCD1_HUMAN:sp|P32970|CD70_HUMAN:sp|P31150|GDIA_HUMAN:sp|Q1RMZ1|SAMTR_HUMAN:sp|Q8NDH2|CC168_HUMAN:sp|Q15572|TAF1C_HUMAN:sp|Q8NDA2|HMCN2_HUMAN:sp|P13984|T2FB_HUMAN:sp|P98198|AT8B2_HUMAN:sp|P49796|RGS3_HUMAN:sp|O75150|BRE1B_HUMAN:sp|P60507|EFC1_HUMAN:sp|Q8WW38|FOG2_HUMAN:sp|Q6UB99|ANR11_HUMAN:sp|P06576|ATPB_HUMAN:sp|Q96L14|C170L_HUMAN:sp|Q5T7W7|TSTD2_HUMAN:sp|Q96JP0|FEM1C_HUMAN:sp|Q96KE9|BTBD6_HUMAN:TCF7L2_DEL_A-p.K485Sfs*23_::chr10:113165058-113166058_frame=-2:sp|B7Z1M9|C2D4D_HUMAN:sp|O96020|CCNE2_HUMAN:sp|Q9BQI0|AIF1L_HUMAN:sp|O00757|F16P2_HUMAN:sp|Q16851|UGPA_HUMAN:sp|Q8NBP7|PCSK9_HUMAN:sp|Q8IVL1|NAV2_HUMAN:sp|Q69YU3|AN34A_HUMAN:sp|Q96AC1|FERM2_HUMAN:sp|O14978|ZN263_HUMAN:sp|P50395|GDIB_HUMAN:sp|P19526|FUT1_HUMAN:sp|Q9HB58|SP110_HUMAN:sp|Q9H2C0|GAN_HUMAN:sp|Q8TDJ6|DMXL2_HUMAN:sp|Q5JSH3|WDR44_HUMAN:sp|Q8IWU6|SULF1_HUMAN:sp|Q9UHN6|CEIP2_HUMAN:sp|Q14028|CNGB1_HUMAN:sp|Q6MZQ0|PRR5L_HUMAN:tr|A0A075B6U7|A0A075B6U7_HUMAN:sp|Q8NFP4|MDGA1_HUMAN:sp|Q8NB14|UBP38_HUMAN:sp|P49588|SYAC_HUMAN:sp|P0DPD7|EFMT4_HUMAN:sp|Q96GX5|GWL_HUMAN:sp|Q8IWA0|WDR75_HUMAN:CCDC178_DEL_TT-p.K291Nfs*11_::chr18:33332679-33333680_frame=-2:sp|Q5XX13|FBW10_HUMAN:sp|A8MQ27|NEU1B_HUMAN:sp|Q9BUQ8|DDX23_HUMAN:sp|Q8TE82|S3TC1_HUMAN:sp|Q86US8|EST1A_HUMAN:sp|Q0PNE2|ELP6_HUMAN:sp|O95936|EOMES_HUMAN:sp|P31639|SC5A2_HUMAN:sp|Q9H6R7|WDCP_HUMAN:sp|P98160|PGBM_HUMAN:sp|P08F94|PKHD1_HUMAN:sp|Q4ZHG4|FNDC1_HUMAN:sp|Q9BSM1|PCGF1_HUMAN:sp|Q14692|BMS1_HUMAN:sp|Q9Y6W8|ICOS_HUMAN:sp|Q9Y2W3|S45A1_HUMAN:sp|Q96L92|SNX27_HUMAN:sp|Q8IW19|APLF_HUMAN:sp|Q86VY9|T200A_HUMAN:sp|Q9UJ96|KCNG2_HUMAN:sp|Q86U28|ISCA2_HUMAN:sp|Q5VY09|IER5_HUMAN:sp|Q9Y6C2|EMIL1_HUMAN:sp|P13637|AT1A3_HUMAN:sp|Q16555|DPYL2_HUMAN:sp|P12036|NFH_HUMAN:sp|Q9UIX4|KCNG1_HUMAN:sp|P49792|RBP2_HUMAN:sp|Q00341|VIGLN_HUMAN:sp|Q9NZB2|F120A_HUMAN:sp|Q16718|NDUA5_HUMAN:sp|Q96RN1|S26A8_HUMAN,DeepNovo
T(+42.01)SGGGDEVLKTH,43.14,1241.5887,12,41.7,12,4.7,414.87216,3,27.3649,-2.9351,0.45,10347,HFX193_IPP292_GEL_CRC_324_Odd.raw,7.72E5,2.1E6,1,1,1,1,"Acetylation (N-term)",,0 0 0 0 0 0 0 38 20 20 33 5,T(+42.01)SGGGDEVLKTH,sp|P57679|EVC_HUMAN:sp|P40429|RL13A_HUMAN:sp|P46939|UTRN_HUMAN:sp|P16260|GDC_HUMAN:sp|Q9HCU8|DPOD4_HUMAN:sp|Q96DW6|S2538_HUMAN:sp|Q9BZ72|PITM2_HUMAN:sp|Q9HB19|PKHA2_HUMAN:sp|Q9Y3A5|SBDS_HUMAN:sp|Q149M9|NWD1_HUMAN:sp|Q86TU7|SETD3_HUMAN:sp|Q9BYB0|SHAN3_HUMAN:sp|Q8NG31|KNL1_HUMAN:sp|P02671|FIBA_HUMAN:sp|Q8TE99|PXYP1_HUMAN:sp|Q5UIP0|RIF1_HUMAN:sp|Q96KW2|P12L2_HUMAN,DeepNovo
T(+42.01)SPPVARSPLLKAHASPL,78.48,1883.0629,18,33.3,18,3.4,628.69702,3,64.6098,-9.6902,0.06,25151,HFX193_IPP292_GEL_CRC_324_Even.raw,2.9E6,7.21E6,2,2,1,1,"Acetylation (N-term)",,0 0 15 2 2 0 0 3 0 0 3 11 0 0 0 0 1 1,T(+42.01)SPPVARSPLLKAHASPL,sp|P21817|RYR1_HUMAN:sp|Q96C34|RUND1_HUMAN:sp|Q01484|ANK2_HUMAN:sp|Q8TF46|DI3L1_HUMAN:sp|Q00610|CLH1_HUMAN:sp|Q9C026|TRIM9_HUMAN:sp|P46937|YAP1_HUMAN:sp|Q711Q0|CEFIP_HUMAN:sp|Q147U1|ZN846_HUMAN:sp|Q5SRE5|NU188_HUMAN:sp|Q9H845|ACAD9_HUMAN:sp|P56385|ATP5I_HUMAN:sp|O94804|STK10_HUMAN:sp|P03915|NU5M_HUMAN:sp|Q12857|NFIA_HUMAN:sp|Q6NUI2|GPAT2_HUMAN:sp|Q9NP31|SH22A_HUMAN:sp|O75529|TAF5L_HUMAN:sp|Q86UD0|SAPC2_HUMAN:sp|Q15744|CEBPE_HUMAN:sp|Q8WU76|SCFD2_HUMAN:sp|A6NCV1|O6C74_HUMAN:sp|Q6P0Q8|MAST2_HUMAN:sp|O14513|NCKP5_HUMAN:sp|P49638|TTPA_HUMAN:sp|Q15697|ZN174_HUMAN:sp|O95785|WIZ_HUMAN:ESRP1_DEL_A-p.N512Tfs*2_::chr8:94673883-94674883_frame=-3:sp|Q6ZUS6|CC149_HUMAN:sp|P08253|MMP2_HUMAN:sp|P48546|GIPR_HUMAN:sp|Q92527|ANKR7_HUMAN:sp|O15021|MAST4_HUMAN:sp|E9PAV3|NACAM_HUMAN:sp|P02708|ACHA_HUMAN:sp|Q9NSA1|FGF21_HUMAN:sp|Q7Z408|CSMD2_HUMAN:sp|Q9P2D0|IBTK_HUMAN:sp|Q5FYB0|ARSJ_HUMAN:sp|Q8TB24|RIN3_HUMAN:sp|P28039|AOAH_HUMAN:sp|O14531|DPYL4_HUMAN:sp|Q10981|FUT2_HUMAN:sp|O14917|PCD17_HUMAN:sp|Q9BYN7|ZN341_HUMAN:sp|P21709|EPHA1_HUMAN:sp|Q9Y618|NCOR2_HUMAN:sp|Q9P2P1|NYNRI_HUMAN:sp|Q99569|PKP4_HUMAN:sp|O60303|KATIP_HUMAN:sp|Q9H1I8|ASCC2_HUMAN:sp|O15350|P73_HUMAN:sp|Q6RVD6|SPAT8_HUMAN:sp|Q96DM3|RMC1_HUMAN:sp|O75717|WDHD1_HUMAN:sp|Q8WX92|NELFB_HUMAN:sp|Q15291|RBBP5_HUMAN:sp|Q8WXI7|MUC16_HUMAN:sp|O75129|ASTN2_HUMAN:sp|O43426|SYNJ1_HUMAN:sp|Q8NET8|TRPV3_HUMAN:sp|Q6IFH4|OR6B2_HUMAN:sp|Q96M78|FEAS2_HUMAN:sp|Q86VV8|RTTN_HUMAN:sp|A6NF89|OR6C6_HUMAN:sp|O94973|AP2A2_HUMAN:sp|P54920|SNAA_HUMAN:sp|Q8TCD5|NT5C_HUMAN:sp|Q13075|BIRC1_HUMAN:sp|Q06203|PUR1_HUMAN:sp|O95235|KI20A_HUMAN:sp|P78527|PRKDC_HUMAN:sp|Q8IV13|CCNJL_HUMAN:sp|O94988|FA13A_HUMAN:sp|B4DS77|SHSA9_HUMAN:sp|Q13936|CAC1C_HUMAN:sp|O14686|KMT2D_HUMAN:sp|P08581|MET_HUMAN:sp|O43847|NRDC_HUMAN:sp|Q5FYB1|ARSI_HUMAN:sp|O95274|LYPD3_HUMAN:sp|Q9P2D3|HTR5B_HUMAN:sp|Q9NYZ3|GTSE1_HUMAN:sp|Q6AI14|SL9A4_HUMAN:sp|Q9UIF9|BAZ2A_HUMAN:sp|Q9H342|O51J1_HUMAN:sp|Q9UMN6|KMT2B_HUMAN:sp|P53675|CLH2_HUMAN:sp|P56524|HDAC4_HUMAN:sp|P49327|FAS_HUMAN:sp|Q86VP6|CAND1_HUMAN:sp|Q5VXU9|SHOC1_HUMAN:sp|A0A1B0GTW7|CIROP_HUMAN:sp|Q96LK8|SPT32_HUMAN:sp|Q09327|MGAT3_HUMAN:sp|Q8IX90|SKA3_HUMAN:sp|Q4G0N8|SL9C1_HUMAN:sp|Q8NDW8|TT21A_HUMAN:sp|Q9H0B3|IQCN_HUMAN:sp|Q86V24|PAQR2_HUMAN:sp|Q8NGW1|OR6B3_HUMAN:sp|O15079|SNPH_HUMAN:sp|P40818|UBP8_HUMAN:sp|Q00587|BORG5_HUMAN:sp|P25440|BRD2_HUMAN:sp|Q9Y534|CSDC2_HUMAN:sp|Q9H6A9|PCX3_HUMAN:sp|O60641|AP180_HUMAN:sp|Q2M3X9|ZN674_HUMAN:sp|Q92794|KAT6A_HUMAN:sp|P15848|ARSB_HUMAN:sp|Q9Y2H9|MAST1_HUMAN:sp|Q7Z4H7|HAUS6_HUMAN:sp|O14613|BORG1_HUMAN:sp|Q14766|LTBP1_HUMAN:sp|Q5TH69|BIG3_HUMAN:sp|Q96NZ8|WFKN1_HUMAN:sp|Q8WZ94|OR5P3_HUMAN:sp|Q9H0X4|F234A_HUMAN:sp|Q8WZA1|PMGT1_HUMAN,DeepNovo
T(+42.01)SYRVP,26.89,763.3865,6,66.7,6,0.6,382.70074,2,36.8538,-13.9462,0.29,14118,HFX193_IPP292_GEL_CRC_324_Odd.raw,2.07E6,1.17E7,2,2,2,2,"Acetylation (N-term)",,4 4 13 7 0 0,T(+42.01)SYRVP,sp|Q6ICG8|WBP2L_HUMAN:sp|Q9HCB6|SPON1_HUMAN:sp|Q14764|MVP_HUMAN,DeepNovo
T(+42.01)TLERVAK,33.51,958.5447,8,75.0,8,1.8,480.28052,2,32.1507,1.8507,0.68,12204,HFX193_IPP292_GEL_CRC_324_Even.raw,,,1,1,0,0,"Acetylation (N-term)",,0 0 30 12 2 2 10 5,T(+42.01)TLERVAK,tr|A0A1W2PRN1|A0A1W2PRN1_HUMAN:sp|Q6JQN1|ACD10_HUMAN:sp|Q13395|TARB1_HUMAN:sp|O75129|ASTN2_HUMAN:sp|H3BPF8|GOG8S_HUMAN:sp|P35968|VGFR2_HUMAN:sp|Q7Z4K8|TRI46_HUMAN:sp|Q18PE1|DOK7_HUMAN:sp|H3BV12|GOG8Q_HUMAN:sp|A7E2F4|GOG8A_HUMAN:sp|Q7Z410|TMPS9_HUMAN:sp|Q6P158|DHX57_HUMAN:sp|Q8N6Q8|MET25_HUMAN:sp|A6NMD0|IFM10_HUMAN:sp|A6NMD2|GOG8J_HUMAN:sp|Q15050|RRS1_HUMAN:sp|Q86VI1|EX3L1_HUMAN:sp|Q9BTE3|MCMBP_HUMAN:sp|O15020|SPTN2_HUMAN:sp|Q0D2H9|GOG8D_HUMAN:sp|Q9UK96|FBX10_HUMAN:sp|Q15061|WDR43_HUMAN:sp|P05198|IF2A_HUMAN:sp|F8WBI6|GOG8N_HUMAN:sp|Q13523|PRP4B_HUMAN:sp|Q08AF8|GOG8F_HUMAN:sp|Q96DX7|TRI44_HUMAN:sp|Q9NYB9|ABI2_HUMAN:sp|O95208|EPN2_HUMAN:sp|Q9UPN4|CP131_HUMAN:sp|H7BZ55|CRCC2_HUMAN:sp|Q8NAF0|ZN579_HUMAN:sp|P04196|HRG_HUMAN:sp|O60706|ABCC9_HUMAN:sp|Q96RI9|TAAR9_HUMAN:sp|Q9BQC3|DPH2_HUMAN:sp|P35606|COPB2_HUMAN:sp|Q5TB30|DEP1A_HUMAN:sp|Q8NDG6|TDRD9_HUMAN:sp|Q6ZN44|UNC5A_HUMAN:sp|Q9BXX0|EMIL2_HUMAN:sp|Q96BK5|PINX1_HUMAN:sp|O00206|TLR4_HUMAN:sp|Q9BV20|MTNA_HUMAN:sp|Q6ZMV9|KIF6_HUMAN:sp|Q9H2Y9|SO5A1_HUMAN:sp|Q6ZNJ1|NBEL2_HUMAN:sp|P0CJ92|GOG8H_HUMAN:sp|Q9P281|BAHC1_HUMAN:sp|Q8N434|SVOPL_HUMAN:sp|P02771|FETA_HUMAN:sp|Q01831|XPC_HUMAN:sp|Q8NDA2|HMCN2_HUMAN:sp|Q9UIG8|SO3A1_HUMAN:sp|Q9H7P9|PKHG2_HUMAN:sp|P46782|RS5_HUMAN:sp|Q76G19|PDZD4_HUMAN:sp|Q14980|NUMA1_HUMAN:sp|A8MQT2|GOG8B_HUMAN:sp|P15538|C11B1_HUMAN:sp|A6NCC3|GOG8O_HUMAN:sp|P54756|EPHA5_HUMAN:sp|A6NC78|GOG8I_HUMAN:sp|I6L899|GOG8R_HUMAN:sp|Q9UK17|KCND3_HUMAN:sp|Q3B820|F161A_HUMAN:sp|Q9NTJ4|MA2C1_HUMAN:sp|Q9NPE6|SPAG4_HUMAN:sp|Q8NBQ5|DHB11_HUMAN:sp|Q9Y597|KCTD3_HUMAN:sp|P17706|PTN2_HUMAN:sp|H3BSY2|GOG8M_HUMAN:sp|Q9UHB4|NDOR1_HUMAN:sp|Q9BX97|PLVAP_HUMAN:sp|Q5VST9|OBSCN_HUMAN:sp|A6NN73|GOG8C_HUMAN:sp|Q3B7T1|EDRF1_HUMAN:sp|O75145|LIPA3_HUMAN:sp|Q10471|GALT2_HUMAN:sp|O60909|B4GT2_HUMAN:sp|Q5H9U9|DDX6L_HUMAN:sp|Q9NQC1|JADE2_HUMAN:sp|Q15149|PLEC_HUMAN,DeepNovo
T(+42.01)TVHPV,15.77,694.3650,6,66.7,6,1.2,348.19019,2,35.1926,2.5926,0.17,13453,HFX193_IPP292_GEL_CRC_324_Even.raw,1.9E5,1.65E6,1,1,1,1,"Acetylation (N-term)",,0 0 2 2 2 4,T(+42.01)TVHPV,sp|Q9BZM5|ULBP2_HUMAN:sp|Q9HC21|TPC_HUMAN:sp|P42694|HELZ_HUMAN:sp|Q2M3G0|ABCB5_HUMAN:sp|Q5VY80|ULBP6_HUMAN:sp|Q6H3X3|ULBP5_HUMAN:sp|Q9H0J9|PAR12_HUMAN:sp|Q9H2P0|ADNP_HUMAN:sp|Q9Y4D8|HECD4_HUMAN,DeepNovo
T(+42.01)VGEEERL,18.89,973.4716,8,50.0,8,1.9,487.74402,2,38.8767,-12.6233,0.77,14951,HFX193_IPP292_GEL_CRC_324_Even.raw,1.31E5,1.6E6,1,1,1,1,"Acetylation (N-term)",,0 0 1 1 3 3 3 5,T(+42.01)VGEEERL,sp|O75478|TAD2A_HUMAN:sp|Q9H3P7|GCP60_HUMAN:sp|O15231|ZN185_HUMAN:sp|O60476|MA1A2_HUMAN:sp|Q9P1Q0|VPS54_HUMAN:sp|Q9NXE8|CWC25_HUMAN:sp|Q6L8Q7|PDE12_HUMAN:sp|Q96L93|KI16B_HUMAN:sp|Q4AC99|1A1L2_HUMAN:sp|O94991|SLIK5_HUMAN:sp|O43623|SNAI2_HUMAN:sp|Q9NRL2|BAZ1A_HUMAN:sp|Q8IY82|DRC7_HUMAN:sp|Q96EA4|SPDLY_HUMAN:sp|A6NDK9|GOG6C_HUMAN:sp|Q14152|EIF3A_HUMAN:sp|Q5JTC6|AMER1_HUMAN:sp|Q9Y2K7|KDM2A_HUMAN:sp|O60841|IF2P_HUMAN:sp|Q9BYE7|PCGF6_HUMAN:sp|P0CG33|GOG6D_HUMAN:sp|O95847|UCP4_HUMAN:sp|O15056|SYNJ2_HUMAN:sp|P02545|LMNA_HUMAN:sp|O60318|GANP_HUMAN:sp|O00214|LEG8_HUMAN:sp|Q9P035|HACD3_HUMAN:sp|A0MZ66|SHOT1_HUMAN:sp|Q13829|BACD2_HUMAN:sp|A0A1B0GU71|C97D2_HUMAN:sp|Q6ZQQ6|WDR87_HUMAN:sp|Q9Y4H2|IRS2_HUMAN:sp|Q6KC79|NIPBL_HUMAN:sp|O14974|MYPT1_HUMAN:sp|Q9NYA3|GOG6A_HUMAN:sp|Q14137|BOP1_HUMAN:sp|Q8WVC0|LEO1_HUMAN:sp|Q9BYV6|TRI55_HUMAN:sp|Q4KMQ2|ANO6_HUMAN:sp|Q0VF49|K2012_HUMAN:sp|Q6ZV29|PLPL7_HUMAN:sp|Q9Y566|SHAN1_HUMAN:sp|Q9H6A0|DEN2D_HUMAN:sp|Q9BV36|MELPH_HUMAN:sp|Q9BVG8|KIFC3_HUMAN:sp|Q5W0U4|BSPRY_HUMAN:sp|Q6ZMZ3|SYNE3_HUMAN:sp|Q13797|ITA9_HUMAN:sp|Q15149|PLEC_HUMAN:sp|O43423|AN32C_HUMAN:sp|Q8WWI1|LMO7_HUMAN:sp|Q8N9W4|GG6L2_HUMAN:sp|O60682|MUSC_HUMAN:sp|Q8NCM2|KCNH5_HUMAN:sp|Q7L8J4|3BP5L_HUMAN:sp|Q03252|LMNB2_HUMAN:sp|Q9NZN1|IRPL1_HUMAN:ENO4_DEL_A-p.K207Rfs*32_::chr10:116858617-116859617_frame=2:sp|P39687|AN32A_HUMAN:sp|Q2TBC4|PRIC4_HUMAN:sp|Q6IPM2|IQCE_HUMAN:sp|A6NC57|ANR62_HUMAN:sp|Q9NSI6|BRWD1_HUMAN:sp|Q9P013|CWC15_HUMAN:sp|Q86VQ0|LCA5_HUMAN:sp|Q5T5S1|CC183_HUMAN:sp|P20700|LMNB1_HUMAN:sp|Q8NB90|SPAT5_HUMAN:sp|Q5XUX0|FBX31_HUMAN:sp|Q8WZ42|TITIN_HUMAN:sp|Q99650|OSMR_HUMAN:sp|Q07001|ACHD_HUMAN:sp|Q14457|BECN1_HUMAN:sp|Q5SXM2|SNPC4_HUMAN:sp|Q9H1X3|DJC25_HUMAN:sp|P00488|F13A_HUMAN:sp|Q07283|TRHY_HUMAN:sp|P55201|BRPF1_HUMAN:sp|Q6Q759|SPG17_HUMAN:sp|Q5VUG0|SMBT2_HUMAN:sp|Q9HC10|OTOF_HUMAN:sp|P80303|NUCB2_HUMAN:sp|A6NDN3|GOG6B_HUMAN:sp|P52179|MYOM1_HUMAN:sp|P10645|CMGA_HUMAN:sp|Q8TEW0|PARD3_HUMAN:sp|Q8NEH6|MNS1_HUMAN:sp|Q9Y5S2|MRCKB_HUMAN:sp|Q9NYQ6|CELR1_HUMAN:sp|P35228|NOS2_HUMAN:sp|Q9NZN9|AIPL1_HUMAN:sp|Q8N4J0|CARME_HUMAN:sp|Q9Y2I1|NISCH_HUMAN:sp|O15078|CE290_HUMAN:sp|Q13435|SF3B2_HUMAN:sp|Q9UIG0|BAZ1B_HUMAN:sp|Q8NEM2|SHCBP_HUMAN:sp|Q5HYC2|K2026_HUMAN:sp|Q13439|GOGA4_HUMAN:sp|Q96JB2|COG3_HUMAN:sp|Q96T17|MA7D2_HUMAN:sp|Q15878|CAC1E_HUMAN:sp|O14559|RHG33_HUMAN:sp|Q8NFW9|MYRIP_HUMAN:sp|Q8N1T3|MYO1H_HUMAN:sp|Q16206|ENOX2_HUMAN:sp|Q8IW40|CC103_HUMAN:sp|Q14676|MDC1_HUMAN:sp|P42696|RBM34_HUMAN:sp|Q86WG3|ATCAY_HUMAN:sp|Q15846|CLUL1_HUMAN:sp|Q02818|NUCB1_HUMAN:sp|Q7Z591|AKNA_HUMAN:sp|O60487|MPZL2_HUMAN:sp|Q9C0H9|SRCN1_HUMAN:sp|P06400|RB_HUMAN:sp|Q96HY6|DDRGK_HUMAN,DeepNovo
T(+42.01)VLRHTKL,39.95,1008.6080,8,100.0,8,0.1,337.20996,3,33.7044,3.5044,0.14,12834,HFX193_IPP292_GEL_CRC_324_Odd.raw,7.34E5,4.93E6,1,1,1,1,"Acetylation (N-term)",,5 9 9 9 13 13 19 5,T(+42.01)VLRHTKL,sp|A6NCN2|KR87P_HUMAN:sp|Q15527|SURF2_HUMAN:sp|A8MXY4|ZNF99_HUMAN:sp|Q15058|KIF14_HUMAN:sp|P98196|AT11A_HUMAN:sp|Q8IXN7|RIMKA_HUMAN:sp|Q9UG01|IF172_HUMAN:sp|P41146|OPRX_HUMAN:sp|P32745|SSR3_HUMAN:sp|Q53RY4|KCP3_HUMAN:sp|P07357|CO8A_HUMAN:sp|Q9H1B5|XYLT2_HUMAN:sp|O14901|KLF11_HUMAN:sp|O75970|MPDZ_HUMAN:sp|P18146|EGR1_HUMAN:sp|Q9HDC5|JPH1_HUMAN:sp|Q13118|KLF10_HUMAN:sp|Q9H094|NBPF3_HUMAN:sp|Q14533|KRT81_HUMAN:sp|Q9C093|SPEF2_HUMAN:sp|O43790|KRT86_HUMAN:sp|Q6ZUT1|NKAP1_HUMAN:sp|Q9ULI2|RIMKB_HUMAN:sp|P11161|EGR2_HUMAN:sp|Q08J23|NSUN2_HUMAN:sp|Q9BSY9|DESI2_HUMAN:sp|Q8N2C7|UNC80_HUMAN:sp|Q2TAZ0|ATG2A_HUMAN:sp|Q03923|ZNF85_HUMAN:sp|Q5JQC9|AKAP4_HUMAN:sp|Q9Y3A5|SBDS_HUMAN:sp|Q8N323|NXPE1_HUMAN:sp|Q5BJF6|ODFP2_HUMAN:sp|A7XYQ1|SOBP_HUMAN:sp|Q8IVT5|KSR1_HUMAN:sp|P78386|KRT85_HUMAN:sp|Q96AB6|NTAN1_HUMAN,DeepNovo
T(+42.01)VSGGF,24.06,608.2806,6,83.3,6,0.8,609.28833,1,70.0451,4.5451,0.27,27013,HFX193_IPP292_GEL_CRC_324_Even.raw,7.76E5,7.43E5,2,2,1,1,"Acetylation (N-term)",,5 0 5 4 4 5,T(+42.01)VSGGF,sp|Q9Y2F5|ICE1_HUMAN,DB Search
T(+42.01)VTEHKAL,42.84,939.5025,8,75.0,8,1.1,470.75903,2,29.2233,7.5233,0.65,11026,HFX193_IPP292_GEL_CRC_324_Odd.raw,1.02E6,7.49E6,2,2,2,2,"Acetylation (N-term)",,0 0 3 3 9 6 6 5,T(+42.01)VTEHKAL,sp|O95006|OR2F2_HUMAN:sp|P0C7W6|CC172_HUMAN:sp|P0DPI3|CENL2_HUMAN:sp|Q6ZU69|S31F1_HUMAN:sp|Q9UNX4|WDR3_HUMAN:sp|Q9NNX1|TUFT1_HUMAN:sp|Q96M34|TEX55_HUMAN:sp|O14958|CASQ2_HUMAN:sp|O94850|DEND_HUMAN:sp|Q96GS4|BORC6_HUMAN:sp|Q8NF91|SYNE1_HUMAN:sp|Q8WW33|GTSF1_HUMAN:sp|P11310|ACADM_HUMAN:sp|Q8WTR7|ZN473_HUMAN:sp|Q96DF8|ESS2_HUMAN:sp|A0A0U1RRI6|CENL3_HUMAN:sp|Q6P9A3|ZN549_HUMAN:sp|Q8N271|PROM2_HUMAN:sp|Q63HN1|S31F2_HUMAN:sp|Q13607|OR2F1_HUMAN:sp|Q5VSL9|STRP1_HUMAN:sp|Q8N163|CCAR2_HUMAN:sp|Q5RL73|RBM48_HUMAN:sp|P43155|CACP_HUMAN:sp|Q14690|RRP5_HUMAN:sp|Q7Z401|MYCPP_HUMAN:sp|Q9NYV4|CDK12_HUMAN:sp|Q8IY92|SLX4_HUMAN:sp|P04843|RPN1_HUMAN:sp|Q9P2J8|ZN624_HUMAN:sp|A0A0U1RR11|CENL1_HUMAN:sp|P07550|ADRB2_HUMAN:sp|Q96R72|OR4K3_HUMAN:sp|Q8N539|FBCD1_HUMAN:sp|O43345|ZN208_HUMAN:sp|P56524|HDAC4_HUMAN:sp|P13611|CSPG2_HUMAN:sp|O15440|MRP5_HUMAN,DeepNovo
T(+42.01)VTGHRAL,35.22,895.4875,8,50.0,8,1.3,448.75165,2,29.5181,5.2181,0.70,11128,HFX193_IPP292_GEL_CRC_324_Even.raw,5.74E6,3.95E7,2,2,2,2,"Acetylation (N-term)",,0 0 26 20 7 1 1 5,T(+42.01)VTGHRAL,sp|A6NHY2|AKD1B_HUMAN:sp|Q8WYQ9|ZCH14_HUMAN:sp|O15031|PLXB2_HUMAN:sp|P35613|BASI_HUMAN:sp|P13985|HRES1_HUMAN:sp|F5GYI3|UBA1L_HUMAN:sp|Q9HAU0|PKHA5_HUMAN:sp|Q9UHP6|RSP14_HUMAN:sp|Q99623|PHB2_HUMAN:sp|Q9BW66|CINP_HUMAN:sp|Q9NXA8|SIR5_HUMAN:sp|Q8WV16|DCAF4_HUMAN:sp|Q8NHY6|ZFP28_HUMAN:sp|P80108|PHLD_HUMAN:sp|Q6ZU45|CL20A_HUMAN:sp|Q969M2|CXA10_HUMAN,DeepNovo
T(+42.01)VTLKLVAK,21.95,1013.6484,9,66.7,9,0.7,507.83188,2,45.5890,-40.9110,0.14,17656,HFX193_IPP292_GEL_CRC_324_Even.raw,1.53E5,1.67E6,1,1,1,1,"Acetylation (N-term)",,0 0 0 3 3 3 5 3 3,T(+42.01)VTLKLVAK,sp|O75840|KLF7_HUMAN,DB Search
T(+42.01)VTRYAPEGGPTKSC(+119.00),87.44,1726.7654,15,60.0,15,2.2,576.59705,3,42.9731,3.3731,0.51,16575,HFX193_IPP292_GEL_CRC_324_Odd.raw,7.31E5,3.74E6,1,1,1,1,"Acetylation (N-term);Cysteinylation",,0 0 4 0 0 2 5 5 0 0 8 7 4 3 3,T(+42.01)VTRYAPEGGPTKSC(+119.00),sp|Q9NZJ0|DTL_HUMAN:sp|P59923|ZN445_HUMAN:sp|C9JTQ0|ANR63_HUMAN:sp|A5PKW4|PSD1_HUMAN:sp|Q5VT52|RPRD2_HUMAN:sp|Q96F45|ZN503_HUMAN:sp|Q8IVN3|MSTN1_HUMAN:sp|Q15057|ACAP2_HUMAN:sp|P09603|CSF1_HUMAN:sp|Q02388|CO7A1_HUMAN:sp|Q13571|LAPM5_HUMAN:sp|P01189|COLI_HUMAN:sp|P04062|GBA1_HUMAN:sp|A0AVK6|E2F8_HUMAN:sp|O43157|PLXB1_HUMAN:sp|Q96C74|ROP1L_HUMAN:sp|Q63HN8|RN213_HUMAN:sp|Q58EX7|PKHG4_HUMAN:sp|Q16587|ZNF74_HUMAN:sp|Q5JPB2|ZN831_HUMAN:sp|Q9NTJ4|MA2C1_HUMAN:sp|O95886|DLGP3_HUMAN:sp|Q6Y7W6|GGYF2_HUMAN:sp|Q7L9B9|EEPD1_HUMAN:sp|Q6NTF9|RHBD2_HUMAN:sp|P11836|CD20_HUMAN:sp|Q96P50|ACAP3_HUMAN:sp|O94972|TRI37_HUMAN:sp|Q8NFD5|ARI1B_HUMAN:sp|P00451|FA8_HUMAN:sp|Q6ZRI0|OTOG_HUMAN:sp|Q9UJQ4|SALL4_HUMAN:sp|Q9NYV4|CDK12_HUMAN:sp|Q96EE3|SEH1_HUMAN:sp|O00230|CORT_HUMAN:sp|Q96L91|EP400_HUMAN:sp|O94916|NFAT5_HUMAN:sp|Q09472|EP300_HUMAN:sp|Q14694|UBP10_HUMAN:sp|Q8IWI9|MGAP_HUMAN:sp|Q9NRS6|SNX15_HUMAN:sp|Q9UPA5|BSN_HUMAN:sp|Q6DT37|MRCKG_HUMAN:sp|Q9ULI4|KI26A_HUMAN:sp|Q8N9E0|F133A_HUMAN:sp|P18621|RL17_HUMAN:sp|Q6ZWJ8|KCP_HUMAN,DeepNovo
V(+42.01)GGGGF,10.28,534.2438,6,33.3,6,0.1,535.25110,1,69.6020,4.3020,0.16,27637,HFX193_IPP292_GEL_CRC_324_Even.raw,4.79E6,1.74E6,4,4,1,1,"Acetylation (N-term)",,0 0 0 0 22 5,V(+42.01)GGGGF,sp|Q5TGY3|AHDC1_HUMAN,DB Search
V(+42.01)GIHPSKVVITRLK,10.16,1587.9824,14,7.1,14,2.9,530.33630,3,22.8275,-37.5725,0.07,8371,HFX193_IPP292_GEL_CRC_324_Even.raw,1.34E5,8.81E5,1,1,1,1,"Acetylation (N-term)",,0 0 0 0 0 0 0 0 0 0 0 0 0 3,V(+42.01)GIHPSKVVITRLK,sp|Q9UNX3|RL26L_HUMAN:sp|P61254|RL26_HUMAN,DB Search
V(+42.01)GKKLSEV,28.65,900.5280,8,87.5,8,1.2,451.27182,2,45.8250,14.9250,0.46,17750,HFX193_IPP292_GEL_CRC_324_Odd.raw,6.37E5,4.84E6,1,1,1,1,"Acetylation (N-term)",,5 2 0 9 16 4 3 5,V(+42.01)GKKLSEV,sp|Q96CN9|GCC1_HUMAN:sp|Q8IY37|DHX37_HUMAN:sp|Q99618|CDCA3_HUMAN:sp|Q17RS7|GEN_HUMAN:sp|P52701|MSH6_HUMAN:sp|Q9H987|SYP2L_HUMAN:sp|Q8IX94|CTGE4_HUMAN:sp|Q93009|UBP7_HUMAN:sp|Q9Y4E1|WAC2C_HUMAN:sp|P12270|TPR_HUMAN:sp|Q6I9Y2|THOC7_HUMAN:sp|P20929|NEBU_HUMAN:sp|Q6J9G0|STYK1_HUMAN:sp|P50452|SPB8_HUMAN:sp|Q96RS0|TGS1_HUMAN:sp|P41227|NAA10_HUMAN:sp|P0CG41|CTGE8_HUMAN:sp|Q13315|ATM_HUMAN:sp|Q9NQR4|NIT2_HUMAN:sp|O00292|LFTY2_HUMAN:sp|Q86UF2|CTGE6_HUMAN:sp|Q9HBG4|VPP4_HUMAN:sp|Q9BVS5|TR61B_HUMAN:sp|P51532|SMCA4_HUMAN:sp|P52951|GBX2_HUMAN:sp|Q6Q759|SPG17_HUMAN:sp|A4D2H0|CTGEF_HUMAN:sp|O95231|VENTX_HUMAN:sp|Q641Q2|WAC2A_HUMAN:sp|Q9H583|HEAT1_HUMAN:sp|A4FU28|CTGE9_HUMAN:sp|Q14BN4|SLMAP_HUMAN:sp|Q5TBA9|FRY_HUMAN:sp|Q02224|CENPE_HUMAN:sp|Q8NCF5|NF2IP_HUMAN:sp|Q14549|GBX1_HUMAN:sp|O75175|CNOT3_HUMAN:sp|O95625|ZBT11_HUMAN:sp|P11182|ODB2_HUMAN:sp|Q14978|NOLC1_HUMAN:sp|Q9Y2G0|EFR3B_HUMAN:sp|Q13323|BIK_HUMAN:sp|Q5VZK9|CARL1_HUMAN:sp|Q14011|CIRBP_HUMAN:sp|P42224|STAT1_HUMAN:sp|P50749|RASF2_HUMAN:sp|Q96RT6|CTGE2_HUMAN:sp|Q13488|VPP3_HUMAN:tr|A0A2R8YE69|A0A2R8YE69_HUMAN:sp|Q96M15|IFAS1_HUMAN:sp|Q8N357|S35F6_HUMAN:sp|Q92772|CDKL2_HUMAN:sp|Q96PC5|MIA2_HUMAN:sp|Q6UB99|ANR11_HUMAN:sp|Q96NG3|ODAD4_HUMAN:sp|P51531|SMCA2_HUMAN:sp|Q9UI17|M2GD_HUMAN:sp|Q93050|VPP1_HUMAN:sp|D6RIA3|CD054_HUMAN:sp|Q09472|EP300_HUMAN:sp|Q9BSU3|NAA11_HUMAN:sp|O95477|ABCA1_HUMAN,DeepNovo
V(+42.01)GPPPPPHHL,47.26,1088.5767,10,60.0,10,1.5,363.86673,3,28.3933,-13.5067,0.59,10631,HFX193_IPP292_GEL_CRC_324_Even.raw,6.98E7,2.95E8,5,5,5,5,"Acetylation (N-term)",,0 0 0 0 32 38 22 22 9 5,V(+42.01)GPPPPPHHL,sp|Q96PE2|ARHGH_HUMAN:sp|Q8IX94|CTGE4_HUMAN:sp|Q9Y6N7|ROBO1_HUMAN:sp|P42858|HD_HUMAN:sp|Q9UQF2|JIP1_HUMAN:sp|P35968|VGFR2_HUMAN:sp|A2RU30|TESP1_HUMAN:sp|Q6ZRS2|SRCAP_HUMAN:sp|O14556|G3PT_HUMAN:sp|Q5TC82|RC3H1_HUMAN:sp|Q99640|PMYT1_HUMAN:sp|Q5VWI1|TCRGL_HUMAN:sp|Q9GZU1|MCLN1_HUMAN:sp|Q9UKZ4|TEN1_HUMAN:sp|Q9H254|SPTN4_HUMAN:sp|Q8N3Y3|LARG2_HUMAN:sp|O14669|TMG2_HUMAN:sp|Q5VSG8|MANEL_HUMAN:sp|Q01101|INSM1_HUMAN:sp|P42768|WASP_HUMAN:sp|Q2VWA4|SKOR2_HUMAN:sp|Q8IX07|FOG1_HUMAN:sp|Q8NFD5|ARI1B_HUMAN:sp|Q7Z6E9|RBBP6_HUMAN:MARCKS_DEL_A-p.K155Rfs*12_::chr6:113859534-113860534_frame=2:sp|O15265|ATX7_HUMAN:sp|P04196|HRG_HUMAN:sp|Q9Y2H0|DLGP4_HUMAN:sp|Q9ULI4|KI26A_HUMAN:sp|Q8IZL8|PELP1_HUMAN:sp|Q9NX05|F120C_HUMAN:sp|Q9Y5A9|YTHD2_HUMAN:TVP23A_DEL_A-p.F140Lfs*7_::chr16:10772846-10773846_frame=3:MARCKS_DEL_A-p.K155Rfs*12_::chr6:113859534-113860534_frame=-3:sp|A6NE52|WDR97_HUMAN:sp|Q14687|GSE1_HUMAN:sp|P14866|HNRPL_HUMAN:sp|Q9HAH7|FBRS_HUMAN:sp|Q8N461|FXL16_HUMAN:sp|Q86UU5|GGN_HUMAN:sp|Q63HR2|TENS2_HUMAN:sp|O95359|TACC2_HUMAN:sp|Q9BYN7|ZN341_HUMAN:sp|Q92558|WASF1_HUMAN:sp|A6NMB9|FIGL2_HUMAN:sp|O60583|CCNT2_HUMAN:sp|Q5VWQ8|DAB2P_HUMAN:sp|Q08499|PDE4D_HUMAN:sp|Q3MIP1|IPIL2_HUMAN:sp|Q641Q3|METRL_HUMAN:sp|O15054|KDM6B_HUMAN:sp|Q8N9B5|JMY_HUMAN:sp|Q99626|CDX2_HUMAN:sp|P11532|DMD_HUMAN:sp|Q86U86|PB1_HUMAN:sp|A6NHT5|HMX3_HUMAN:sp|Q9UQB3|CTND2_HUMAN:sp|A7XYQ1|SOBP_HUMAN:sp|P78337|PITX1_HUMAN:sp|Q8IXQ3|CI040_HUMAN:sp|O60216|RAD21_HUMAN:sp|Q96CT2|KLH29_HUMAN:sp|O75949|NALF2_HUMAN:NDUFC2_DEL_AA-p.F69Cfs*9_::chr11:78072601-78073602_frame=-1:sp|Q8WUP2|FBLI1_HUMAN:ENO4_DEL_A-p.K207Rfs*32_::chr10:116858617-116859617_frame=2:SETD1B_DEL_C-p.H8Tfs*27_::chr12:121804252-121805252_frame=-3:sp|P56270|MAZ_HUMAN:sp|O00401|WASL_HUMAN:sp|Q9BYB0|SHAN3_HUMAN:sp|Q9H0K1|SIK2_HUMAN:sp|A0A494C0Y3|F246A_HUMAN:sp|Q96D31|CRCM1_HUMAN:sp|Q15390|MTFR1_HUMAN:TCF7L2_DEL_A-p.K485Sfs*23_::chr10:113165058-113166058_frame=2:sp|Q9UPR6|ZFR2_HUMAN:sp|Q9Y6J3|SMA5O_HUMAN:sp|Q9BTC0|DIDO1_HUMAN:sp|Q8TE59|ATS19_HUMAN:sp|Q92858|ATOH1_HUMAN:sp|Q9Y4D1|DAAM1_HUMAN:sp|Q3C1V1|CK091_HUMAN:sp|A8MWX3|WASH4_HUMAN:sp|Q3KQU3|MA7D1_HUMAN:SETD1B_DEL_C-p.H8Tfs*27_::chr12:121804252-121805252_frame=1:sp|Q9C0C7|AMRA1_HUMAN:sp|P14652|HXB2_HUMAN:sp|Q86TG7|PEG10_HUMAN:sp|O75420|GGYF1_HUMAN:sp|P05412|JUN_HUMAN:sp|Q9UKV3|ACINU_HUMAN:sp|P46531|NOTC1_HUMAN:sp|Q9UJ14|GGT7_HUMAN:sp|P09017|HXC4_HUMAN:sp|Q96S59|RANB9_HUMAN:sp|O95466|FMNL1_HUMAN:sp|A7KAX9|RHG32_HUMAN:sp|Q14934|NFAC4_HUMAN:sp|Q14003|KCNC3_HUMAN:sp|Q86Y13|DZIP3_HUMAN:sp|O00268|TAF4_HUMAN:sp|Q99590|SCAFB_HUMAN:sp|Q6ZMT4|KDM7A_HUMAN:sp|O60942|MCE1_HUMAN:sp|O75864|PPR37_HUMAN:TCF7L2_DEL_A-p.K485Sfs*23_::chr10:113165058-113166058_frame=3:sp|P20264|PO3F3_HUMAN:sp|Q15233|NONO_HUMAN:sp|P31277|HXD11_HUMAN:sp|Q03111|ENL_HUMAN:sp|P35790|CHKA_HUMAN:sp|P31948|STIP1_HUMAN:sp|O94910|AGRL1_HUMAN:sp|Q9UPY6|WASF3_HUMAN:sp|O15117|FYB1_HUMAN:sp|Q9NQX0|PRDM6_HUMAN:sp|P49137|MAPK2_HUMAN:sp|Q9C0B9|ZCHC2_HUMAN:sp|P35663|CYLC1_HUMAN:sp|Q9BXK1|KLF16_HUMAN,DeepNovo
V(+42.01)GRKGPPL,35.95,864.5181,8,37.5,8,1.7,433.26706,2,28.8551,-5.9449,0.51,10843,HFX193_IPP292_GEL_CRC_324_Even.raw,8.79E6,4.6E7,1,1,1,1,"Acetylation (N-term)",,0 0 0 0 0 19 10 5,V(+42.01)GRKGPPL,,DeepNovo
V(+42.01)HHTVLADALK,64.05,1244.6877,11,81.8,11,3.5,415.90463,3,43.1812,-15.0188,0.69,16671,HFX193_IPP292_GEL_CRC_324_Odd.raw,2.54E6,1.27E7,2,2,2,2,"Acetylation (N-term)",,0 0 3 11 59 76 29 27 18 18 5,V(+42.01)HHTVLADALK,sp|Q9UQB9|AURKC_HUMAN:sp|Q9NVN8|GNL3L_HUMAN:sp|Q9P2F6|RHG20_HUMAN:sp|P35503|UD13_HUMAN:sp|P22309|UD11_HUMAN:sp|Q96BI3|APH1A_HUMAN:sp|B7ZC32|KIF28_HUMAN:sp|Q8TCZ2|C99L2_HUMAN:sp|P62244|RS15A_HUMAN:sp|Q5T011|SZT2_HUMAN:sp|O60397|COX7S_HUMAN:sp|P37268|FDFT_HUMAN:sp|P00352|AL1A1_HUMAN:sp|Q8IYJ2|CJ067_HUMAN:sp|Q8IXS6|PALM2_HUMAN:sp|Q7RTR2|NLRC3_HUMAN:sp|Q9UDX5|MTFP1_HUMAN:sp|Q14651|PLSI_HUMAN:sp|O75808|CAN15_HUMAN:sp|O75122|CLAP2_HUMAN:sp|Q9NXL9|MCM9_HUMAN:sp|P35125|UBP6_HUMAN:sp|Q8IUF1|ZNG1B_HUMAN:sp|P78363|ABCA4_HUMAN:sp|Q6ZWT7|MBOA2_HUMAN:sp|Q9Y6N5|SQOR_HUMAN:sp|Q13769|THOC5_HUMAN:sp|O94812|BAIP3_HUMAN:sp|A2A3N6|PIPSL_HUMAN:sp|P02545|LMNA_HUMAN:sp|Q8IZL8|PELP1_HUMAN:sp|Q6ZVL6|K154L_HUMAN:sp|P19113|DCHS_HUMAN:sp|Q8NGR1|O13A1_HUMAN:sp|P21359|NF1_HUMAN:sp|Q9BRT8|ZNG1A_HUMAN:sp|Q969Q1|TRI63_HUMAN:sp|Q9C0E4|GRIP2_HUMAN:sp|P35372|OPRM_HUMAN:sp|Q9P2S2|NRX2A_HUMAN:sp|Q92576|PHF3_HUMAN:sp|P55808|XG_HUMAN:sp|Q9HAW7|UD17_HUMAN:sp|Q13217|DNJC3_HUMAN:sp|P54750|PDE1A_HUMAN:sp|O95359|TACC2_HUMAN:sp|Q9UG63|ABCF2_HUMAN:sp|Q8N9R8|SCAI_HUMAN:sp|Q9BT81|SOX7_HUMAN:sp|Q9GZS0|DNAI2_HUMAN:sp|Q96RP7|G3ST4_HUMAN:sp|P41143|OPRD_HUMAN:sp|Q9BXP2|S12A9_HUMAN:sp|Q2TAZ0|ATG2A_HUMAN:sp|Q9ULT6|ZNRF3_HUMAN:sp|P28838|AMPL_HUMAN:sp|Q8NFM7|I17RD_HUMAN:sp|Q8IYS2|K2013_HUMAN:sp|P52294|IMA5_HUMAN:sp|P22310|UD14_HUMAN:sp|Q6JQN1|ACD10_HUMAN:sp|Q96HW7|INT4_HUMAN:sp|Q5FVE4|ACBG2_HUMAN:sp|O94856|NFASC_HUMAN:sp|O43566|RGS14_HUMAN:sp|Q6NUQ1|RINT1_HUMAN:sp|Q7Z3J2|VP35L_HUMAN:sp|Q9BV73|CP250_HUMAN:sp|Q9HAW8|UD110_HUMAN:sp|P78563|RED1_HUMAN:sp|P35504|UD15_HUMAN:sp|P27816|MAP4_HUMAN:sp|A6ND36|FA83G_HUMAN:sp|Q15836|VAMP3_HUMAN:sp|Q9H008|LHPP_HUMAN:sp|Q6VEQ5|WASH2_HUMAN:sp|P20807|CAN3_HUMAN:sp|Q96GD4|AURKB_HUMAN:sp|A8K0Z3|WASH1_HUMAN:sp|Q9H2D6|TARA_HUMAN:sp|Q8NDC0|MISSL_HUMAN:sp|P08670|VIME_HUMAN:sp|P30291|WEE1_HUMAN:sp|A6NI15|MSGN1_HUMAN:sp|Q8WZ04|TOMT_HUMAN:sp|P30837|AL1B1_HUMAN:sp|Q8NFA0|UBP32_HUMAN:sp|H7BZ55|CRCC2_HUMAN:sp|Q9BZG1|RAB34_HUMAN:sp|Q9HAW9|UD18_HUMAN:sp|C4AMC7|WASH3_HUMAN:sp|O75448|MED24_HUMAN:sp|Q5MNV8|FBX47_HUMAN:sp|P27986|P85A_HUMAN:sp|A7E2Y1|MYH7B_HUMAN:sp|P11172|UMPS_HUMAN:sp|P46060|RAGP1_HUMAN:sp|Q8ND25|ZNRF1_HUMAN:sp|P33032|MC5R_HUMAN:sp|Q9H892|TTC12_HUMAN:sp|P06133|UD2B4_HUMAN:sp|Q9GZP0|PDGFD_HUMAN:sp|Q96MS0|ROBO3_HUMAN:sp|Q6WBX8|RAD9B_HUMAN:sp|Q8N4Z0|RAB42_HUMAN:sp|Q12894|IFRD2_HUMAN:sp|Q92585|MAML1_HUMAN:sp|P55036|PSMD4_HUMAN:sp|Q92800|EZH1_HUMAN:sp|Q9BZ71|PITM3_HUMAN:sp|B5MCY1|TDR15_HUMAN:tr|C9JA33|C9JA33_HUMAN:sp|P54855|UDB15_HUMAN:sp|Q8NH69|OR5W2_HUMAN:sp|Q7Z443|PK1L3_HUMAN:sp|Q7Z460|CLAP1_HUMAN:sp|Q13835|PKP1_HUMAN:sp|Q9HCG7|GBA2_HUMAN:sp|Q9UH90|FBX40_HUMAN:sp|P55160|NCKPL_HUMAN,DeepNovo
V(+42.01)HPKGGGKLLRLLK,73.99,1556.9878,14,42.9,14,0.7,390.25449,4,43.2331,-2.2669,0.27,16712,HFX193_IPP292_GEL_CRC_324_Odd.raw,2.04E6,1.12E7,2,2,2,2,"Acetylation (N-term)",,0 0 0 0 11 0 0 17 45 9 0 0 4 5,V(+42.01)HPKGGGKLLRLLK,sp|Q96JB8|MPP4_HUMAN:sp|P42858|HD_HUMAN:sp|Q6UXZ4|UNC5D_HUMAN:sp|Q6ZRS2|SRCAP_HUMAN:sp|Q6PIW4|FIGL1_HUMAN:sp|O94993|SOX30_HUMAN:sp|Q9UKZ4|TEN1_HUMAN:sp|P17568|NDUB7_HUMAN:sp|Q8N5U0|CK042_HUMAN:sp|Q96F10|SAT2_HUMAN:sp|Q9NPH9|IL26_HUMAN:sp|Q6L8Q7|PDE12_HUMAN:sp|O00442|RTCA_HUMAN:sp|Q96LB2|MRGX1_HUMAN:sp|Q32NB8|PGPS1_HUMAN:sp|P21281|VATB2_HUMAN:sp|Q6V1X1|DPP8_HUMAN:sp|O76027|ANXA9_HUMAN:sp|P25101|EDNRA_HUMAN:sp|Q8N9N7|LRC57_HUMAN:sp|Q8TEL6|TP4AP_HUMAN:sp|Q9Y2K7|KDM2A_HUMAN:sp|Q9UPM8|AP4E1_HUMAN:sp|Q14D04|MELT_HUMAN:sp|Q709C8|VP13C_HUMAN:sp|P04196|HRG_HUMAN:sp|Q7Z3Z3|PIWL3_HUMAN:sp|P39086|GRIK1_HUMAN:sp|O95259|KCNH1_HUMAN:sp|Q15102|PA1B3_HUMAN:sp|Q587J7|TDR12_HUMAN:sp|Q92890|UFD1_HUMAN:sp|Q96RW7|HMCN1_HUMAN:sp|P21359|NF1_HUMAN:sp|Q86Y56|DAAF5_HUMAN:sp|A6NE52|WDR97_HUMAN:sp|Q6ZMB5|T184A_HUMAN:sp|Q05823|RN5A_HUMAN:sp|P58658|EVA1C_HUMAN:sp|Q9P1Y6|PHRF1_HUMAN:sp|A4D1E9|GTPBA_HUMAN:sp|Q96P20|NLRP3_HUMAN:sp|Q495B1|AKD1A_HUMAN:sp|Q8N1K5|THMS1_HUMAN:sp|Q9GZY0|NXF2_HUMAN:sp|Q13009|TIAM1_HUMAN:sp|Q8IY17|PLPL6_HUMAN:sp|Q86UD5|SL9B2_HUMAN:sp|P18124|RL7_HUMAN:sp|Q9Y2F5|ICE1_HUMAN:sp|O43734|CIKS_HUMAN:NDUFC2_DEL_AA-p.F69Cfs*9_::chr11:78072601-78073602_frame=2:sp|A8MT33|SYC1L_HUMAN:sp|Q8WZA2|RPGF4_HUMAN:sp|Q9Y6F7|CDY2_HUMAN:sp|P23415|GLRA1_HUMAN:sp|Q14690|RRP5_HUMAN:sp|O96011|PX11B_HUMAN:sp|P38567|HYALP_HUMAN:sp|Q9ULD8|KCNH3_HUMAN:sp|O15054|KDM6B_HUMAN:sp|Q96R54|O14A2_HUMAN:sp|Q9NRM6|I17RB_HUMAN:sp|Q15311|RBP1_HUMAN:NDUFC2_DEL_AA-p.F69Cfs*9_::chr11:78072601-78073602_frame=-1:sp|Q9Y4A8|NF2L3_HUMAN:sp|Q9Y6F8|CDY1_HUMAN:sp|P47869|GBRA2_HUMAN:sp|Q8N5V2|NGEF_HUMAN:sp|Q96EK2|PF21B_HUMAN:sp|Q9C091|GRB1L_HUMAN:sp|O94973|AP2A2_HUMAN:sp|Q9P2M7|CING_HUMAN:sp|Q9UQ05|KCNH4_HUMAN:sp|Q96I99|SUCB2_HUMAN:sp|P49448|DHE4_HUMAN:sp|Q16644|MAPK3_HUMAN:sp|Q9NRC6|SPTN5_HUMAN:sp|P78385|KRT83_HUMAN:sp|Q5JUX0|SPIN3_HUMAN:sp|O75618|DEDD_HUMAN:sp|O14764|GBRD_HUMAN:sp|Q8TAZ6|CKLF2_HUMAN:sp|Q15070|OXA1L_HUMAN:sp|P35243|RECO_HUMAN:sp|P0CB48|UBFL6_HUMAN:sp|P47872|SCTR_HUMAN:sp|O95436|NPT2B_HUMAN:sp|Q6NW34|NEPRO_HUMAN:sp|O95782|AP2A1_HUMAN:sp|Q9Y2B4|T53G5_HUMAN:sp|B5ME19|EIFCL_HUMAN:sp|P31644|GBRA5_HUMAN:sp|Q5SRH9|TT39A_HUMAN:sp|O95466|FMNL1_HUMAN:sp|P42356|PI4KA_HUMAN:sp|Q5BJE1|CC178_HUMAN:MNS1_DEL_TT-p.K202Afs*5_::chr15:56444025-56445026_frame=1:sp|Q15652|JHD2C_HUMAN:sp|A0A087WVF3|TBC3D_HUMAN:sp|Q9Y3F4|STRAP_HUMAN:sp|Q9Y2L1|RRP44_HUMAN:sp|P52798|EFNA4_HUMAN:sp|O60721|NCKX1_HUMAN:sp|Q9H2U2|IPYR2_HUMAN:sp|Q8NDW8|TT21A_HUMAN:sp|Q86UK0|ABCAC_HUMAN:sp|Q9Y238|DLEC1_HUMAN:sp|Q9Y623|MYH4_HUMAN:sp|Q86X27|RGPS2_HUMAN:sp|P14778|IL1R1_HUMAN:sp|Q9NQH7|XPP3_HUMAN:sp|Q9H720|PG2IP_HUMAN:sp|Q9UBK8|MTRR_HUMAN:sp|Q63HQ2|EGFLA_HUMAN:sp|Q7Z422|SZRD1_HUMAN:sp|Q6NSI4|RADX_HUMAN:sp|Q8N8Q3|ENDOV_HUMAN:sp|Q14721|KCNB1_HUMAN:sp|Q9UER7|DAXX_HUMAN,DeepNovo
V(+42.01)HVRKLFPR,32.47,1192.7192,9,44.4,9,-2.8,398.57925,3,41.0772,4.4772,0.12,15948,HFX193_IPP292_GEL_CRC_324_Even.raw,1.4E6,5.04E6,1,1,1,1,"Acetylation (N-term)",,0 0 0 3 2 5 3 1 1,V(+42.01)HVRKLFPR,sp|Q9BTW9|TBCD_HUMAN:sp|Q03112|MECOM_HUMAN:sp|P35475|IDUA_HUMAN:sp|Q5MJ70|SPDYA_HUMAN:sp|Q8NGR1|O13A1_HUMAN:sp|Q6NVV9|ADAM5_HUMAN:sp|Q7Z5W3|BN3D2_HUMAN:sp|Q8N8H1|ZN321_HUMAN:sp|Q8N5C1|CAHM5_HUMAN:sp|Q5THR3|EFCB6_HUMAN:sp|P82933|RT09_HUMAN:sp|Q96MY7|F161B_HUMAN:sp|Q13163|MP2K5_HUMAN:sp|Q9H4Y5|GSTO2_HUMAN:sp|Q8N0Y5|OR8I2_HUMAN:sp|Q9HAZ2|PRD16_HUMAN:sp|Q5VZK9|CARL1_HUMAN:sp|Q9Y4A5|TRRAP_HUMAN:sp|Q96NH3|BROMI_HUMAN:sp|Q13615|MTMR3_HUMAN:sp|O75342|LX12B_HUMAN:sp|Q13164|MK07_HUMAN:sp|O15264|MK13_HUMAN:sp|Q8IWV7|UBR1_HUMAN:sp|Q17RY6|LY6K_HUMAN:sp|Q8TCI5|PIFO_HUMAN:sp|O43824|GTPB6_HUMAN:sp|Q5T749|KPRP_HUMAN:sp|Q3T906|GNPTA_HUMAN:sp|Q08828|ADCY1_HUMAN:sp|Q9Y4K4|M4K5_HUMAN:sp|Q8IVH8|M4K3_HUMAN:sp|A2VEC9|SSPO_HUMAN:sp|Q9ULK0|GRID1_HUMAN:sp|P13942|COBA2_HUMAN:sp|P49842|STK19_HUMAN:sp|Q8TAW3|ZN671_HUMAN,DeepNovo
V(+42.01)HVRKLPRF,39.67,1192.7192,9,66.7,9,-4.3,398.57864,3,41.2626,2.7626,0.23,15983,HFX193_IPP292_GEL_CRC_324_Odd.raw,2.38E6,7.87E6,1,1,1,1,"Acetylation (N-term)",,0 0 0 6 4 9 2 2 5,V(+42.01)HVRKLPRF,sp|Q86XA9|HTR5A_HUMAN:sp|Q8NHW4|CC4L_HUMAN:sp|Q96EB1|ELP4_HUMAN:sp|Q10570|CPSF1_HUMAN:sp|Q7Z6I6|RHG30_HUMAN:sp|Q8TE73|DYH5_HUMAN:sp|Q2NKQ1|SGSM1_HUMAN:sp|O75051|PLXA2_HUMAN:sp|Q6ZMY3|SPOC1_HUMAN:sp|Q9NX62|IMPA3_HUMAN:sp|Q6NX45|ZN774_HUMAN:sp|Q9Y320|TMX2_HUMAN:sp|Q56UN5|M3K19_HUMAN:sp|Q08AF3|SLFN5_HUMAN:sp|P28331|NDUS1_HUMAN:sp|Q9BV68|RN126_HUMAN:sp|Q92831|KAT2B_HUMAN:sp|Q9BXC9|BBS2_HUMAN:sp|Q9NRD9|DUOX1_HUMAN:sp|Q15418|KS6A1_HUMAN:sp|Q9BUR4|TCAB1_HUMAN:sp|Q12864|CAD17_HUMAN:sp|Q92830|KAT2A_HUMAN:sp|P16519|NEC2_HUMAN:sp|Q58EX2|SDK2_HUMAN:sp|Q9UPP1|PHF8_HUMAN:sp|O75326|SEM7A_HUMAN:sp|Q52LW3|RHG29_HUMAN:sp|Q9H1D0|TRPV6_HUMAN:sp|P49593|PPM1F_HUMAN:sp|Q96CQ1|S2536_HUMAN:sp|Q8IVF4|DYH10_HUMAN:sp|P28335|5HT2C_HUMAN:sp|Q68D42|TM215_HUMAN:sp|Q06187|BTK_HUMAN:sp|O43529|CHSTA_HUMAN:sp|Q49A88|CCD14_HUMAN:sp|Q8N4B5|PRR18_HUMAN:sp|Q9Y4L5|RN115_HUMAN:sp|Q12894|IFRD2_HUMAN:sp|P57075|UBS3A_HUMAN:sp|Q9Y2D0|CAH5B_HUMAN:sp|Q8TF42|UBS3B_HUMAN:sp|Q5JRX3|PREP_HUMAN:sp|Q8NA56|TTC29_HUMAN:sp|Q96CM3|RUSD4_HUMAN:sp|Q9H4Z2|ZN335_HUMAN:sp|Q96P11|NSUN5_HUMAN:sp|Q6IWH7|ANO7_HUMAN:sp|P53634|CATC_HUMAN:sp|Q5VST9|OBSCN_HUMAN:sp|Q8IWY8|ZSC29_HUMAN:sp|Q9GZR1|SENP6_HUMAN:sp|Q9NQA5|TRPV5_HUMAN:sp|O75325|LRRN2_HUMAN:sp|Q9BZ72|PITM2_HUMAN:sp|P13236|CCL4_HUMAN:sp|Q96BY6|DOC10_HUMAN:sp|P17301|ITA2_HUMAN,DeepNovo
V(+42.01)KAHPPATL,22.15,974.5549,9,44.4,9,0.3,488.28488,2,38.5118,5.8118,0.09,14790,HFX193_IPP292_GEL_CRC_324_Odd.raw,5.94E5,3.55E6,1,1,1,1,"Acetylation (N-term)",,0 0 70 10 10 0 0 1 2,V(+42.01)KAHPPATL,,DeepNovo
V(+42.01)KAKPFPLK,23.58,1068.6696,9,55.6,9,-1.9,357.22977,3,54.9730,14.4730,0.32,21363,HFX193_IPP292_GEL_CRC_324_Even.raw,1.39E5,1.1E6,1,1,1,1,"Acetylation (N-term)",,0 0 2 13 8 1 1 2 2,V(+42.01)KAKPFPLK,sp|Q6ZV70|LANC3_HUMAN:sp|P78559|MAP1A_HUMAN:sp|O94929|ABLM3_HUMAN:sp|Q96R69|OR4F4_HUMAN:sp|P48357|LEPR_HUMAN:sp|Q2KHT3|CL16A_HUMAN:sp|Q8NGA8|O4F17_HUMAN:sp|Q5VVP1|S31A6_HUMAN:sp|A6NE52|WDR97_HUMAN:sp|Q5W0Z9|ZDH20_HUMAN:sp|O95602|RPA1_HUMAN:sp|Q96DR7|ARHGQ_HUMAN:sp|Q8NH21|OR4F5_HUMAN:sp|Q5VU36|S31A5_HUMAN:sp|Q9UIG0|BAZ1B_HUMAN:sp|Q8N7E2|CBLL2_HUMAN:sp|Q8WZ42|TITIN_HUMAN:sp|Q15661|TRYB1_HUMAN:sp|Q5TZJ5|S31A1_HUMAN:sp|Q8IWB4|S31A7_HUMAN:sp|Q6PIS1|S23A3_HUMAN:sp|O43913|ORC5_HUMAN:sp|Q5VYP0|S31A3_HUMAN:sp|P20231|TRYB2_HUMAN:sp|Q99684|GFI1_HUMAN:sp|O14512|SOCS7_HUMAN:sp|Q8IY21|DDX60_HUMAN:sp|B4DYI2|S31C2_HUMAN:TVP23A_DEL_A-p.F140Lfs*7_::chr16:10772846-10773846_frame=-2:sp|P0DKV0|S31C1_HUMAN:sp|Q96G42|KLD7B_HUMAN:sp|Q9NZB2|F120A_HUMAN:PDS5B_DEL_A-p.N1390Mfs*4_::chr13:32770250-32771250_frame=2:sp|Q96SY0|INT14_HUMAN:sp|Q96JE7|SC16B_HUMAN:sp|Q00722|PLCB2_HUMAN:sp|P15374|UCHL3_HUMAN,DeepNovo
V(+42.01)KASDGSSLDRV,66.02,1274.6466,12,50.0,12,-1.0,425.88904,3,46.4971,6.7970,0.50,18018,HFX193_IPP292_GEL_CRC_324_Odd.raw,9.09E5,4.9E6,1,1,1,1,"Acetylation (N-term)",,0 0 49 47 0 0 0 0 90 43 6 5,V(+42.01)KASDGSSLDRV,sp|Q9Y4L1|HYOU1_HUMAN:sp|Q5HYI8|RABL3_HUMAN:sp|Q9Y285|SYFA_HUMAN:sp|Q9P1Z9|CC180_HUMAN:sp|P49641|MA2A2_HUMAN:sp|Q9NVE7|PANK4_HUMAN:sp|P82094|TMF1_HUMAN:sp|Q14566|MCM6_HUMAN:sp|Q8WXG9|AGRV1_HUMAN:sp|Q96M42|CU129_HUMAN,DeepNovo
V(+42.01)KHSVEHVL,28.29,1088.5978,9,55.6,9,2.3,545.30743,2,36.5443,9.8443,0.25,13991,HFX193_IPP292_GEL_CRC_324_Odd.raw,2.48E6,1.77E7,2,2,2,2,"Acetylation (N-term)",,0 0 0 0 2 2 9 28 5,V(+42.01)KHSVEHVL,sp|Q99471|PFD5_HUMAN:sp|O75197|LRP5_HUMAN:sp|Q9ULC8|ZDHC8_HUMAN:sp|Q8IYA2|C144C_HUMAN:sp|Q9BQB6|VKOR1_HUMAN:sp|Q6NUI1|C144L_HUMAN:sp|Q9NZJ6|COQ3_HUMAN:sp|P42285|MTREX_HUMAN:sp|Q96DN0|ERP27_HUMAN:sp|Q13433|S39A6_HUMAN:sp|Q7Z3C6|ATG9A_HUMAN:sp|O60522|TDRD6_HUMAN:sp|Q9H237|PORCN_HUMAN:sp|Q8TDY2|RBCC1_HUMAN:sp|O95409|ZIC2_HUMAN:sp|Q9HB09|B2L12_HUMAN:sp|Q674R7|ATG9B_HUMAN:sp|Q53GS7|GLE1_HUMAN:sp|Q63HN8|RN213_HUMAN:sp|A2RU49|HYKK_HUMAN:sp|P55039|DRG2_HUMAN:sp|Q9BQD7|ANKMT_HUMAN,DeepNovo
V(+42.01)KLFRRL,12.36,972.6232,7,28.6,7,-2.4,487.31772,2,56.0635,0.4635,0.16,21806,HFX193_IPP292_GEL_CRC_324_Even.raw,2.52E5,2.3E6,2,2,1,1,"Acetylation (N-term)",,0 0 3 1 0 0 5,V(+42.01)KLFRRL,sp|A6NJQ4|F90A8_HUMAN:sp|A6NNJ1|F90A9_HUMAN:sp|Q658T7|F90A2_HUMAN:sp|O60502|OGA_HUMAN:sp|Q99501|GA2L1_HUMAN:sp|Q9Y2C3|B3GT5_HUMAN:sp|O43683|BUB1_HUMAN:sp|Q9H4L7|SMRCD_HUMAN:sp|A8MWA6|F90AM_HUMAN:sp|Q8TCT1|PHOP1_HUMAN:sp|Q96J94|PIWL1_HUMAN:sp|Q9UBP6|TRMB_HUMAN:sp|A8MXJ8|F90A5_HUMAN:sp|P0C7X0|F90AO_HUMAN:sp|Q8NBJ9|SIDT2_HUMAN:sp|Q7Z388|D19L4_HUMAN:sp|Q9NS98|SEM3G_HUMAN:sp|Q9P225|DYH2_HUMAN:sp|Q5VXJ0|LIPK_HUMAN:tr|A0A8V8TPE2|A0A8V8TPE2_HUMAN:sp|Q9Y2R4|DDX52_HUMAN:sp|Q6ZVE7|GOT1A_HUMAN:sp|Q8NE79|POPD1_HUMAN:sp|P0DV73|F90AG_HUMAN:sp|O75445|USH2A_HUMAN:tr|A0A8V8TNH8|A0A8V8TNH8_HUMAN:sp|A6NDY2|F90AA_HUMAN:sp|O96024|B3GT4_HUMAN:sp|Q9BZB8|CPEB1_HUMAN:sp|Q8NGC0|O5AU1_HUMAN:sp|P48546|GIPR_HUMAN:sp|Q6ZWL3|CP4V2_HUMAN:sp|Q86YD7|F90A1_HUMAN:sp|Q2M3D2|EX3L2_HUMAN:sp|A6NIJ5|F90AK_HUMAN:sp|Q8N205|SYNE4_HUMAN:sp|Q9Y385|UB2J1_HUMAN:sp|P08195|4F2_HUMAN:sp|Q9BQD3|KXDL1_HUMAN:sp|A6NN92|CXE1_HUMAN:sp|P0C7W8|F90AD_HUMAN:sp|P0DV75|F90AI_HUMAN:sp|Q3SXZ7|TTLL9_HUMAN:sp|P0C874|S31D3_HUMAN:sp|Q9H061|T126A_HUMAN:sp|A8MXZ1|F90AN_HUMAN:sp|Q6NUK1|SCMC1_HUMAN:sp|P0DV74|F90AH_HUMAN:sp|Q6IE81|JADE1_HUMAN:sp|P0C7V4|F90AF_HUMAN:sp|A6NKC0|F90A7_HUMAN:sp|P0DV76|F90AJ_HUMAN:sp|Q9NRS6|SNX15_HUMAN:sp|Q8NCM8|DYHC2_HUMAN:sp|Q6ZUB0|S31D4_HUMAN:sp|O15440|MRP5_HUMAN,DeepNovo
V(+42.01)KPHGGGKLLRL,68.78,1315.8088,12,50.0,12,0.8,439.61057,3,43.2331,4.9331,0.10,16693,HFX193_IPP292_GEL_CRC_324_Odd.raw,2.54E6,1.49E7,2,2,2,2,"Acetylation (N-term)",,0 0 0 0 16 0 0 18 81 25 2 2,V(+42.01)KPHGGGKLLRL,sp|P35568|IRS1_HUMAN:sp|Q8TAL5|CI043_HUMAN:sp|Q6NXN4|D19P1_HUMAN:sp|Q96JB8|MPP4_HUMAN:sp|Q04743|EMX2_HUMAN:sp|Q6UXZ4|UNC5D_HUMAN:sp|P55198|AF17_HUMAN:sp|Q6UY01|LRC31_HUMAN:sp|Q6PIW4|FIGL1_HUMAN:sp|Q7Z589|EMSY_HUMAN:sp|O15178|TBXT_HUMAN:sp|Q8N5U0|CK042_HUMAN:sp|Q5T2T1|MPP7_HUMAN:sp|P49748|ACADV_HUMAN:sp|P11055|MYH3_HUMAN:sp|Q8ND61|CC020_HUMAN:sp|O00442|RTCA_HUMAN:sp|O95390|GDF11_HUMAN:sp|P42338|PK3CB_HUMAN:sp|Q96LB2|MRGX1_HUMAN:sp|P21281|VATB2_HUMAN:sp|Q6V1X1|DPP8_HUMAN:sp|Q8N9N7|LRC57_HUMAN:sp|Q9Y2K7|KDM2A_HUMAN:sp|Q5VW36|FOCAD_HUMAN:TCF7L2_DEL_A-p.K485Sfs*23_::chr10:113165058-113166058_frame=-1:sp|Q8N3P4|VPS8_HUMAN:sp|Q8IUZ5|AT2L2_HUMAN:sp|Q53TS8|CTSRT_HUMAN:sp|Q9UPM8|AP4E1_HUMAN:sp|Q709C8|VP13C_HUMAN:sp|P04196|HRG_HUMAN:sp|Q7Z3Z3|PIWL3_HUMAN:sp|P39086|GRIK1_HUMAN:sp|Q68EN5|MACA1_HUMAN:sp|Q9UPA5|BSN_HUMAN:sp|Q8WVB6|CTF18_HUMAN:sp|P55283|CADH4_HUMAN:sp|Q9NVX2|NLE1_HUMAN:sp|Q96KN4|LRAT1_HUMAN:sp|Q92890|UFD1_HUMAN:sp|Q86VY4|TSYL5_HUMAN:sp|Q96RW7|HMCN1_HUMAN:sp|P21359|NF1_HUMAN:sp|Q86Y56|DAAF5_HUMAN:sp|Q6NUT2|D19L2_HUMAN:sp|P58658|EVA1C_HUMAN:sp|Q9P1Y6|PHRF1_HUMAN:sp|A4D1E9|GTPBA_HUMAN:sp|Q96AN5|TM143_HUMAN:sp|Q9UBY8|CLN8_HUMAN:sp|Q9GZY0|NXF2_HUMAN:sp|Q7L590|MCM10_HUMAN:sp|Q9UBU9|NXF1_HUMAN:sp|Q8IY17|PLPL6_HUMAN:sp|Q86UD5|SL9B2_HUMAN:sp|P18124|RL7_HUMAN:sp|Q8WZA2|RPGF4_HUMAN:sp|Q2QGD7|ZXDC_HUMAN:sp|Q96SB8|SMC6_HUMAN:sp|Q9Y6F7|CDY2_HUMAN:sp|Q9Y5B0|CTDP1_HUMAN:sp|Q96P56|CTSR2_HUMAN:sp|P23415|GLRA1_HUMAN:sp|Q14690|RRP5_HUMAN:sp|O96011|PX11B_HUMAN:sp|Q9ULQ1|TPC1_HUMAN:sp|Q6ZRI0|OTOG_HUMAN:sp|Q12834|CDC20_HUMAN:sp|P38567|HYALP_HUMAN:sp|Q96BD5|PF21A_HUMAN:sp|Q08945|SSRP1_HUMAN:sp|Q6MZP7|LIN54_HUMAN:sp|P22670|RFX1_HUMAN:sp|Q9NS87|KIF15_HUMAN:sp|Q9Y4A8|NF2L3_HUMAN:sp|Q9Y6F8|CDY1_HUMAN:sp|P47869|GBRA2_HUMAN:sp|O94973|AP2A2_HUMAN:sp|Q9BXT8|RNF17_HUMAN:sp|Q8N6M5|ALLC_HUMAN:sp|Q9P2M7|CING_HUMAN:sp|P24046|GBRR1_HUMAN:sp|Q96I99|SUCB2_HUMAN:sp|Q16644|MAPK3_HUMAN:sp|O43548|TGM5_HUMAN:sp|Q9BTV6|DPH7_HUMAN:sp|O00754|MA2B1_HUMAN:sp|O75445|USH2A_HUMAN:sp|O75618|DEDD_HUMAN:sp|O14764|GBRD_HUMAN:sp|Q9NWS1|PARI_HUMAN:sp|Q8NFA0|UBP32_HUMAN:sp|Q9H6R7|WDCP_HUMAN:sp|O95782|AP2A1_HUMAN:sp|Q8IYS1|P20D2_HUMAN:sp|Q9NVR0|KLH11_HUMAN:sp|Q12899|TRI26_HUMAN:sp|Q9Y2B4|T53G5_HUMAN:sp|P02760|AMBP_HUMAN:sp|P31644|GBRA5_HUMAN:sp|Q96LA9|MRGX4_HUMAN:sp|P46060|RAGP1_HUMAN:sp|O95185|UNC5C_HUMAN:sp|Q9NZJ4|SACS_HUMAN:sp|Q13563|PKD2_HUMAN:sp|Q9Y3F4|STRAP_HUMAN:sp|Q04741|EMX1_HUMAN:sp|O60721|NCKX1_HUMAN:sp|Q9Y238|DLEC1_HUMAN:sp|Q9Y623|MYH4_HUMAN:sp|Q6UXI7|VITRN_HUMAN:sp|Q09161|NCBP1_HUMAN:sp|Q9UBK8|MTRR_HUMAN:sp|P48736|PK3CG_HUMAN:sp|Q9Y4P9|SPEF1_HUMAN:sp|P49773|HINT1_HUMAN:sp|Q96I25|SPF45_HUMAN:sp|Q9UER7|DAXX_HUMAN:sp|Q7L311|ARMX2_HUMAN,DeepNovo
V(+42.01)KSLGA,20.05,615.3591,6,50.0,6,2.7,616.36810,1,35.8727,3.6727,0.68,13730,HFX193_IPP292_GEL_CRC_324_Odd.raw,1.17E6,8.25E6,1,1,1,1,"Acetylation (N-term)",,0 0 1 23 6 5,V(+42.01)KSLGA,sp|Q8NBP5|MFSD9_HUMAN,DB Search
V(+42.01)LGKRPPVLKKHRL,64.23,1682.0831,14,64.3,14,-1.3,337.42346,5,25.8837,-3.3163,0.35,9687,HFX193_IPP292_GEL_CRC_324_Even.raw,3.35E5,3.31E6,1,1,1,1,"Acetylation (N-term)",,5 0 0 5 0 0 0 19 58 56 37 5 5 5,V(+42.01)LGKRPPVLKKHRL,sp|Q9Y620|RA54B_HUMAN:sp|Q00610|CLH1_HUMAN:sp|Q8ND23|CARL3_HUMAN:sp|Q7Z570|Z804A_HUMAN:sp|Q5RKV6|EXOS6_HUMAN:sp|Q9UHH9|IP6K2_HUMAN:sp|Q9P243|ZFAT_HUMAN:sp|P48378|RFX2_HUMAN:sp|Q6ZRG5|YQ015_HUMAN:sp|Q15032|R3HD1_HUMAN:sp|P46013|KI67_HUMAN:sp|Q9H254|SPTN4_HUMAN:sp|Q8IZ83|A16A1_HUMAN:sp|O95567|CV031_HUMAN:sp|O14802|RPC1_HUMAN:sp|Q96EA4|SPDLY_HUMAN:sp|O60443|GSDME_HUMAN:sp|Q8NFD5|ARI1B_HUMAN:sp|Q9C0E2|XPO4_HUMAN:sp|Q6W2J9|BCOR_HUMAN:sp|P22695|QCR2_HUMAN:sp|Q9NP66|HM20A_HUMAN:sp|Q99523|SORT_HUMAN:sp|Q709C8|VP13C_HUMAN:sp|Q9H1P3|OSBL2_HUMAN:sp|O14617|AP3D1_HUMAN:sp|Q9Y4G8|RPGF2_HUMAN:sp|Q9BZE1|RM37_HUMAN:sp|Q9H582|ZN644_HUMAN:sp|Q9Y4G2|PKHM1_HUMAN:sp|Q8NC60|NOA1_HUMAN:sp|Q38SD2|LRRK1_HUMAN:sp|Q96NT3|GUCD1_HUMAN:sp|Q6NZY7|BORG3_HUMAN:sp|C9JN71|ZN878_HUMAN:sp|Q8NF91|SYNE1_HUMAN:sp|P51692|STA5B_HUMAN:sp|Q6KC79|NIPBL_HUMAN:sp|Q5VZK9|CARL1_HUMAN:sp|Q04671|P_HUMAN:sp|Q96S44|PRPK_HUMAN:sp|Q96RT8|GCP5_HUMAN:sp|Q8N807|PDILT_HUMAN:sp|Q9NRR4|RNC_HUMAN:sp|P78347|GTF2I_HUMAN:sp|Q96LJ7|DHRS1_HUMAN:sp|Q6PJG6|BRAT1_HUMAN:sp|Q9ULW6|NP1L2_HUMAN:sp|Q9H0G5|NSRP1_HUMAN:sp|Q8N4C6|NIN_HUMAN:sp|Q13237|KGP2_HUMAN:sp|Q9UI17|M2GD_HUMAN:sp|O75600|KBL_HUMAN:sp|Q9GZR1|SENP6_HUMAN:sp|Q2V2M9|FHOD3_HUMAN:sp|Q15746|MYLK_HUMAN:sp|O15397|IPO8_HUMAN:sp|Q9ULD0|OGDHL_HUMAN:sp|O94913|PCF11_HUMAN:sp|Q86YT6|MIB1_HUMAN:sp|Q86U86|PB1_HUMAN:sp|Q96CN9|GCC1_HUMAN:sp|Q9Y3T9|NOC2L_HUMAN:sp|Q14246|AGRE1_HUMAN:sp|Q9P0K1|ADA22_HUMAN:sp|Q52LR7|EPC2_HUMAN:sp|Q8TEK3|DOT1L_HUMAN:sp|Q15761|NPY5R_HUMAN:sp|P12757|SKIL_HUMAN:sp|P42229|STA5A_HUMAN:sp|P14410|SUIS_HUMAN:sp|B2RTY4|MYO9A_HUMAN:sp|B0I1T2|MYO1G_HUMAN:sp|Q8WZ42|TITIN_HUMAN:sp|Q14667|BLTP2_HUMAN:sp|P12956|XRCC6_HUMAN:sp|Q13616|CUL1_HUMAN:sp|Q6UW02|CP20A_HUMAN:ESRP1_DEL_A-p.N512Tfs*2_::chr8:94673883-94674883_frame=3:sp|P09917|LOX5_HUMAN:sp|Q6N021|TET2_HUMAN:sp|P20815|CP3A5_HUMAN:sp|P0CJ78|ZN865_HUMAN:sp|Q8N137|CNTRB_HUMAN:sp|Q96B97|SH3K1_HUMAN:sp|Q9NRC6|SPTN5_HUMAN:sp|Q9BYM8|HOIL1_HUMAN:sp|Q5GAN6|RNS10_HUMAN:sp|Q8WUJ0|STYX_HUMAN:sp|Q8TC59|PIWL2_HUMAN:sp|O15296|LX15B_HUMAN:sp|O43929|ORC4_HUMAN:sp|Q02218|ODO1_HUMAN:sp|Q96FI4|NEIL1_HUMAN:sp|Q9BXA9|SALL3_HUMAN:sp|Q68DH5|LMBD2_HUMAN:sp|Q99807|COQ7_HUMAN:sp|O43520|AT8B1_HUMAN:sp|Q6ZNJ1|NBEL2_HUMAN:sp|Q07075|AMPE_HUMAN:sp|Q14204|DYHC1_HUMAN:sp|Q14692|BMS1_HUMAN:sp|A8MT70|ZBBX_HUMAN:sp|Q6UXH0|ANGL8_HUMAN:sp|Q9NSC2|SALL1_HUMAN:sp|Q9BXW6|OSBL1_HUMAN:sp|P52948|NUP98_HUMAN:sp|Q9BTM9|URM1_HUMAN:sp|Q13438|OS9_HUMAN:sp|P15918|RAG1_HUMAN:sp|O00505|IMA4_HUMAN:sp|Q8WYB5|KAT6B_HUMAN:sp|O00548|DLL1_HUMAN:sp|Q9ULV0|MYO5B_HUMAN:sp|O60293|ZC3H1_HUMAN:sp|P52746|ZN142_HUMAN:sp|Q9HBE4|IL21_HUMAN:sp|Q8IXZ2|ZC3H3_HUMAN:sp|P31629|ZEP2_HUMAN:sp|Q9Y4P8|WIPI2_HUMAN,DeepNovo
V(+42.01)LYSLVFVLF,11.58,1240.7107,10,50.0,10,-1.5,414.57690,3,60.0399,-92.9601,0.38,23399,HFX193_IPP292_GEL_CRC_324_Even.raw,1.12E6,6.7E6,2,2,2,2,"Acetylation (N-term)",,0 0 0 0 0 29 29 14 3 5,V(+42.01)LYSLVFVLF,sp|Q7Z2W7|TRPM8_HUMAN,DB Search
V(+42.01)RGVHAGTL,42.77,950.5297,9,55.6,9,2.5,476.27335,2,29.7237,-4.6763,0.58,11201,HFX193_IPP292_GEL_CRC_324_Even.raw,3.17E6,2.34E7,1,1,1,1,"Acetylation (N-term)",,0 0 2 2 17 0 0 33 5,V(+42.01)RGVHAGTL,sp|Q86TI4|WDR86_HUMAN:sp|Q86XN6|ZN761_HUMAN:sp|Q68EM7|RHG17_HUMAN:sp|Q96DF8|ESS2_HUMAN:sp|O43824|GTPB6_HUMAN:sp|Q9HCR9|PDE11_HUMAN:sp|Q8WXG6|MADD_HUMAN:sp|Q8N4N3|KLH36_HUMAN:sp|Q6P9B9|INT5_HUMAN,DeepNovo
V(+42.01)RSLRKAVL,39.94,1082.6924,9,55.6,9,0.7,361.90500,3,36.9594,-2.2406,0.02,14156,HFX193_IPP292_GEL_CRC_324_Odd.raw,1.4E6,9.33E6,1,1,1,1,"Acetylation (N-term)",,0 0 0 10 1 3 10 28 5,V(+42.01)RSLRKAVL,sp|O14773|TPP1_HUMAN:sp|Q8WWZ7|ABCA5_HUMAN:sp|P08183|MDR1_HUMAN:sp|Q93009|UBP7_HUMAN:sp|P51553|IDH3G_HUMAN:sp|Q9Y2H2|SAC2_HUMAN:sp|Q2NKQ1|SGSM1_HUMAN:sp|Q86TI0|TBCD1_HUMAN:sp|P46013|KI67_HUMAN:sp|Q9Y5I7|CLD16_HUMAN:sp|O95696|BRD1_HUMAN:sp|Q86VH2|KIF27_HUMAN:sp|Q96JB1|DYH8_HUMAN:sp|P35221|CTNA1_HUMAN:sp|Q6NWY9|PR40B_HUMAN:sp|Q8NI99|ANGL6_HUMAN:sp|Q9NQ36|SCUB2_HUMAN:sp|Q7Z6E9|RBBP6_HUMAN:sp|P48723|HSP13_HUMAN:sp|P12645|BMP3_HUMAN:sp|O75061|AUXI_HUMAN:sp|Q9UPM8|AP4E1_HUMAN:sp|A2A288|ZC12D_HUMAN:sp|P09914|IFIT1_HUMAN:sp|Q17RC7|EX3L4_HUMAN:sp|A6NCI4|VWA3A_HUMAN:sp|Q5HYW2|NHSL2_HUMAN:sp|Q8IW45|NNRD_HUMAN:sp|Q8IZ21|PHAR4_HUMAN:sp|Q9HCE9|ANO8_HUMAN:sp|Q9P2S6|ANKY1_HUMAN:sp|Q9ULT8|HECD1_HUMAN:sp|Q96QZ0|PANX3_HUMAN:sp|Q99683|M3K5_HUMAN:sp|Q9HC77|CENPJ_HUMAN:sp|Q15643|TRIPB_HUMAN:sp|Q8IZ40|RCOR2_HUMAN:sp|O95405|ZFYV9_HUMAN:sp|P38432|COIL_HUMAN:sp|O75096|LRP4_HUMAN:sp|P21359|NF1_HUMAN:sp|Q96HH4|TM169_HUMAN:sp|Q8NEM8|CBPC3_HUMAN:sp|P47224|MSS4_HUMAN:sp|Q7Z6M3|MILR1_HUMAN:sp|Q9C000|NLRP1_HUMAN:sp|Q8N0Z2|ABRA_HUMAN:sp|Q9P1Y6|PHRF1_HUMAN:sp|A4D1E1|Z804B_HUMAN:sp|Q96DT6|ATG4C_HUMAN:sp|Q9BQI4|CCDC3_HUMAN:sp|Q8IUD2|RB6I2_HUMAN:sp|Q4L180|FIL1L_HUMAN:sp|Q6AWC2|WWC2_HUMAN:sp|Q14671|PUM1_HUMAN:sp|P43088|PF2R_HUMAN:sp|Q86UP8|GTD2A_HUMAN:sp|Q04656|ATP7A_HUMAN:sp|Q96FJ2|DYL2_HUMAN:sp|O14618|CCS_HUMAN:sp|P16562|CRIS2_HUMAN:sp|Q9ULD8|KCNH3_HUMAN:sp|Q9H2P0|ADNP_HUMAN:sp|Q9HC84|MUC5B_HUMAN:sp|Q6UWF9|F180A_HUMAN:sp|O95279|KCNK5_HUMAN:sp|P49842|STK19_HUMAN:sp|Q8WVF2|UCMA_HUMAN:sp|Q96JN2|CC136_HUMAN:sp|P0C869|PA24B_HUMAN:sp|P20585|MSH3_HUMAN:ENO4_DEL_A-p.K207Rfs*32_::chr10:116858617-116859617_frame=-2:sp|O94851|MICA2_HUMAN:sp|Q7KZ85|SPT6H_HUMAN:sp|P63167|DYL1_HUMAN:sp|Q70EL1|UBP54_HUMAN:sp|Q7Z429|LFG1_HUMAN:sp|P40261|NNMT_HUMAN:sp|Q96NT0|CC115_HUMAN:sp|Q86XL3|ANKL2_HUMAN:sp|P36542|ATPG_HUMAN:sp|Q6VEQ5|WASH2_HUMAN:sp|A8K0Z3|WASH1_HUMAN:sp|Q8N137|CNTRB_HUMAN:sp|Q8NDN9|RCBT1_HUMAN:sp|O95158|NXPH4_HUMAN:sp|P43155|CACP_HUMAN:sp|Q9NQA3|WASH6_HUMAN:sp|A8MWX3|WASH4_HUMAN:sp|P42680|TEC_HUMAN:sp|Q9Y6E2|5MP1_HUMAN:sp|Q9UMQ6|CAN11_HUMAN:sp|Q7Z7C7|STRA8_HUMAN:sp|Q9H7D7|WDR26_HUMAN:sp|Q8IWI9|MGAP_HUMAN:sp|Q14005|IL16_HUMAN:sp|C4AMC7|WASH3_HUMAN:sp|Q9UHB9|SRP68_HUMAN:sp|Q9UJW8|ZN180_HUMAN:sp|Q86SQ0|PHLB2_HUMAN:sp|O43149|ZZEF1_HUMAN:sp|Q9HBM0|VEZA_HUMAN:sp|Q14003|KCNC3_HUMAN:sp|A8MYZ0|MIY4B_HUMAN:sp|Q8NGV6|OR5H6_HUMAN:sp|Q7Z3D6|GLUCM_HUMAN:sp|Q13325|IFIT5_HUMAN:sp|O94979|SC31A_HUMAN:sp|Q8N0W3|FCSK_HUMAN:sp|Q9H1H9|KI13A_HUMAN:sp|Q86XN7|PRSR1_HUMAN:sp|Q9ULV0|MYO5B_HUMAN:sp|Q10469|MGAT2_HUMAN:sp|Q99747|SNAG_HUMAN:sp|Q9NR09|BIRC6_HUMAN:sp|P78562|PHEX_HUMAN:sp|Q8WTT2|NOC3L_HUMAN:sp|Q14689|DIP2A_HUMAN:sp|O14514|AGRB1_HUMAN:sp|Q8IZT6|ASPM_HUMAN,DeepNovo
V(+42.01)RSRHGAVF,37.12,1069.5781,9,0.0,9,2.0,535.79736,2,32.6712,7.6712,0.29,12409,HFX193_IPP292_GEL_CRC_324_Odd.raw,6.25E6,3.98E7,2,2,2,2,"Acetylation (N-term)",,0 0 0 0 1 0 0 1 1,V(+42.01)RSRHGAVF,sp|Q3MIT2|PUS10_HUMAN:sp|Q6RI45|BRWD3_HUMAN:sp|P38570|ITAE_HUMAN:sp|Q9NSI6|BRWD1_HUMAN:sp|O15027|SC16A_HUMAN:sp|Q96L73|NSD1_HUMAN:sp|Q8WWQ0|PHIP_HUMAN:sp|Q96RL7|VP13A_HUMAN:sp|Q5QP82|DCA10_HUMAN:sp|Q9P2K8|E2AK4_HUMAN:sp|Q05996|ZP2_HUMAN:sp|Q9NR21|PAR11_HUMAN,DeepNovo
V(+42.01)RVSASTL,25.96,873.4919,8,50.0,8,0.9,437.75366,2,48.0610,-16.1390,0.51,18655,HFX193_IPP292_GEL_CRC_324_Odd.raw,4.42E5,3.05E6,1,1,1,1,"Acetylation (N-term)",,0 0 0 0 19 5 17 5,V(+42.01)RVSASTL,sp|Q9H342|O51J1_HUMAN,DB Search
V(+42.01)SAAAV,13.01,558.3013,6,16.7,6,1.1,559.30920,1,43.6975,2.1975,0.15,16986,HFX193_IPP292_GEL_CRC_324_Odd.raw,7.79E5,4.29E6,1,1,1,1,"Acetylation (N-term)",,0 0 0 0 1 5,V(+42.01)SAAAV,sp|Q9Y6M7|S4A7_HUMAN:sp|P50281|MMP14_HUMAN,DB Search
V(+42.01)SFGSLSGGLGAVTAGLASSKTLGGLDDRPS,130.36,2918.4985,31,38.7,31,4.5,973.84448,3,69.6967,N/A,0.39,27173,HFX193_IPP292_GEL_CRC_324_Odd.raw,4.42E7,2.18E8,4,4,3,3,"Acetylation (N-term)",,0 0 7 8 8 12 28 0 0 22 0 0 34 10 0 0 0 0 0 0 0 1 2 0 0 3 3 2 0 0 0,V(+42.01)SFGSLSGGLGAVTAGLASSKTLGGLDDRPS,sp|Q96DX8|RTP4_HUMAN:sp|P58107|EPIPL_HUMAN:sp|Q9UQF2|JIP1_HUMAN:sp|P15502|ELN_HUMAN:sp|Q6ZVX7|FBX50_HUMAN:sp|Q00610|CLH1_HUMAN:sp|P16157|ANK1_HUMAN:sp|Q9UL36|ZN236_HUMAN:sp|P20929|NEBU_HUMAN:sp|Q8N5H7|SH2D3_HUMAN:sp|P83859|OX26_HUMAN:sp|Q99798|ACON_HUMAN:sp|Q9Y5B6|PAXB1_HUMAN:sp|A4D0S4|LAMB4_HUMAN:sp|Q14957|NMDE3_HUMAN:sp|Q8N441|FGRL1_HUMAN:sp|B1AL46|NTM2E_HUMAN:sp|Q7RTY7|OVCH1_HUMAN:sp|Q96IC2|REXO5_HUMAN:sp|P59538|T2R31_HUMAN:sp|Q6P9H5|GIMA6_HUMAN:sp|Q9Y572|RIPK3_HUMAN:sp|Q8IYD2|KLD8A_HUMAN:sp|Q9H2X9|S12A5_HUMAN:sp|O14513|NCKP5_HUMAN:sp|Q92750|TAF4B_HUMAN:sp|Q9UK32|KS6A6_HUMAN:sp|O95319|CELF2_HUMAN:sp|Q9Y3P8|SIT1_HUMAN:sp|Q14694|UBP10_HUMAN:sp|Q9BQW3|COE4_HUMAN:sp|Q8TAX0|OSR1_HUMAN:sp|O75840|KLF7_HUMAN:sp|Q8TCG1|CIP2A_HUMAN:PHF2_DEL_A-p.K492Rfs*6_::chr9:93659830-93660830_frame=-1:sp|Q7RTS3|PTF1A_HUMAN:sp|Q16831|UPP1_HUMAN:sp|P78509|RELN_HUMAN:sp|P82987|ATL3_HUMAN:sp|P54803|GALC_HUMAN:sp|Q8NDA2|HMCN2_HUMAN:sp|Q13323|BIK_HUMAN:sp|Q99707|METH_HUMAN:sp|Q8IVL0|NAV3_HUMAN:sp|O75970|MPDZ_HUMAN:sp|Q13201|MMRN1_HUMAN:sp|Q5SYB0|FRPD1_HUMAN:sp|Q9HAH7|FBRS_HUMAN:sp|Q96DZ7|T4S19_HUMAN:DNAH12_DEL_T-p.G93Dfs*7_::chr3:57523086-57524086_frame=2:sp|Q86UU5|GGN_HUMAN:sp|Q63HR2|TENS2_HUMAN:sp|Q96DE0|NUD16_HUMAN:sp|Q99490|AGAP2_HUMAN:sp|P23415|GLRA1_HUMAN:ZBTB20_DEL_G-p.P692Lfs*43_::chr3:114338656-114339656_frame=-3:sp|Q70J99|UN13D_HUMAN:sp|O75817|POP7_HUMAN:sp|Q96QI5|HS3S6_HUMAN:sp|O60220|TIM8A_HUMAN:sp|Q96T58|MINT_HUMAN:sp|P69849|NOMO3_HUMAN:sp|Q8WU43|CB015_HUMAN:sp|O94983|CMTA2_HUMAN:sp|O96020|CCNE2_HUMAN:sp|Q8NHV4|NEDD1_HUMAN:sp|A0A0C4DH36|HV338_HUMAN:sp|Q01973|ROR1_HUMAN:sp|Q96JA1|LRIG1_HUMAN:sp|Q8WXQ8|CBPA5_HUMAN:sp|Q86UQ4|ABCAD_HUMAN:sp|Q9NS87|KIF15_HUMAN:sp|O60294|TYW4_HUMAN:sp|Q96QB1|RHG07_HUMAN:sp|Q6IA86|ELP2_HUMAN:sp|Q8N8V4|ANS4B_HUMAN:sp|Q8NEZ4|KMT2C_HUMAN:sp|Q8TEK3|DOT1L_HUMAN:sp|P56270|MAZ_HUMAN:sp|X6R8R1|ST15B_HUMAN:sp|Q5T124|UBX11_HUMAN:sp|Q5T953|IER5L_HUMAN:sp|Q9HBL0|TENS1_HUMAN:sp|A1L0T0|HACL2_HUMAN:sp|Q9BYV8|CEP41_HUMAN:sp|A6NDP7|MADL2_HUMAN:sp|P04259|K2C6B_HUMAN:sp|O95631|NET1_HUMAN:sp|Q674X7|KAZRN_HUMAN:sp|Q5JUK2|SOLH1_HUMAN:sp|P05089|ARGI1_HUMAN:sp|Q9UQ84|EXO1_HUMAN:sp|Q16186|ADRM1_HUMAN:sp|Q05516|ZBT16_HUMAN:sp|P10321|HLAC_HUMAN:sp|P23771|GATA3_HUMAN:sp|P14652|HXB2_HUMAN:sp|Q58EX2|SDK2_HUMAN:sp|Q9NVM4|ANM7_HUMAN:sp|Q8N8M0|NAT16_HUMAN:sp|P19013|K2C4_HUMAN:sp|P42356|PI4KA_HUMAN:sp|Q9Y2U2|KCNK7_HUMAN:sp|Q9NUQ8|ABCF3_HUMAN:sp|Q9UBC1|IKBL1_HUMAN:sp|Q9GZV3|SC5A7_HUMAN:sp|P47974|TISD_HUMAN:sp|P55289|CAD12_HUMAN:sp|Q9UBD6|RHCG_HUMAN:sp|Q86UK0|ABCAC_HUMAN:sp|P08779|K1C16_HUMAN:sp|Q96H72|S39AD_HUMAN:sp|A1L1A6|IGS23_HUMAN:sp|O75190|DNJB6_HUMAN:sp|P49821|NDUV1_HUMAN:sp|Q03828|EVX2_HUMAN:sp|Q16572|VACHT_HUMAN:sp|Q02413|DSG1_HUMAN:sp|P13611|CSPG2_HUMAN:sp|P14091|CATE_HUMAN,DeepNovo
V(+42.01)SGGVV,17.17,558.3013,6,33.3,6,1.1,559.30920,1,43.6975,-4.7025,0.62,16884,HFX193_IPP292_GEL_CRC_324_Odd.raw,7.79E5,4.29E6,2,2,1,1,"Acetylation (N-term)",,0 0 1 1 16 5,V(+42.01)SGGVV,sp|Q92771|DDX12_HUMAN:sp|Q7Z7G8|VP13B_HUMAN:sp|A8MPP1|D11L8_HUMAN,DB Search
V(+42.01)SGVDLK,33.96,758.4174,7,71.4,7,1.9,380.21671,2,42.9959,-9.0041,0.47,16574,HFX193_IPP292_GEL_CRC_324_Even.raw,4.78E6,2.55E7,1,1,1,1,"Acetylation (N-term)",,0 0 11 17 17 18 5,V(+42.01)SGVDLK,sp|Q8NI35|INADL_HUMAN,DB Search
V(+42.01)SHHKVLSL,40.43,1060.6029,9,77.8,9,0.4,531.30896,2,38.5141,-1.0859,0.56,14782,HFX193_IPP292_GEL_CRC_324_Odd.raw,3.94E7,2.27E8,3,3,3,3,"Acetylation (N-term)",,0 0 62 16 13 17 26 32 5,V(+42.01)SHHKVLSL,sp|P22413|ENPP1_HUMAN:sp|P35568|IRS1_HUMAN:sp|P52701|MSH6_HUMAN:sp|Q8WXH6|RB40A_HUMAN:sp|Q9NV79|PCMD2_HUMAN:sp|Q14993|COJA1_HUMAN:sp|Q7Z589|EMSY_HUMAN:sp|Q8IZF7|AGRF2_HUMAN:sp|O43451|MGA_HUMAN:sp|Q5SRE5|NU188_HUMAN:sp|P0C0L5|CO4B_HUMAN:sp|Q8NA42|ZN383_HUMAN:sp|Q12968|NFAC3_HUMAN:sp|Q99996|AKAP9_HUMAN:sp|Q6P0Q8|MAST2_HUMAN:sp|Q6ZMU1|C3P1_HUMAN:sp|Q8NFY4|SEM6D_HUMAN:sp|Q12829|RB40B_HUMAN:sp|Q96QE3|ATAD5_HUMAN:sp|O95292|VAPB_HUMAN:sp|Q86WI1|PKHL1_HUMAN:sp|Q9BZE1|RM37_HUMAN:sp|P46094|XCR1_HUMAN:sp|Q8WWQ8|STAB2_HUMAN:sp|Q96R48|OR2A5_HUMAN:sp|P01019|ANGT_HUMAN:sp|Q15643|TRIPB_HUMAN:sp|O94826|TOM70_HUMAN:sp|Q9BRY0|S39A3_HUMAN:sp|Q5T4T1|T170B_HUMAN:sp|O95822|DCMC_HUMAN:sp|Q7Z572|SPT21_HUMAN:sp|Q12809|KCNH2_HUMAN:sp|P08571|CD14_HUMAN:sp|P16615|AT2A2_HUMAN:sp|Q8NGI3|O56B1_HUMAN:sp|P49848|TAF6_HUMAN:sp|Q12999|TSN31_HUMAN:NDUFC2_DEL_AA-p.F69Cfs*9_::chr11:78072601-78073602_frame=-2:sp|Q9NZQ7|PD1L1_HUMAN:sp|Q7RTS5|OTOP3_HUMAN:sp|O94986|CE152_HUMAN:sp|Q8WVV9|HNRLL_HUMAN:sp|Q9NTJ4|MA2C1_HUMAN:sp|Q8NH49|OR4X1_HUMAN:sp|Q9BZE2|PUS3_HUMAN:sp|Q9Y3B2|EXOS1_HUMAN:sp|Q96JI7|SPTCS_HUMAN:sp|Q9BYW2|SETD2_HUMAN:sp|Q9Y566|SHAN1_HUMAN:sp|Q8NEV4|MYO3A_HUMAN:sp|P10643|CO7_HUMAN:sp|Q92888|ARHG1_HUMAN:sp|A0A0J9YX94|PMA6F_HUMAN:sp|Q86VP3|PACS2_HUMAN:sp|O60765|Z354A_HUMAN:tr|A0A7P0TAN4|A0A7P0TAN4_HUMAN:sp|Q6ZUB1|S31E1_HUMAN:sp|Q8N6S5|AR6P6_HUMAN:sp|P0C0E4|RB40L_HUMAN:sp|Q14410|GLPK2_HUMAN:sp|Q8N1F8|S11IP_HUMAN:sp|Q6UXC1|AEGP_HUMAN:sp|Q8NCM2|KCNH5_HUMAN:sp|Q96R47|O2A14_HUMAN:sp|Q6IA86|ELP2_HUMAN:sp|Q567U6|CCD93_HUMAN:sp|Q5TAH2|SL9C2_HUMAN:sp|Q9P0V8|SLAF8_HUMAN:sp|P0C626|OR5G3_HUMAN:sp|Q8N159|NAGS_HUMAN:sp|Q9BYB0|SHAN3_HUMAN:sp|Q9NYK1|TLR7_HUMAN:sp|Q9P2K8|E2AK4_HUMAN:sp|Q8TCT1|PHOP1_HUMAN:sp|Q8NB14|UBP38_HUMAN:sp|O95613|PCNT_HUMAN:sp|Q86XF7|ZN575_HUMAN:sp|Q6NSJ5|LRC8E_HUMAN:sp|Q6ZS11|RINL_HUMAN:sp|Q9H252|KCNH6_HUMAN:sp|Q96GX5|GWL_HUMAN:sp|Q9BZR8|B2L14_HUMAN:sp|Q96QE5|TEFM_HUMAN:sp|Q8IWT0|ARCH_HUMAN:sp|O14983|AT2A1_HUMAN:sp|P40933|IL15_HUMAN:sp|O96007|MOC2B_HUMAN:SLC35F5_DEL_A-p.C248Afs*22_::chr2:113742200-113743200_frame=-1:sp|P51508|ZNF81_HUMAN:sp|Q9UPX8|SHAN2_HUMAN:sp|Q86TG7|PEG10_HUMAN:sp|P0C0L4|CO4A_HUMAN:sp|O43149|ZZEF1_HUMAN:sp|Q96S96|PEBP4_HUMAN:sp|Q9Y4F3|MARF1_HUMAN:sp|P62263|RS14_HUMAN:sp|Q9BXC1|GP174_HUMAN:sp|Q86YC3|LRC33_HUMAN:sp|Q9H069|DRC3_HUMAN:sp|Q9UL46|PSME2_HUMAN:sp|A6NFY7|SDHF1_HUMAN:sp|Q8WXG9|AGRV1_HUMAN:sp|P20062|TCO2_HUMAN:sp|Q7L1S5|CHST9_HUMAN:sp|Q8WUT4|LRRN4_HUMAN:sp|Q9UPU9|SMAG1_HUMAN:sp|Q5T1Q4|S35F1_HUMAN:sp|Q9Y592|CEP83_HUMAN:sp|Q9NYU1|UGGG2_HUMAN:sp|Q07864|DPOE1_HUMAN:sp|Q99567|NUP88_HUMAN:sp|Q8NGP9|O5AR1_HUMAN:sp|Q09472|EP300_HUMAN:sp|Q8NDX5|PHC3_HUMAN:sp|Q9HCG7|GBA2_HUMAN:sp|O75030|MITF_HUMAN:sp|Q7Z745|MRO2B_HUMAN:sp|O60664|PLIN3_HUMAN:sp|Q86YA3|ZGRF1_HUMAN,DeepNovo
V(+42.01)SHPPKATAL,50.17,1061.5869,10,30.0,10,-4.0,531.79858,2,39.3709,3.6709,0.67,15147,HFX193_IPP292_GEL_CRC_324_Odd.raw,,,1,1,0,0,"Acetylation (N-term)",,0 0 24 1 0 0 0 0 3 4,V(+42.01)SHPPKATAL,,DeepNovo
V(+42.01)SHPRAAVAL,52.80,1061.5981,10,30.0,10,1.5,531.80713,2,39.2406,-10.4594,0.72,15160,HFX193_IPP292_GEL_CRC_324_Odd.raw,3.63E6,1.3E7,1,1,1,1,"Acetylation (N-term)",,0 0 26 1 0 0 0 0 3 4,V(+42.01)SHPRAAVAL,sp|Q9H252|KCNH6_HUMAN:sp|O75593|FOXH1_HUMAN:sp|Q6ZSG1|RN165_HUMAN:sp|P02765|FETUA_HUMAN:sp|O75153|CLU_HUMAN:sp|Q9P2D3|HTR5B_HUMAN,DeepNovo
V(+42.01)SKEVVGG,34.98,815.4388,8,50.0,8,1.1,408.72714,2,40.5893,10.5893,0.37,15651,HFX193_IPP292_GEL_CRC_324_Odd.raw,1.55E5,1.32E6,1,1,1,1,"Acetylation (N-term)",,0 0 5 8 8 16 0 0,V(+42.01)SKEVVGG,,DeepNovo
V(+42.01)SKEVVGGK,39.58,943.5338,9,55.6,9,1.7,472.77496,2,34.1170,20.0170,0.62,13019,HFX193_IPP292_GEL_CRC_324_Odd.raw,4.55E5,3.94E6,1,1,1,1,"Acetylation (N-term)",,0 0 34 10 7 7 0 0 5,V(+42.01)SKEVVGGK,sp|P42694|HELZ_HUMAN:sp|Q12986|NFX1_HUMAN:sp|P25490|TYY1_HUMAN:sp|Q9UBT6|POLK_HUMAN:sp|Q2VIQ3|KIF4B_HUMAN:sp|B3EWG3|FM25A_HUMAN:sp|Q32M45|ANO4_HUMAN:sp|Q15517|CDSN_HUMAN:sp|Q0VFZ6|CF210_HUMAN:sp|Q7Z589|EMSY_HUMAN:sp|Q9P243|ZFAT_HUMAN:sp|Q9Y2V7|COG6_HUMAN:sp|Q9UNL2|SSRG_HUMAN:sp|O00471|EXOC5_HUMAN:sp|P31947|1433S_HUMAN:sp|Q13315|ATM_HUMAN:sp|Q8WXA9|SREK1_HUMAN:sp|Q9BRI3|ZNT2_HUMAN:sp|Q8NHZ8|CDC26_HUMAN:sp|P13612|ITA4_HUMAN:sp|Q9Y6R7|FCGBP_HUMAN:sp|Q9UPM8|AP4E1_HUMAN:sp|P53004|BIEA_HUMAN:sp|Q9BPU6|DPYL5_HUMAN:sp|Q495T6|MMEL1_HUMAN:sp|Q9UKU6|TRHDE_HUMAN:sp|P51587|BRCA2_HUMAN:sp|Q9UBN4|TRPC4_HUMAN:sp|Q5H9I0|TFDP3_HUMAN:sp|C9JR72|KBTBD_HUMAN:sp|Q53EP0|FND3B_HUMAN:sp|P49593|PPM1F_HUMAN:sp|P07204|TRBM_HUMAN:sp|Q86V15|CASZ1_HUMAN:XYLT2_DEL_C-p.G529Afs*78_::chr17:50356106-50357106_frame=-2:sp|Q5JY77|GASP1_HUMAN:sp|Q9HDC5|JPH1_HUMAN:sp|O14493|CLD4_HUMAN:sp|O15355|PPM1G_HUMAN:sp|O60673|REV3L_HUMAN:sp|P14222|PERF_HUMAN:sp|Q52MB2|CC184_HUMAN:sp|Q9UL62|TRPC5_HUMAN:sp|B3EWG6|FM25G_HUMAN:sp|Q9NRM0|GTR9_HUMAN:sp|Q9NTJ4|MA2C1_HUMAN:sp|Q69YN4|VIR_HUMAN:sp|Q969P0|IGSF8_HUMAN:sp|Q0D2K2|KLH30_HUMAN:sp|Q8WXW3|PIBF1_HUMAN:sp|P61764|STXB1_HUMAN:sp|Q9UQ26|RIMS2_HUMAN:sp|Q6ZRI0|OTOG_HUMAN:sp|A8MPP1|D11L8_HUMAN:sp|O95644|NFAC1_HUMAN:sp|P50570|DYN2_HUMAN:sp|O15350|P73_HUMAN:sp|Q9UPX6|MNAR1_HUMAN:sp|Q92771|DDX12_HUMAN:sp|Q0VG06|FP100_HUMAN:sp|Q86UR5|RIMS1_HUMAN:sp|Q7RTY5|PRS48_HUMAN:sp|Q9P2N7|KLH13_HUMAN:sp|O95427|PIGN_HUMAN:sp|O95156|NXPH2_HUMAN:sp|Q9C091|GRB1L_HUMAN:sp|Q86WZ0|HEAT4_HUMAN:sp|Q9BXT8|RNF17_HUMAN:sp|Q92817|EVPL_HUMAN:sp|Q8TAP6|CEP76_HUMAN:sp|O60519|CRBL2_HUMAN:sp|P01266|THYG_HUMAN:sp|O95198|KLHL2_HUMAN:sp|Q8IWU4|ZNT8_HUMAN:sp|Q9P2J3|KLHL9_HUMAN:sp|Q8N752|KC1AL_HUMAN:sp|Q96JM4|LRIQ1_HUMAN:sp|Q9BXW9|FACD2_HUMAN:sp|Q96FC9|DDX11_HUMAN:sp|Q9Y4C5|CHST2_HUMAN:sp|Q63ZY3|KANK2_HUMAN:sp|Q9NYQ8|FAT2_HUMAN:sp|Q9UH77|KLHL3_HUMAN:sp|Q9P286|PAK5_HUMAN:sp|P54687|BCAT1_HUMAN:sp|Q8IXN7|RIMKA_HUMAN:sp|Q9UQ16|DYN3_HUMAN:sp|Q8NDA8|MROH1_HUMAN:sp|Q96P53|WDFY2_HUMAN:sp|O75426|FBX24_HUMAN:sp|Q99909|SSX3_HUMAN:sp|P11597|CETP_HUMAN:sp|Q8NDW8|TT21A_HUMAN:sp|Q9H0B3|IQCN_HUMAN:sp|A0AVF1|IFT56_HUMAN:sp|Q9Y6C2|EMIL1_HUMAN:sp|Q8WXF8|DEDD2_HUMAN:sp|Q99726|ZNT3_HUMAN:sp|B5MCY1|TDR15_HUMAN:sp|P55822|SH3BG_HUMAN:sp|Q5H9J9|T11X2_HUMAN:sp|Q5CZC0|FSIP2_HUMAN:sp|Q05193|DYN1_HUMAN:sp|O96013|PAK4_HUMAN:sp|Q8NB12|SMYD1_HUMAN:sp|B3EWG5|FM25C_HUMAN:sp|P0C7P3|SLN14_HUMAN:sp|O14832|PAHX_HUMAN,DeepNovo
V(+42.01)SKGGGGTRVV,36.78,1057.5880,11,63.6,11,0.1,353.53665,3,25.6601,7.7601,0.51,9577,HFX193_IPP292_GEL_CRC_324_Odd.raw,9.86E4,9.4E5,1,1,1,1,"Acetylation (N-term)",,0 0 14 0 0 27 27 30 7 7 5,V(+42.01)SKGGGGTRVV,sp|Q6UVK1|CSPG4_HUMAN:sp|Q9ULM3|YETS2_HUMAN:sp|Q8TF68|ZN384_HUMAN:sp|Q8N4L2|PP4P2_HUMAN:sp|P98169|ZXDB_HUMAN:sp|Q6DN14|MCTP1_HUMAN:sp|Q8N158|GPC2_HUMAN:sp|O60245|PCDH7_HUMAN:sp|Q9Y5Y6|ST14_HUMAN:sp|O75051|PLXA2_HUMAN:sp|P41225|SOX3_HUMAN:sp|Q13751|LAMB3_HUMAN:sp|Q8IWZ3|ANKH1_HUMAN:sp|P84550|SKOR1_HUMAN:sp|Q4G112|HSF5_HUMAN:sp|Q01101|INSM1_HUMAN:sp|P35221|CTNA1_HUMAN:sp|O94991|SLIK5_HUMAN:sp|Q9UL54|TAOK2_HUMAN:sp|Q9P2E7|PCD10_HUMAN:TCF7L2_DEL_A-p.K485Sfs*23_::chr10:113165058-113166058_frame=-1:sp|Q9P2N4|ATS9_HUMAN:tr|A0A7I2V3R4|A0A7I2V3R4_HUMAN:sp|Q9NRL3|STRN4_HUMAN:sp|Q9UPT8|ZC3H4_HUMAN:sp|O75822|EIF3J_HUMAN:sp|Q9ULI4|KI26A_HUMAN:sp|Q96BD0|SO4A1_HUMAN:sp|Q7Z392|TPC11_HUMAN:sp|Q5VUJ6|LRCH2_HUMAN:sp|O95259|KCNH1_HUMAN:sp|Q9HCE9|ANO8_HUMAN:sp|P26196|DDX6_HUMAN:sp|O94826|TOM70_HUMAN:sp|Q9Y5P8|P2R3B_HUMAN:sp|O15197|EPHB6_HUMAN:sp|P15924|DESP_HUMAN:sp|P56703|WNT3_HUMAN:sp|Q04446|GLGB_HUMAN:sp|Q3MJ16|PA24E_HUMAN:sp|Q13217|DNJC3_HUMAN:sp|P27361|MK03_HUMAN:sp|Q96H79|ZCCHL_HUMAN:sp|O14917|PCD17_HUMAN:sp|Q9BT81|SOX7_HUMAN:tr|A0A075B710|A0A075B710_HUMAN:sp|Q7L2J0|MEPCE_HUMAN:sp|Q05519|SRS11_HUMAN:sp|Q96G74|OTUD5_HUMAN:sp|Q3T906|GNPTA_HUMAN:sp|Q6ZN18|AEBP2_HUMAN:sp|Q9NZ56|FMN2_HUMAN:sp|Q9NP80|PLPL8_HUMAN:sp|Q9ULD0|OGDHL_HUMAN:sp|Q9P0L9|PK2L1_HUMAN:sp|Q96BY6|DOC10_HUMAN:sp|Q8WXQ8|CBPA5_HUMAN:sp|O75949|NALF2_HUMAN:sp|Q8NFP9|NBEA_HUMAN:sp|Q9Y4A8|NF2L3_HUMAN:sp|O15015|ZN646_HUMAN:sp|P11831|SRF_HUMAN:sp|Q7L014|DDX46_HUMAN:tr|A0A075B6W8|A0A075B6W8_HUMAN:sp|P43699|NKX21_HUMAN:sp|P04632|CPNS1_HUMAN:sp|Q14774|HLX_HUMAN:sp|Q8TAU0|NKX23_HUMAN:sp|Q8IY42|CD019_HUMAN:sp|Q9NWM3|CUED1_HUMAN:sp|A6NHQ2|FBLL1_HUMAN:sp|Q03052|PO3F1_HUMAN:ENO4_DEL_A-p.K207Rfs*32_::chr10:116858617-116859617_frame=-1:sp|Q9Y2X9|ZN281_HUMAN:sp|A6NCS4|NKX26_HUMAN:sp|P28329|CLAT_HUMAN:sp|P31276|HXC13_HUMAN:sp|Q9NRD8|DUOX2_HUMAN:sp|Q9ULM0|PKHH1_HUMAN:sp|A6NI15|MSGN1_HUMAN:sp|Q9UPU5|UBP24_HUMAN:sp|Q13432|U119A_HUMAN:sp|Q99856|ARI3A_HUMAN:sp|A6NL88|SHSA7_HUMAN:sp|P54727|RD23B_HUMAN:sp|Q9C0I1|MTMRC_HUMAN:sp|A8MZF0|PRR33_HUMAN:sp|Q9Y295|DRG1_HUMAN:sp|Q9NYQ8|FAT2_HUMAN:sp|Q9UJ70|NAGK_HUMAN:sp|P98168|ZXDA_HUMAN:sp|P51805|PLXA3_HUMAN:sp|Q9UG01|IF172_HUMAN:sp|Q68DC2|ANKS6_HUMAN:sp|Q06587|RING1_HUMAN:sp|Q9H8H2|DDX31_HUMAN:sp|Q8N6Y1|PCD20_HUMAN:sp|Q6RI45|BRWD3_HUMAN:sp|Q8WWN8|ARAP3_HUMAN:sp|Q15772|SPEG_HUMAN:sp|P47974|TISD_HUMAN:sp|Q5UCC4|EMC10_HUMAN:sp|Q9UJ96|KCNG2_HUMAN:sp|Q9UH99|SUN2_HUMAN:sp|Q96KJ9|COX42_HUMAN:sp|Q1MSJ5|CSPP1_HUMAN:sp|Q6Y7W6|GGYF2_HUMAN:sp|Q8TD26|CHD6_HUMAN:sp|Q9BZR6|RTN4R_HUMAN:sp|Q02878|RL6_HUMAN:sp|Q16538|GP162_HUMAN:sp|O75179|ANR17_HUMAN:sp|A2VEC9|SSPO_HUMAN:BAX_DEL_G-p.E41Rfs*19_::chr19:48955214-48956214_frame=1:sp|Q68DD2|PA24F_HUMAN:sp|Q96IK1|BOD1_HUMAN:sp|Q8N1G0|ZN687_HUMAN:sp|Q9UN70|PCDGK_HUMAN:sp|O14524|NEMP1_HUMAN:sp|Q96K80|ZC3HA_HUMAN,DeepNovo
V(+42.01)SKGGKGGLL,50.04,956.5654,10,30.0,10,0.0,479.28998,2,39.5521,-5.9479,0.41,15228,HFX193_IPP292_GEL_CRC_324_Odd.raw,3.57E5,2.94E6,1,1,1,1,"Acetylation (N-term)",,0 0 15 1 0 0 0 0 8 5,V(+42.01)SKGGKGGLL,sp|Q6UVK1|CSPG4_HUMAN:sp|Q5JTH9|RRP12_HUMAN:sp|P10646|TFPI1_HUMAN:TVP23A_DEL_A-p.F140Lfs*7_::chr16:10772846-10773846_frame=-1:sp|Q9NWM0|SMOX_HUMAN:sp|Q9Y2J0|RP3A_HUMAN:sp|P39877|PA2G5_HUMAN:sp|Q86XP3|DDX42_HUMAN:sp|Q5FYA8|ARSH_HUMAN:sp|Q08378|GOGA3_HUMAN:sp|Q5JTY5|ZNG1C_HUMAN:sp|Q15050|RRS1_HUMAN:sp|Q9ULU8|CAPS1_HUMAN:sp|Q12968|NFAC3_HUMAN:sp|Q9HCD6|TANC2_HUMAN:sp|Q9UNA1|RHG26_HUMAN:sp|Q0P670|SPEM2_HUMAN:sp|Q15697|ZN174_HUMAN:sp|Q8IUF1|ZNG1B_HUMAN:sp|Q7Z6J0|SH3R1_HUMAN:sp|P32004|L1CAM_HUMAN:sp|Q07092|COGA1_HUMAN:sp|Q9UM73|ALK_HUMAN:sp|Q9NRK6|ABCBA_HUMAN:sp|Q12901|ZN155_HUMAN:sp|P50747|BPL1_HUMAN:sp|Q587J7|TDR12_HUMAN:sp|Q9UGJ1|GCP4_HUMAN:sp|Q53EL6|PDCD4_HUMAN:sp|Q5D862|FILA2_HUMAN:sp|P59827|BPIB4_HUMAN:sp|P54803|GALC_HUMAN:sp|Q9BRT8|ZNG1A_HUMAN:sp|Q9C0E4|GRIP2_HUMAN:sp|Q6XPS3|TPTE2_HUMAN:sp|Q96AC6|KIFC2_HUMAN:DOCK3_DEL_C-p.P1852Qfs*45_::chr3:51379673-51380673_frame=-1:sp|Q6IS24|GLT17_HUMAN:sp|Q9BRP4|PAAF1_HUMAN:sp|Q15572|TAF1C_HUMAN:sp|Q6ZPA2|YS039_HUMAN:sp|A4D1E9|GTPBA_HUMAN:sp|A8K0R7|ZN839_HUMAN:sp|O43681|GET3_HUMAN:sp|P0DJR0|GIMD1_HUMAN:sp|P23560|BDNF_HUMAN:sp|Q9UBB5|MBD2_HUMAN:sp|Q8NCN5|PDPR_HUMAN:sp|Q8WW38|FOG2_HUMAN:sp|P16066|ANPRA_HUMAN:sp|Q8N5J4|SPIC_HUMAN:sp|P50897|PPT1_HUMAN:sp|Q9BSJ8|ESYT1_HUMAN:sp|Q9HBI0|PARVG_HUMAN:sp|P51690|ARSL_HUMAN:sp|B6A8C7|TARM1_HUMAN:sp|Q5VWQ8|DAB2P_HUMAN:sp|Q9ULV5|HSF4_HUMAN:sp|Q8N6L1|KTAP2_HUMAN:sp|P39900|MMP12_HUMAN:SEC31A_INS_--T_p.I462Nfs*2::chr4:82863911-82864912_frame=3:sp|Q6NS38|ALKB2_HUMAN:sp|Q5H8C1|FREM1_HUMAN:sp|Q9BWG4|SSBP4_HUMAN:sp|Q92771|DDX12_HUMAN:sp|P22670|RFX1_HUMAN:sp|Q9HCK4|ROBO2_HUMAN:tr|A0A8Q3SIG1|A0A8Q3SIG1_HUMAN:sp|Q5T8A7|PPR26_HUMAN:sp|Q9ULJ7|ANR50_HUMAN:sp|A6NHQ2|FBLL1_HUMAN:sp|Q86XK7|VSIG1_HUMAN:sp|P01889|HLAB_HUMAN:sp|P62805|H4_HUMAN:sp|Q4V339|ZNG1F_HUMAN:sp|Q9H2K2|TNKS2_HUMAN:sp|Q96EG3|ZN837_HUMAN:sp|Q8TD08|MK15_HUMAN:sp|Q5VUM1|SDHF4_HUMAN:sp|Q674X7|KAZRN_HUMAN:sp|P13747|HLAE_HUMAN:sp|O75445|USH2A_HUMAN:sp|O14764|GBRD_HUMAN:sp|Q8IY21|DDX60_HUMAN:sp|P56715|RP1_HUMAN:sp|Q96FC9|DDX11_HUMAN:sp|P54727|RD23B_HUMAN:sp|P10321|HLAC_HUMAN:sp|O43292|GPAA1_HUMAN:sp|Q2NKX8|ERC6L_HUMAN:sp|Q9C0D5|TANC1_HUMAN:sp|Q9NZC3|GDE1_HUMAN:sp|P20908|CO5A1_HUMAN:sp|O75356|ENTP5_HUMAN:MSH3_DEL_A-p.K383Rfs*32_::chr5:80674596-80675596_frame=-2:sp|Q6UWN8|ISK6_HUMAN:sp|P53597|SUCA_HUMAN:sp|Q4ZHG4|FNDC1_HUMAN:sp|Q9NZU5|LMCD1_HUMAN:sp|P42345|MTOR_HUMAN:sp|P0C1S8|WEE2_HUMAN:sp|Q9Y426|C2CD2_HUMAN:sp|Q99959|PKP2_HUMAN:sp|P22415|USF1_HUMAN:sp|Q9Y2U2|KCNK7_HUMAN:sp|Q14934|NFAC4_HUMAN:sp|P34931|HS71L_HUMAN:sp|Q5UCC4|EMC10_HUMAN:sp|Q7L273|KCTD9_HUMAN:sp|P50607|TUB_HUMAN:sp|Q10571|MN1_HUMAN:sp|P51689|ARSD_HUMAN:sp|Q4G0P3|HYDIN_HUMAN:sp|Q08AM6|VAC14_HUMAN:sp|Q96SQ9|CP2S1_HUMAN:sp|Q9NZB2|F120A_HUMAN:MXRA8_DEL_G-p.R301Gfs*107_::chr1:1354230-1355230_frame=2:sp|Q8N1G0|ZN687_HUMAN:sp|P06213|INSR_HUMAN:sp|Q96BY2|MOAP1_HUMAN,DeepNovo
V(+42.01)SKKKKGTVVL,51.47,1227.7914,11,63.6,11,2.0,410.27191,3,21.0003,8.5003,0.06,7715,HFX193_IPP292_GEL_CRC_324_Odd.raw,1.6E5,3.41E6,2,2,1,1,"Acetylation (N-term)",,0 0 18 8 7 7 0 0 7 21 5,V(+42.01)SKKKKGTVVL,sp|Q14684|RRP1B_HUMAN:sp|Q9NZJ0|DTL_HUMAN:sp|P48556|PSMD8_HUMAN:sp|O14654|IRS4_HUMAN:sp|O60290|ZN862_HUMAN:sp|Q8TF68|ZN384_HUMAN:sp|Q04743|EMX2_HUMAN:sp|Q7Z570|Z804A_HUMAN:sp|Q5H9B9|BM2KL_HUMAN:sp|P58418|CLRN1_HUMAN:sp|Q8N5I9|NOPC1_HUMAN:sp|Q76M96|CCD80_HUMAN:sp|P0C881|R10B1_HUMAN:sp|P20929|NEBU_HUMAN:sp|Q13574|DGKZ_HUMAN:sp|Q13428|TCOF_HUMAN:sp|Q96MZ0|GD1L1_HUMAN:sp|B1AK76|SNUFL_HUMAN:sp|Q6UB98|ANR12_HUMAN:sp|Q5F1R6|DJC21_HUMAN:sp|Q8N9Z9|LMTD1_HUMAN:CKAP2_DEL_A-p.K605Rfs*14_::chr13:52474399-52475399_frame=1:sp|O75071|EFC14_HUMAN:SEC31A_DEL_T-p.I462Lfs*16_::chr4:82863912-82864912_frame=-1:sp|O14512|SOCS7_HUMAN:sp|Q7Z6E9|RBBP6_HUMAN:sp|O75151|PHF2_HUMAN:sp|Q8N3J3|HROB_HUMAN:sp|P24588|AKAP5_HUMAN:sp|Q93073|SBP2L_HUMAN:sp|Q96QE3|ATAD5_HUMAN:sp|Q13620|CUL4B_HUMAN:sp|Q14541|HNF4G_HUMAN:sp|Q969F0|FATE1_HUMAN:sp|Q9Y6M7|S4A7_HUMAN:sp|Q9NWH7|SPAT6_HUMAN:sp|Q8IXW0|LMTD2_HUMAN:sp|Q9UKG4|S13A4_HUMAN:sp|P29084|T2EB_HUMAN:sp|Q9H7E9|CH033_HUMAN:sp|Q15714|T22D1_HUMAN:sp|Q96GZ6|S41A3_HUMAN:sp|Q8WWK9|CKAP2_HUMAN:sp|Q14687|GSE1_HUMAN:sp|Q96AV8|E2F7_HUMAN:sp|Q8IVL0|NAV3_HUMAN:sp|O60333|KIF1B_HUMAN:sp|Q4G0J3|LARP7_HUMAN:sp|Q14919|NC2A_HUMAN:sp|A0A1B0GTR4|SPRR5_HUMAN:sp|Q13009|TIAM1_HUMAN:sp|Q6NVU6|UFSP1_HUMAN:sp|Q2KJY2|KI26B_HUMAN:sp|Q14674|ESPL1_HUMAN:sp|P46977|STT3A_HUMAN:sp|Q9Y618|NCOR2_HUMAN:sp|Q8IYE0|CC146_HUMAN:sp|Q8WXW3|PIBF1_HUMAN:sp|P23497|SP100_HUMAN:sp|Q9BX84|TRPM6_HUMAN:sp|Q58F21|BRDT_HUMAN:sp|Q12830|BPTF_HUMAN:sp|Q9ULV3|CIZ1_HUMAN:sp|Q9UQ35|SRRM2_HUMAN:sp|B2RPK0|HGB1A_HUMAN:sp|Q08945|SSRP1_HUMAN:sp|Q8NEN0|ARMC2_HUMAN:sp|Q9P0V3|SH3B4_HUMAN:sp|Q15291|RBBP5_HUMAN:SEC31A_DEL_T-p.I462Lfs*16_::chr4:82863912-82864912_frame=-3:sp|Q86W11|ZSC30_HUMAN:sp|O75367|H2AY_HUMAN:sp|Q9UGM5|FETUB_HUMAN:sp|P29375|KDM5A_HUMAN:sp|A8MYZ6|FOXO6_HUMAN:sp|P62269|RS18_HUMAN:sp|Q7Z333|SETX_HUMAN:sp|Q9NSY1|BMP2K_HUMAN:sp|Q14439|GP176_HUMAN:sp|Q9H0K1|SIK2_HUMAN:sp|Q0D2H9|GOG8D_HUMAN:ADD3_DEL_A-p.K701Rfs*8_::chr10:110133092-110134092_frame=2:sp|Q8NFC6|BD1L1_HUMAN:sp|Q9P2G4|MAP10_HUMAN:DDX27_DEL_A-p.K660Rfs*4_::chr20:49241467-49242467_frame=-3:sp|Q9Y4P3|TBL2_HUMAN:sp|O43719|HTSF1_HUMAN:sp|A0AUZ9|KAL1L_HUMAN:sp|O75643|U520_HUMAN:sp|Q9UEY8|ADDG_HUMAN:sp|Q9BXC9|BBS2_HUMAN:sp|Q5K651|SAMD9_HUMAN:sp|Q8WWQ0|PHIP_HUMAN:ADD3_INS_--A_p.E702Gfs*4::chr10:110133091-110134092_frame=3:sp|Q6ZQQ2|S31D1_HUMAN:AKAP7_DEL_A-p.K79Rfs*21_::chr6:131159636-131160636_frame=-1:sp|Q9C0D5|TANC1_HUMAN:sp|O43670|ZN207_HUMAN:sp|Q9UL01|DSE_HUMAN:sp|P49591|SYSC_HUMAN:sp|B2RC85|R10B2_HUMAN:sp|O94915|FRYL_HUMAN:sp|P19827|ITIH1_HUMAN:sp|Q9NZJ4|SACS_HUMAN:sp|P47974|TISD_HUMAN:sp|Q9NVP1|DDX18_HUMAN:sp|Q8N3K9|CMYA5_HUMAN:sp|A0PK00|T120B_HUMAN:sp|O75190|DNJB6_HUMAN:sp|Q8WYB5|KAT6B_HUMAN:sp|P53804|TTC3_HUMAN:sp|P62491|RB11A_HUMAN:sp|Q96MT3|PRIC1_HUMAN:sp|Q3ZLR7|SP201_HUMAN:sp|Q03164|KMT2A_HUMAN:sp|O94762|RECQ5_HUMAN:sp|Q9ULH7|MRTFB_HUMAN:sp|Q96NI6|LRFN5_HUMAN:sp|P57052|RBM11_HUMAN:sp|Q9NZW5|PALS2_HUMAN,DeepNovo
V(+42.01)SKLLGA,36.17,728.4432,7,71.4,7,0.8,729.45105,1,71.6727,-18.1273,0.84,28069,HFX193_IPP292_GEL_CRC_324_Even.raw,1.34E5,8.64E5,1,1,1,1,"Acetylation (N-term)",,0 0 2 18 57 11 5,V(+42.01)SKLLGA,sp|Q8WWL7|CCNB3_HUMAN:sp|Q9H9F9|ARP5_HUMAN:sp|Q9NYB5|SO1C1_HUMAN:sp|P43354|NR4A2_HUMAN:sp|Q8N5C1|CAHM5_HUMAN:sp|Q7Z3V4|UBE3B_HUMAN:sp|Q96KJ4|MSLNL_HUMAN:sp|Q8NAT2|TDRD5_HUMAN:sp|A6NK44|GLOD5_HUMAN:sp|O43451|MGA_HUMAN:sp|O94778|AQP8_HUMAN:sp|O75083|WDR1_HUMAN:sp|O94804|STK10_HUMAN:sp|P17987|TCPA_HUMAN:sp|Q96RK0|CIC_HUMAN:sp|P0DTE5|UD2A2_HUMAN:sp|Q96CA5|BIRC7_HUMAN:sp|A0A075B6W5|TVA23_HUMAN:sp|P13686|PPA5_HUMAN:sp|Q16527|CSRP2_HUMAN:sp|Q9P2D7|DYH1_HUMAN:sp|P08727|K1C19_HUMAN:sp|P12645|BMP3_HUMAN:sp|Q75T13|PGAP1_HUMAN:sp|Q8IWK6|AGRA3_HUMAN:sp|Q96QA5|GSDMA_HUMAN:sp|Q9Y2Q0|AT8A1_HUMAN:sp|P42704|LPPRC_HUMAN:sp|Q96HU1|SGSM3_HUMAN:sp|Q96EC8|YIPF6_HUMAN:sp|Q9H159|CAD19_HUMAN:sp|Q3KNW1|SNAI3_HUMAN:sp|O43236|SEPT4_HUMAN:sp|Q96PP9|GBP4_HUMAN:sp|Q6NUT2|D19L2_HUMAN:sp|Q6UXB0|F131A_HUMAN:sp|P22079|PERL_HUMAN:sp|P01282|VIP_HUMAN:sp|Q02962|PAX2_HUMAN:sp|Q9H313|TTYH1_HUMAN:sp|Q13813|SPTN1_HUMAN:sp|O60423|AT8B3_HUMAN:NDUFC2_DEL_AA-p.F69Cfs*9_::chr11:78072601-78073602_frame=2:sp|A0A0C4DH24|KV621_HUMAN:sp|P52292|IMA1_HUMAN:sp|Q9Y2E4|DIP2C_HUMAN:sp|O96017|CHK2_HUMAN:sp|Q9Y2X3|NOP58_HUMAN:sp|Q9H1I8|ASCC2_HUMAN:sp|Q969Z0|FAKD4_HUMAN:sp|P11532|DMD_HUMAN:sp|Q86U86|PB1_HUMAN:sp|P61011|SRP54_HUMAN:sp|Q8IWB9|TEX2_HUMAN:sp|O14981|BTAF1_HUMAN:sp|Q86XA9|HTR5A_HUMAN:sp|O15519|CFLAR_HUMAN:sp|O75541|ZN821_HUMAN:sp|Q3B8N5|PROX2_HUMAN:sp|P30281|CCND3_HUMAN:sp|Q8TDJ6|DMXL2_HUMAN:sp|Q6YP21|KAT3_HUMAN:sp|Q8TEK3|DOT1L_HUMAN:sp|A0A0A0MT36|KVD21_HUMAN:sp|Q9UFH2|DYH17_HUMAN:sp|A6NGG8|PCARE_HUMAN:sp|Q6ZMY3|SPOC1_HUMAN:sp|P16435|NCPR_HUMAN:sp|Q9NYK1|TLR7_HUMAN:sp|Q8WZ42|TITIN_HUMAN:sp|Q9UGH3|S23A2_HUMAN:sp|Q9C0A1|ZFHX2_HUMAN:sp|Q8N957|ANKF1_HUMAN:sp|Q8N271|PROM2_HUMAN:sp|Q96P88|GNRR2_HUMAN:CCDC178_DEL_TT-p.K291Nfs*11_::chr18:33332679-33333680_frame=-2:sp|Q9P2G4|MAP10_HUMAN:DDX27_DEL_A-p.K660Rfs*4_::chr20:49241467-49242467_frame=-3:sp|P41181|AQP2_HUMAN:sp|Q9P2D3|HTR5B_HUMAN:sp|P30301|MIP_HUMAN:sp|Q495M9|USH1G_HUMAN:TVP23A_DEL_A-p.F140Lfs*7_::chr16:10772846-10773846_frame=-2:sp|Q9HC10|OTOF_HUMAN:sp|Q96JA4|M4A14_HUMAN:sp|Q9ULH4|LRFN2_HUMAN:sp|Q9UHI7|S23A1_HUMAN:sp|Q9NQX4|MYO5C_HUMAN:sp|P46379|BAG6_HUMAN:sp|Q76N89|HECW1_HUMAN:sp|P57057|G6PT2_HUMAN:sp|P30279|CCND2_HUMAN:sp|A7E2Y1|MYH7B_HUMAN:sp|Q68BL8|OLM2B_HUMAN:sp|Q86TH1|ATL2_HUMAN:sp|O94915|FRYL_HUMAN:sp|O95342|ABCBB_HUMAN:sp|Q6UXY1|BI2L2_HUMAN:sp|Q9Y2I1|NISCH_HUMAN:sp|P35711|SOX5_HUMAN:sp|P00533|EGFR_HUMAN:sp|Q9UN79|SOX13_HUMAN:sp|Q14576|ELAV3_HUMAN:sp|Q9BTF0|THUM2_HUMAN:sp|Q14568|HS902_HUMAN:sp|P45973|CBX5_HUMAN:sp|Q5T4F7|SFRP5_HUMAN:sp|Q9GZX5|ZN350_HUMAN:sp|Q9BX97|PLVAP_HUMAN:sp|Q07960|RHG01_HUMAN:sp|P19021|AMD_HUMAN:sp|Q5CZC0|FSIP2_HUMAN:sp|O14757|CHK1_HUMAN:sp|Q9H819|DJC18_HUMAN:sp|Q6Y2X3|DJC14_HUMAN:sp|Q2VIR3|IF2GL_HUMAN:sp|Q92696|PGTA_HUMAN:sp|Q13835|PKP1_HUMAN:sp|P31629|ZEP2_HUMAN:sp|Q15036|SNX17_HUMAN,DeepNovo
V(+42.01)SKRKFPL,27.05,1015.6178,8,12.5,8,4.5,339.54807,3,37.6859,-6.5141,0.01,14450,HFX193_IPP292_GEL_CRC_324_Odd.raw,1.25E6,9.96E6,3,3,3,3,"Acetylation (N-term)",,0 0 0 0 1 0 0 5,V(+42.01)SKRKFPL,,DeepNovo
V(+42.01)SKVFR,18.62,776.4545,6,66.7,6,-1.0,389.23410,2,36.0074,2.5074,0.49,13784,HFX193_IPP292_GEL_CRC_324_Odd.raw,,,1,1,0,0,"Acetylation (N-term)",,0 0 8 2 2 3,V(+42.01)SKVFR,,DeepNovo
V(+42.01)SKVGEPRL,34.08,1025.5869,9,44.4,9,0.7,513.80109,2,45.0696,-10.2304,0.42,17443,HFX193_IPP292_GEL_CRC_324_Even.raw,1.29E5,1.39E6,1,1,1,1,"Acetylation (N-term)",,0 0 1 4 4 2 1 1 3,V(+42.01)SKVGEPRL,sp|Q96RK0|CIC_HUMAN:sp|Q01638|ILRL1_HUMAN:sp|Q8IXI2|MIRO1_HUMAN:sp|P32418|NAC1_HUMAN:sp|Q2YD98|UVSSA_HUMAN:sp|Q9H6Y5|MAGIX_HUMAN:sp|O95785|WIZ_HUMAN:sp|Q8NDH2|CC168_HUMAN:sp|Q9NYZ3|GTSE1_HUMAN:sp|Q6ZW31|SYDE1_HUMAN:sp|Q8IVF4|DYH10_HUMAN:sp|Q9UKL3|C8AP2_HUMAN:sp|Q8WTU2|SRB4D_HUMAN:sp|P13797|PLST_HUMAN:sp|Q2Q1W2|LIN41_HUMAN:sp|Q2KHN1|RN151_HUMAN:sp|Q8N8Q1|C56D1_HUMAN:sp|Q96T21|SEBP2_HUMAN,DeepNovo
V(+42.01)SKVGGGAEV,35.89,943.4974,10,60.0,10,2.7,472.75726,2,42.9959,2.9959,0.32,16582,HFX193_IPP292_GEL_CRC_324_Even.raw,1.8E6,1.13E7,2,2,2,2,"Acetylation (N-term)",,0 0 6 6 5 0 0 11 3 5,V(+42.01)SKVGGGAEV,sp|C0HLZ6|HAS3P_HUMAN:sp|Q5TF21|SOGA3_HUMAN:sp|Q6ZV70|LANC3_HUMAN:sp|Q9BTW9|TBCD_HUMAN:sp|Q9H461|FZD8_HUMAN:sp|Q9Y5U2|TSSC4_HUMAN:sp|P11474|ERR1_HUMAN:sp|Q9Y4F9|RIPR2_HUMAN:sp|Q10570|CPSF1_HUMAN:sp|Q9NUQ3|TXLNG_HUMAN:sp|P52797|EFNA3_HUMAN:sp|Q8N4K4|RPRML_HUMAN:sp|Q9H920|RN121_HUMAN:sp|Q15543|TAF13_HUMAN:sp|P34897|GLYM_HUMAN:sp|Q8NH70|O4A16_HUMAN:sp|P02765|FETUA_HUMAN:sp|Q2T9J0|TYSD1_HUMAN:sp|Q9Y5R5|DMRT2_HUMAN:sp|P42695|CNDD3_HUMAN:sp|P0DKB6|MPC1L_HUMAN:sp|Q09666|AHNK_HUMAN:sp|Q9Y6W6|DUS10_HUMAN:sp|A1A5C7|S22AN_HUMAN:sp|Q9P2G4|MAP10_HUMAN:sp|P30291|WEE1_HUMAN:sp|P0DPI2|GAL3A_HUMAN:sp|Q14315|FLNC_HUMAN:sp|Q13263|TIF1B_HUMAN:sp|Q15084|PDIA6_HUMAN:sp|O15067|PUR4_HUMAN:sp|O94812|BAIP3_HUMAN:sp|Q2PPJ7|RGPA2_HUMAN:sp|C9JVW0|INAM1_HUMAN:sp|Q2TV78|MST1L_HUMAN:sp|Q8NH83|OR4A5_HUMAN:sp|P43304|GPDM_HUMAN:sp|Q6PJ61|FBX46_HUMAN:sp|P57058|HUNK_HUMAN:sp|Q8N9M5|TM102_HUMAN:sp|Q9Y6J9|TAF6L_HUMAN:sp|Q8NDL9|CBPC5_HUMAN:sp|Q9NTX5|ECHD1_HUMAN:sp|Q06587|RING1_HUMAN:sp|Q9UDV7|ZN282_HUMAN:sp|O43151|TET3_HUMAN:sp|Q9NXH8|TOR4A_HUMAN:sp|Q7Z5L3|C1QL2_HUMAN:sp|Q9ULK6|RN150_HUMAN:sp|A8K0R7|ZN839_HUMAN:sp|Q8WXG9|AGRV1_HUMAN:sp|Q8N6Q3|CD177_HUMAN:sp|Q9BTM9|URM1_HUMAN:sp|P15056|BRAF_HUMAN:sp|Q9UD57|NKX12_HUMAN:sp|Q8WUZ0|BCL7C_HUMAN:sp|Q6XUX3|DUSTY_HUMAN:sp|Q9NUD5|ZCHC3_HUMAN:sp|Q9NZ56|FMN2_HUMAN:sp|Q8N653|LZTR1_HUMAN:sp|Q9H3H3|CK068_HUMAN:sp|O15037|KHNYN_HUMAN:sp|Q7Z5N4|SDK1_HUMAN:sp|A4D2B8|PM2P1_HUMAN:sp|Q9P2R7|SUCB1_HUMAN:sp|Q03468|ERCC6_HUMAN:sp|A0A0B4J2D5|GAL3B_HUMAN:sp|P0DPA2|VSIG8_HUMAN,DeepNovo
V(+42.01)SLEKHTL,26.74,967.5338,8,50.0,8,-0.3,484.77405,2,43.5207,-3.7793,0.57,16829,HFX193_IPP292_GEL_CRC_324_Odd.raw,,,1,1,0,0,"Acetylation (N-term)",,0 0 7 5 0 0 7 5,V(+42.01)SLEKHTL,,DeepNovo
V(+42.01)SLEKKAVL,31.89,1027.6277,9,55.6,9,1.5,514.82190,2,53.9843,-10.8157,0.67,20945,HFX193_IPP292_GEL_CRC_324_Even.raw,1.99E5,2.17E6,1,1,1,1,"Acetylation (N-term)",,0 0 16 9 5 1 1 24 5,V(+42.01)SLEKKAVL,sp|Q04917|1433F_HUMAN:sp|P48556|PSMD8_HUMAN:sp|A1A519|F170A_HUMAN:sp|A6NF01|P121B_HUMAN:ESRP1_DEL_A-p.N512Tfs*2_::chr8:94673883-94674883_frame=-1:sp|A0A1W2PPK0|CPHL2_HUMAN:sp|Q8IXK0|PHC2_HUMAN:sp|P04275|VWF_HUMAN:sp|Q7Z6B0|CCD91_HUMAN:sp|Q6AI08|HEAT6_HUMAN:sp|P48023|TNFL6_HUMAN:sp|Q14957|NMDE3_HUMAN:sp|Q9NXE8|CWC25_HUMAN:sp|O43933|PEX1_HUMAN:sp|O43759|SNG1_HUMAN:sp|Q6IQ26|DEN5A_HUMAN:sp|Q6NSJ2|PHLB3_HUMAN:sp|Q8IX21|SLF2_HUMAN:sp|Q9BV29|CCD32_HUMAN:sp|Q6IQ32|ADNP2_HUMAN:sp|P15336|ATF2_HUMAN:sp|Q9P2E7|PCD10_HUMAN:sp|O75151|PHF2_HUMAN:sp|Q70SY1|CR3L2_HUMAN:sp|O75460|ERN1_HUMAN:sp|Q8N895|ZN366_HUMAN:sp|Q9NYC9|DYH9_HUMAN:sp|Q66K41|Z385C_HUMAN:sp|Q6PL18|ATAD2_HUMAN:sp|Q5TZA2|CROCC_HUMAN:sp|Q765P7|MTSS2_HUMAN:sp|Q9H582|ZN644_HUMAN:sp|O60318|GANP_HUMAN:sp|Q969F0|FATE1_HUMAN:sp|Q5QJE6|TDIF2_HUMAN:sp|Q96N67|DOCK7_HUMAN:sp|Q8N139|ABCA6_HUMAN:sp|Q14397|GCKR_HUMAN:sp|Q14108|SCRB2_HUMAN:sp|P15884|ITF2_HUMAN:sp|Q8N3E9|PLCD3_HUMAN:sp|Q5QJ38|TCHL1_HUMAN:sp|Q14980|NUMA1_HUMAN:sp|P23471|PTPRZ_HUMAN:sp|Q6P1X5|TAF2_HUMAN:sp|Q8NA19|LMBL4_HUMAN:sp|Q8IYX8|CE57L_HUMAN:tr|A0A1W2PR80|A0A1W2PR80_HUMAN:sp|Q86YT9|JAML_HUMAN:sp|Q9Y493|ZAN_HUMAN:sp|P28289|TMOD1_HUMAN:sp|Q9P2P6|STAR9_HUMAN:sp|Q9UKA4|AKA11_HUMAN:sp|O60268|K0513_HUMAN:sp|Q15746|MYLK_HUMAN:sp|Q9BSW2|EFC4B_HUMAN:sp|Q9H2I8|LRMDA_HUMAN:sp|O00423|EMAL1_HUMAN:sp|P42226|STAT6_HUMAN:sp|Q96BD5|PF21A_HUMAN:sp|Q8IUG5|MY18B_HUMAN:sp|Q8NGS3|OR1J1_HUMAN:sp|P59797|SELV_HUMAN:sp|Q9NS00|C1GLT_HUMAN:sp|P53618|COPB_HUMAN:sp|Q9BUE6|ISCA1_HUMAN:sp|P51671|CCL11_HUMAN:sp|A2AJT9|BCLA3_HUMAN:sp|Q4LDR2|CTXN3_HUMAN:sp|Q15018|ABRX2_HUMAN:sp|Q27J81|INF2_HUMAN:sp|Q96KP6|TNIP3_HUMAN:sp|Q96JM4|LRIQ1_HUMAN:sp|P21728|DRD1_HUMAN:sp|Q9H0K1|SIK2_HUMAN:sp|Q969S3|ZN622_HUMAN:sp|Q9H2K2|TNKS2_HUMAN:sp|Q9BUB5|MKNK1_HUMAN:sp|Q96E40|SACA9_HUMAN:sp|Q8IY21|DDX60_HUMAN:sp|Q5T5P2|SKT_HUMAN:sp|Q96HE7|ERO1A_HUMAN:sp|Q15431|SYCP1_HUMAN:sp|Q15075|EEA1_HUMAN:sp|Q9P2D1|CHD7_HUMAN:sp|Q70CQ2|UBP34_HUMAN:sp|Q9UHA4|LTOR3_HUMAN:sp|O15055|PER2_HUMAN:NDUFC2_DEL_AA-p.F69Cfs*9_::chr11:78072601-78073602_frame=1:sp|Q9P2K9|DISP3_HUMAN:sp|Q9UKV3|ACINU_HUMAN:sp|P37059|DHB2_HUMAN:sp|P04279|SEMG1_HUMAN:sp|P15559|NQO1_HUMAN:sp|O95185|UNC5C_HUMAN:sp|Q8TCU6|PREX1_HUMAN:sp|Q569K4|Z385B_HUMAN:sp|Q9NZJ4|SACS_HUMAN:sp|Q9H9B4|SFXN1_HUMAN:sp|Q96L92|SNX27_HUMAN:sp|P62258|1433E_HUMAN:sp|Q53EQ6|TIGD5_HUMAN:sp|Q86UK0|ABCAC_HUMAN:sp|O60336|MABP1_HUMAN:sp|Q6WBX8|RAD9B_HUMAN:sp|Q16563|SYPL1_HUMAN:sp|Q86YR7|MF2L2_HUMAN:sp|Q9ULD2|MTUS1_HUMAN:sp|O75553|DAB1_HUMAN:sp|Q8IYW2|CFA46_HUMAN:sp|O75330|HMMR_HUMAN:sp|P52746|ZN142_HUMAN:sp|Q9UKU0|ACSL6_HUMAN:sp|Q8NI60|COQ8A_HUMAN:sp|Q9NXP7|GIN1_HUMAN:sp|Q9UM54|MYO6_HUMAN:sp|Q03164|KMT2A_HUMAN:sp|Q9UJX3|APC7_HUMAN:sp|Q9BUH6|PAXX_HUMAN:sp|Q8IWU2|LMTK2_HUMAN,DeepNovo
V(+42.01)SLEKV,11.09,715.4116,6,33.3,6,0.6,358.71329,2,45.4852,-13.8148,0.57,17629,HFX193_IPP292_GEL_CRC_324_Even.raw,3.17E5,2.19E6,1,1,1,1,"Acetylation (N-term)",,0 0 6 6 1 1,V(+42.01)SLEKV,sp|O14896|IRF6_HUMAN:sp|O43379|WDR62_HUMAN:sp|Q08AD1|CAMP2_HUMAN,DB Search
V(+42.01)SLGAKHTL,45.66,966.5498,9,55.6,9,1.6,484.28293,2,41.8327,-8.8673,0.60,16126,HFX193_IPP292_GEL_CRC_324_Odd.raw,3.89E6,2.53E7,1,1,1,1,"Acetylation (N-term)",,0 0 17 0 0 8 13 5 5,V(+42.01)SLGAKHTL,sp|Q86U17|SPA11_HUMAN:sp|Q9H788|SH24A_HUMAN:sp|A0A5B0|TVB14_HUMAN:sp|Q14161|GIT2_HUMAN:sp|Q49AG3|ZBED5_HUMAN:sp|P17035|ZNF28_HUMAN:sp|O43623|SNAI2_HUMAN:sp|Q8IV32|CCD71_HUMAN:sp|Q5VYP0|S31A3_HUMAN:sp|Q7Z3S7|CA2D4_HUMAN:sp|Q14004|CDK13_HUMAN:sp|Q6NUI6|CHADL_HUMAN:sp|Q8TDR2|STK35_HUMAN:sp|Q2M3G0|ABCB5_HUMAN:sp|Q9H2A2|AL8A1_HUMAN:sp|B2RUZ4|SMIM1_HUMAN:sp|Q96L58|B3GT6_HUMAN:sp|Q8WUX1|S38A5_HUMAN:sp|Q07890|SOS2_HUMAN:sp|P62913|RL11_HUMAN:sp|Q5VVP1|S31A6_HUMAN:sp|P16144|ITB4_HUMAN:sp|Q9NY15|STAB1_HUMAN:sp|O95267|GRP1_HUMAN:sp|P49221|TGM4_HUMAN:sp|Q8N6G5|CGAT2_HUMAN:sp|Q96KP1|EXOC2_HUMAN:sp|P59826|BPIB3_HUMAN:sp|Q9H0G5|NSRP1_HUMAN:sp|Q96RT7|GCP6_HUMAN:sp|P19474|RO52_HUMAN:sp|Q9UPQ9|TNR6B_HUMAN:sp|P04844|RPN2_HUMAN:sp|P0DKV0|S31C1_HUMAN:sp|P42226|STAT6_HUMAN:sp|Q7Z2K8|GRIN1_HUMAN:sp|Q9BX40|LS14B_HUMAN:sp|A0A0B4J2D5|GAL3B_HUMAN:sp|P35609|ACTN2_HUMAN:sp|Q8WXI7|MUC16_HUMAN:sp|Q9NRP7|STK36_HUMAN:sp|Q9NP61|ARFG3_HUMAN:sp|Q4KMG0|CDON_HUMAN:sp|Q08043|ACTN3_HUMAN:sp|Q9UHV7|MED13_HUMAN:sp|P39060|COIA1_HUMAN:sp|Q8NB90|SPAT5_HUMAN:sp|Q5VU36|S31A5_HUMAN:sp|Q96KW2|P12L2_HUMAN:sp|O43247|TEX33_HUMAN:sp|Q5TZJ5|S31A1_HUMAN:sp|Q0VF96|CGNL1_HUMAN:sp|P46019|KPB2_HUMAN:sp|O76014|KRT37_HUMAN:sp|Q9Y2R4|DDX52_HUMAN:sp|Q14896|MYPC3_HUMAN:sp|Q9Y6Q6|TNR11_HUMAN:sp|Q8TBG4|AT2L1_HUMAN:sp|Q8TEW8|PAR3L_HUMAN:sp|Q6ZT21|TMPPE_HUMAN:sp|P06748|NPM_HUMAN:sp|Q9UJD0|RIMS3_HUMAN:sp|P0DPI2|GAL3A_HUMAN:sp|Q8IWY9|CDAN1_HUMAN:sp|Q9H5I5|PIEZ2_HUMAN:sp|Q9Y2X7|GIT1_HUMAN:sp|Q96GA7|SDSL_HUMAN:sp|P25963|IKBA_HUMAN:sp|Q96BT7|ALKB8_HUMAN:sp|Q70CQ2|UBP34_HUMAN:sp|O14746|TERT_HUMAN:sp|Q5SY85|F201A_HUMAN:sp|P53675|CLH2_HUMAN:sp|Q8NCC3|PAG15_HUMAN:sp|O43707|ACTN4_HUMAN:sp|O15118|NPC1_HUMAN:sp|P27105|STOM_HUMAN:sp|Q76LX8|ATS13_HUMAN:sp|A6NCN8|TEX52_HUMAN:sp|Q6XZB0|LIPI_HUMAN:sp|Q96P31|FCRL3_HUMAN:sp|Q53H76|PLA1A_HUMAN:sp|Q5VIY5|ZN468_HUMAN:sp|Q8WWY8|LIPH_HUMAN:sp|Q9HBX9|RXFP1_HUMAN:sp|Q6P6B7|ANR16_HUMAN:sp|Q16698|DECR_HUMAN:sp|P20742|PZP_HUMAN:sp|Q8IWB4|S31A7_HUMAN:sp|P59551|T2R60_HUMAN:sp|O00767|SCD_HUMAN:sp|Q7Z5V6|PPR32_HUMAN:sp|Q96PK6|RBM14_HUMAN:sp|P07307|ASGR2_HUMAN:sp|P00451|FA8_HUMAN:sp|Q9UJQ4|SALL4_HUMAN:sp|Q96HY7|DHTK1_HUMAN:sp|B4DYI2|S31C2_HUMAN:sp|P14679|TYRO_HUMAN:sp|O76015|KRT38_HUMAN:sp|Q09472|EP300_HUMAN:sp|Q86SF2|GALT7_HUMAN:sp|Q6IMI4|ST6B1_HUMAN:sp|Q03001|DYST_HUMAN:sp|P17301|ITA2_HUMAN:sp|P12814|ACTN1_HUMAN:sp|P17275|JUNB_HUMAN,DeepNovo
V(+42.01)SLGLK,22.89,657.4061,6,66.7,6,0.8,329.71060,2,47.6423,-19.5577,0.41,18481,HFX193_IPP292_GEL_CRC_324_Odd.raw,4.62E5,3.14E6,1,1,1,1,"Acetylation (N-term)",,0 0 9 3 3 5,V(+42.01)SLGLK,sp|P21333|FLNA_HUMAN:sp|Q9HCD6|TANC2_HUMAN:sp|Q14315|FLNC_HUMAN:sp|Q99676|ZN184_HUMAN:sp|A0FGR9|ESYT3_HUMAN,DB Search
V(+42.01)SLKGGL,25.46,714.4276,7,14.3,7,0.7,358.22131,2,59.4625,-13.8375,0.31,23159,HFX193_IPP292_GEL_CRC_324_Even.raw,2.32E5,1.51E6,1,1,1,1,"Acetylation (N-term)",,0 0 0 0 0 0 5,V(+42.01)SLKGGL,sp|Q9H7U1|CCSE2_HUMAN:sp|Q96LW4|PRIPO_HUMAN:sp|Q01484|ANK2_HUMAN:sp|Q8TDX9|PK1L1_HUMAN:sp|Q8TBE9|NANP_HUMAN:sp|Q5VTQ0|TT39B_HUMAN:ESRP1_DEL_A-p.N512Tfs*2_::chr8:94673883-94674883_frame=-1:sp|Q3B8N2|LEG9B_HUMAN:sp|Q9UQR1|ZN148_HUMAN:sp|Q96Q06|PLIN4_HUMAN:sp|Q6DKI2|LEG9C_HUMAN:sp|Q5W0N0|CI057_HUMAN:sp|Q8IWT3|CUL9_HUMAN:sp|O60397|COX7S_HUMAN:sp|O00442|RTCA_HUMAN:sp|Q14997|PSME4_HUMAN:sp|O60299|LZTS3_HUMAN:sp|Q09666|AHNK_HUMAN:sp|Q9Y6W6|DUS10_HUMAN:sp|Q9Y4R8|TELO2_HUMAN:sp|O14686|KMT2D_HUMAN:sp|Q96PV4|PNMA5_HUMAN:sp|P46940|IQGA1_HUMAN:sp|Q96MN2|NALP4_HUMAN:sp|Q7Z442|PK1L2_HUMAN:sp|Q9H0L4|CSTFT_HUMAN:sp|P56715|RP1_HUMAN:sp|Q14315|FLNC_HUMAN:sp|Q9Y6R4|M3K4_HUMAN:sp|Q8N1V2|CFA52_HUMAN:sp|O00182|LEG9_HUMAN:sp|Q8TF72|SHRM3_HUMAN:sp|Q9UPA5|BSN_HUMAN:sp|Q9UMN6|KMT2B_HUMAN:sp|P51800|CLCKA_HUMAN:sp|E9PAV3|NACAM_HUMAN:sp|P24310|CX7A1_HUMAN:tr|A0A0J9YXV3|A0A0J9YXV3_HUMAN:sp|Q53EU6|GPAT3_HUMAN:sp|Q8IZJ3|CPMD8_HUMAN:sp|Q99572|P2RX7_HUMAN:sp|Q5SRH9|TT39A_HUMAN:sp|Q99459|CDC5L_HUMAN:sp|Q9ULL8|SHRM4_HUMAN:sp|O43151|TET3_HUMAN:sp|Q9C0E4|GRIP2_HUMAN:sp|Q06609|RAD51_HUMAN:sp|Q9UNK4|PA2GD_HUMAN:sp|Q8NHU2|CFA61_HUMAN:sp|Q8N1P7|CRBG2_HUMAN:sp|Q5THJ4|VP13D_HUMAN:sp|Q86SG7|LYG2_HUMAN:sp|P16284|PECA1_HUMAN:sp|P59910|DJB13_HUMAN:sp|Q9UIV1|CNOT7_HUMAN:sp|P00750|TPA_HUMAN:sp|Q86XR2|NIBA3_HUMAN:sp|Q9BXR0|TGT_HUMAN:sp|Q5T7W7|TSTD2_HUMAN:sp|Q8N6L1|KTAP2_HUMAN:sp|O75161|NPHP4_HUMAN:sp|Q13421|MSLN_HUMAN:sp|Q9UFF9|CNOT8_HUMAN:sp|Q32NC0|CR021_HUMAN:sp|Q5TH69|BIG3_HUMAN:sp|P11532|DMD_HUMAN:sp|P56470|LEG4_HUMAN:sp|Q7L5A3|ATOSB_HUMAN:sp|Q15311|RBP1_HUMAN:sp|Q6NYC8|PPR18_HUMAN,DeepNovo
V(+42.01)SLKKDLKV,26.68,1070.6699,9,55.6,9,0.0,357.89725,3,30.0820,-16.0180,0.29,11345,HFX193_IPP292_GEL_CRC_324_Even.raw,6.16E7,4.24E8,2,2,2,2,"Acetylation (N-term)",,0 0 2 9 5 1 1 4 4,V(+42.01)SLKKDLKV,sp|P0C7W6|CC172_HUMAN:sp|P35968|VGFR2_HUMAN:sp|Q96J84|KIRR1_HUMAN:sp|Q93034|CUL5_HUMAN:sp|Q96QE4|LR37B_HUMAN:sp|Q562E7|WDR81_HUMAN:sp|Q96NH3|BROMI_HUMAN:sp|Q6IQ26|DEN5A_HUMAN:sp|P11055|MYH3_HUMAN:sp|P33992|MCM5_HUMAN:sp|O60309|L37A3_HUMAN:sp|H7C350|CC188_HUMAN:sp|Q9C093|SPEF2_HUMAN:sp|P14373|TRI27_HUMAN:sp|Q9P2I0|CPSF2_HUMAN:sp|Q9BT04|FUZZY_HUMAN:sp|O75071|EFC14_HUMAN:sp|P46821|MAP1B_HUMAN:sp|P08476|INHBA_HUMAN:sp|Q8WV99|ZFN2B_HUMAN:sp|Q9H3S4|TPK1_HUMAN:sp|O43815|STRN_HUMAN:sp|Q13489|BIRC3_HUMAN:sp|Q9NYY8|FAKD2_HUMAN:sp|Q9Y4B5|MTCL1_HUMAN:sp|Q9BRS2|RIOK1_HUMAN:sp|Q709C8|VP13C_HUMAN:sp|Q6PL18|ATAD2_HUMAN:sp|Q9P0K7|RAI14_HUMAN:sp|Q71UI9|H2AV_HUMAN:sp|Q9Y4G8|RPGF2_HUMAN:sp|Q68CK6|ACS2B_HUMAN:sp|Q6KB66|K2C80_HUMAN:sp|Q96DN5|TBC31_HUMAN:sp|P51587|BRCA2_HUMAN:sp|O43182|RHG06_HUMAN:sp|Q8NHQ1|CEP70_HUMAN:sp|Q9H871|RMD5A_HUMAN:sp|Q9NYY1|IL20_HUMAN:sp|Q16877|F264_HUMAN:sp|Q5HYK9|ZN667_HUMAN:sp|O43592|XPOT_HUMAN:sp|P15884|ITF2_HUMAN:sp|P0CF97|F200B_HUMAN:sp|Q8IVL0|NAV3_HUMAN:sp|P0C221|CC175_HUMAN:sp|Q4G0J3|LARP7_HUMAN:sp|Q8N1K5|THMS1_HUMAN:sp|Q9UL62|TRPC5_HUMAN:sp|Q9HB71|CYBP_HUMAN:sp|Q8IUD2|RB6I2_HUMAN:sp|A0A1B0GW35|EXC1L_HUMAN:sp|Q6IQ55|TTBK2_HUMAN:sp|O15212|PFD6_HUMAN:sp|Q9BWF2|TRAIP_HUMAN:sp|Q13148|TADBP_HUMAN:sp|A4D1B5|GSAP_HUMAN:sp|Q9NZ56|FMN2_HUMAN:sp|A2CJ06|DYTN_HUMAN:sp|Q58F21|BRDT_HUMAN:sp|Q5T9S5|CCD18_HUMAN:sp|Q9Y4C4|MFHA1_HUMAN:sp|P11532|DMD_HUMAN:sp|Q96AP4|ZUP1_HUMAN:sp|Q99575|POP1_HUMAN:sp|Q8WXQ8|CBPA5_HUMAN:sp|Q9P0V3|SH3B4_HUMAN:sp|O14656|TOR1A_HUMAN:sp|Q9Y2I6|NINL_HUMAN:sp|Q8IWA6|CCD60_HUMAN:sp|Q14103|HNRPD_HUMAN:sp|Q7Z333|SETX_HUMAN:sp|Q9HCE1|MOV10_HUMAN:sp|Q7Z5J8|ANKAR_HUMAN:sp|O95613|PCNT_HUMAN:sp|Q0VF96|CGNL1_HUMAN:sp|Q8TBF5|PIGX_HUMAN:sp|Q9NRC6|SPTN5_HUMAN:sp|O43548|TGM5_HUMAN:sp|Q9P2G4|MAP10_HUMAN:sp|Q8N9K5|ZN565_HUMAN:sp|P10074|TZAP_HUMAN:sp|Q07283|TRHY_HUMAN:sp|P35240|MERL_HUMAN:sp|O15226|NKRF_HUMAN:sp|P49961|ENTP1_HUMAN:sp|Q9UBP0|SPAST_HUMAN:sp|P19484|TFEB_HUMAN:sp|Q6WCQ1|MPRIP_HUMAN:sp|Q76N89|HECW1_HUMAN:sp|Q6IQ23|PKHA7_HUMAN:sp|Q5T4T6|SYC2L_HUMAN:sp|Q5TEZ5|CF163_HUMAN:sp|P0CB48|UBFL6_HUMAN:sp|P30279|CCND2_HUMAN:sp|Q9UQ16|DYN3_HUMAN:sp|P42345|MTOR_HUMAN:sp|Q9HCX4|TRPC7_HUMAN:sp|O60885|BRD4_HUMAN:sp|Q9BXX2|AN30B_HUMAN:sp|Q8TCU6|PREX1_HUMAN:sp|O75940|SPF30_HUMAN:sp|Q9BZC7|ABCA2_HUMAN:sp|O60575|ISK4_HUMAN:sp|Q9Y623|MYH4_HUMAN:sp|Q7Z3U7|MON2_HUMAN:sp|Q08AH3|ACS2A_HUMAN:sp|Q9ULD2|MTUS1_HUMAN:sp|Q9Y666|S12A7_HUMAN:sp|P49354|FNTA_HUMAN:sp|P10155|RO60_HUMAN:sp|Q9NYU1|UGGG2_HUMAN:sp|P07307|ASGR2_HUMAN:sp|Q99567|NUP88_HUMAN:sp|O60602|TLR5_HUMAN:sp|Q9HCM4|E41L5_HUMAN:sp|Q13190|STX5_HUMAN:sp|P31629|ZEP2_HUMAN:sp|P35663|CYLC1_HUMAN:sp|O95487|SC24B_HUMAN,DeepNovo
V(+42.01)SLKKPTL,35.32,926.5800,8,75.0,8,1.7,464.29807,2,44.0614,-10.8386,0.73,17062,HFX193_IPP292_GEL_CRC_324_Odd.raw,1.64E5,1.16E6,1,1,1,1,"Acetylation (N-term)",,0 0 16 5 5 2 2 5,V(+42.01)SLKKPTL,sp|P58107|EPIPL_HUMAN:sp|A0A1B0GUS0|CS085_HUMAN:sp|Q96EW2|HBAP1_HUMAN:sp|Q9Y6X0|SETBP_HUMAN:sp|Q8WYL5|SSH1_HUMAN:sp|O43173|SIA8C_HUMAN:sp|Q13535|ATR_HUMAN:sp|Q9H792|PEAK1_HUMAN:DDX27_DEL_A-p.K660Rfs*4_::chr20:49241467-49242467_frame=2:sp|Q9P2K6|KLH42_HUMAN:sp|Q13492|PICAL_HUMAN:sp|P0C7V6|SP202_HUMAN:sp|P0C0L5|CO4B_HUMAN:sp|Q9UI26|IPO11_HUMAN:sp|Q8N5U0|CK042_HUMAN:sp|Q6ZUT1|NKAP1_HUMAN:sp|A2PYH4|HFM1_HUMAN:sp|P15336|ATF2_HUMAN:sp|Q96GC6|ZN274_HUMAN:sp|Q9NUT2|MITOS_HUMAN:sp|Q9BQI3|E2AK1_HUMAN:sp|Q9UPT8|ZC3H4_HUMAN:sp|E9PAV3|NACAM_HUMAN:sp|Q9H9L7|AKIR1_HUMAN:sp|Q9HCE7|SMUF1_HUMAN:sp|P51587|BRCA2_HUMAN:sp|Q96MK2|RIPR3_HUMAN:sp|Q9HC77|CENPJ_HUMAN:sp|Q6YHU6|THADA_HUMAN:sp|F5H4B4|F227A_HUMAN:sp|Q7RTZ1|OVCH2_HUMAN:sp|P78524|DEN2B_HUMAN:sp|O60281|ZN292_HUMAN:sp|Q8NDH2|CC168_HUMAN:sp|O14682|ENC1_HUMAN:sp|Q9BZA8|PC11Y_HUMAN:sp|Q6KC79|NIPBL_HUMAN:sp|Q9Y2X0|MED16_HUMAN:sp|Q92574|TSC1_HUMAN:sp|Q13201|MMRN1_HUMAN:sp|Q8NGI3|O56B1_HUMAN:sp|Q6ZNG9|KRBA2_HUMAN:sp|Q8N319|CF223_HUMAN:sp|Q9UHB7|AFF4_HUMAN:sp|Q8IYD8|FANCM_HUMAN:sp|P54750|PDE1A_HUMAN:sp|O43559|FRS3_HUMAN:sp|A1KZ92|PXDNL_HUMAN:sp|O00161|SNP23_HUMAN:sp|Q9BWF2|TRAIP_HUMAN:sp|Q01740|FMO1_HUMAN:sp|Q5T764|IFT1B_HUMAN:sp|Q13061|TRDN_HUMAN:sp|Q9H6A0|DEN2D_HUMAN:sp|Q96GC9|VMP1_HUMAN:sp|Q5JRM2|CX066_HUMAN:sp|Q9ULD0|OGDHL_HUMAN:sp|Q9Y535|RPC8_HUMAN:sp|P11532|DMD_HUMAN:sp|P49356|FNTB_HUMAN:sp|Q86U86|PB1_HUMAN:sp|Q5T5A4|CF276_HUMAN:sp|Q5XPI4|RN123_HUMAN:sp|O15230|LAMA5_HUMAN:sp|O14981|BTAF1_HUMAN:sp|Q9H3W5|LRRN3_HUMAN:sp|Q14517|FAT1_HUMAN:sp|Q9NRM7|LATS2_HUMAN:sp|O75626|PRDM1_HUMAN:sp|Q8TAG9|EXOC6_HUMAN:sp|P29375|KDM5A_HUMAN:sp|Q9BZA7|PC11X_HUMAN:sp|Q9NQC3|RTN4_HUMAN:sp|X6R8D5|GUCNB_HUMAN:sp|Q9Y2X9|ZN281_HUMAN:sp|Q8N8U9|BMPER_HUMAN:sp|Q9UBU7|DBF4A_HUMAN:sp|Q5VUM1|SDHF4_HUMAN:sp|Q7Z7M9|GALT5_HUMAN:sp|Q15617|OR8G1_HUMAN:sp|Q86VZ6|JAZF1_HUMAN:sp|Q14686|NCOA6_HUMAN:sp|P56715|RP1_HUMAN:sp|O95155|UBE4B_HUMAN:sp|Q68DN1|CB016_HUMAN:sp|Q8IX06|GOR_HUMAN:sp|P53667|LIMK1_HUMAN:sp|Q9ULK0|GRID1_HUMAN:sp|Q93075|TATD2_HUMAN:sp|Q9NYQ8|FAT2_HUMAN:sp|Q6AZZ1|TRI68_HUMAN:sp|P0C0L4|CO4A_HUMAN:sp|A6PVS8|LRIQ3_HUMAN:sp|Q6WRI0|IGS10_HUMAN:sp|Q9Y4F3|MARF1_HUMAN:sp|Q86VD1|MORC1_HUMAN:sp|Q9BXX2|AN30B_HUMAN:sp|Q9NZJ4|SACS_HUMAN:sp|Q9HBM0|VEZA_HUMAN:sp|Q9UPR3|SMG5_HUMAN:sp|Q9Y546|LRC42_HUMAN:sp|P24278|ZBT25_HUMAN:sp|Q9HCE3|ZN532_HUMAN:sp|Q9BZC7|ABCA2_HUMAN:sp|Q9Y4G6|TLN2_HUMAN:sp|Q8WUT9|S2543_HUMAN:sp|Q9H0H3|KLH25_HUMAN:sp|Q9NXT0|ZN586_HUMAN:sp|Q02952|AKA12_HUMAN:sp|Q8IYW2|CFA46_HUMAN:sp|P19021|AMD_HUMAN:sp|Q7Z443|PK1L3_HUMAN:sp|Q9NR48|ASH1L_HUMAN:sp|P37275|ZEB1_HUMAN:sp|Q3ZLR7|SP201_HUMAN:sp|Q9HBE4|IL21_HUMAN:sp|Q9Y6V0|PCLO_HUMAN:sp|O60664|PLIN3_HUMAN:sp|Q9NR21|PAR11_HUMAN:sp|O60242|AGRB3_HUMAN,DeepNovo
V(+42.01)SLKKTVL,31.34,928.5957,8,62.5,8,0.1,465.30518,2,44.6509,-13.7491,0.70,17286,HFX193_IPP292_GEL_CRC_324_Odd.raw,,,1,1,0,0,"Acetylation (N-term)",,0 0 21 5 0 2 6 5,V(+42.01)SLKKTVL,sp|Q9HAP2|MLXIP_HUMAN:sp|Q6ZS86|GLPK5_HUMAN:sp|Q8WWZ7|ABCA5_HUMAN:sp|Q01850|CDR2_HUMAN:sp|Q8N5C1|CAHM5_HUMAN:sp|Q6PI77|GASP3_HUMAN:sp|O43173|SIA8C_HUMAN:DDX27_DEL_A-p.K660Rfs*4_::chr20:49241467-49242467_frame=2:sp|Q9P2K6|KLH42_HUMAN:sp|Q13029|PRDM2_HUMAN:sp|Q9UI26|IPO11_HUMAN:sp|Q9HBU9|POPD2_HUMAN:sp|Q8N5U0|CK042_HUMAN:sp|Q8IWN7|RP1L1_HUMAN:sp|Q96JQ2|CLMN_HUMAN:sp|Q96KK4|O10C1_HUMAN:sp|P54652|HSP72_HUMAN:sp|O43280|TREA_HUMAN:sp|O75071|EFC14_HUMAN:sp|P25101|EDNRA_HUMAN:sp|Q8N412|STPG2_HUMAN:sp|Q7Z6W1|TMCO2_HUMAN:sp|Q9Y2K7|KDM2A_HUMAN:sp|Q96GC6|ZN274_HUMAN:sp|Q13769|THOC5_HUMAN:sp|P58417|NXPH1_HUMAN:sp|Q9UNA4|POLI_HUMAN:sp|A6NCI4|VWA3A_HUMAN:sp|P63133|POK8_HUMAN:sp|Q9BZF1|OSBL8_HUMAN:sp|P24311|COX7B_HUMAN:sp|Q8NG06|TRI58_HUMAN:sp|E9PAV3|NACAM_HUMAN:sp|Q16665|HIF1A_HUMAN:sp|P51587|BRCA2_HUMAN:sp|A0A1B0GV85|RELD1_HUMAN:sp|Q8N1N4|K2C78_HUMAN:sp|Q5H9I0|TFDP3_HUMAN:sp|Q5MJ09|SPXN3_HUMAN:sp|Q9HC77|CENPJ_HUMAN:sp|Q7RTZ1|OVCH2_HUMAN:sp|O60281|ZN292_HUMAN:sp|O14682|ENC1_HUMAN:ZBTB20_DEL_G-p.P692Lfs*43_::chr3:114338656-114339656_frame=3:sp|Q9P1Y6|PHRF1_HUMAN:sp|Q9BZA8|PC11Y_HUMAN:sp|Q4G0J3|LARP7_HUMAN:sp|Q86YC2|PALB2_HUMAN:sp|Q7Z417|NUFP2_HUMAN:sp|Q6ZNG9|KRBA2_HUMAN:sp|Q9UKI9|PO2F3_HUMAN:sp|Q8IYD8|FANCM_HUMAN:sp|Q8TER0|SNED1_HUMAN:sp|Q9BWF2|TRAIP_HUMAN:sp|Q02487|DSC2_HUMAN:sp|Q9NQW6|ANLN_HUMAN:sp|Q8NHS9|SPT22_HUMAN:sp|Q9UK97|FBX9_HUMAN:sp|Q9H6A0|DEN2D_HUMAN:sp|Q9ULD0|OGDHL_HUMAN:sp|P11532|DMD_HUMAN:sp|Q4G148|GXLT1_HUMAN:sp|P16402|H13_HUMAN:sp|Q9Y2K9|STB5L_HUMAN:sp|Q5I0X7|TTC32_HUMAN:sp|P29375|KDM5A_HUMAN:sp|Q9BZA7|PC11X_HUMAN:sp|Q15393|SF3B3_HUMAN:sp|Q9NQC3|RTN4_HUMAN:sp|O15327|INP4B_HUMAN:sp|Q8WZ42|TITIN_HUMAN:sp|O95613|PCNT_HUMAN:sp|Q9Y2I7|FYV1_HUMAN:sp|Q9Y2X9|ZN281_HUMAN:sp|Q8N8U9|BMPER_HUMAN:sp|Q13936|CAC1C_HUMAN:sp|Q9NRC6|SPTN5_HUMAN:sp|Q7Z7M9|GALT5_HUMAN:sp|A6NES4|MRO2A_HUMAN:sp|Q68DN1|CB016_HUMAN:sp|Q9ULK0|GRID1_HUMAN:sp|Q16181|SEPT7_HUMAN:sp|Q6ZQQ2|S31D1_HUMAN:sp|P0CB48|UBFL6_HUMAN:sp|Q93075|TATD2_HUMAN:sp|P20908|CO5A1_HUMAN:sp|B3EWF7|EP2A2_HUMAN:sp|Q5VU69|CP141_HUMAN:sp|Q99459|CDC5L_HUMAN:sp|A0A1B0GTU1|ZC11B_HUMAN:sp|P09497|CLCB_HUMAN:sp|Q14186|TFDP1_HUMAN:sp|P18074|ERCC2_HUMAN:sp|Q9BXX2|AN30B_HUMAN:sp|Q4ADV7|RIC1_HUMAN:sp|Q92667|AKAP1_HUMAN:sp|P24278|ZBT25_HUMAN:sp|Q9Y6W3|CAN7_HUMAN:sp|Q8WXG9|AGRV1_HUMAN:sp|Q8N3K9|CMYA5_HUMAN:sp|O60336|MABP1_HUMAN:sp|Q7Z3U7|MON2_HUMAN:sp|Q5SZL2|CE85L_HUMAN:sp|Q9BSC4|NOL10_HUMAN:sp|Q9ULD2|MTUS1_HUMAN:sp|Q5HYC2|K2026_HUMAN:sp|Q02952|AKA12_HUMAN:sp|Q9ULV0|MYO5B_HUMAN:sp|Q5SZB4|CI050_HUMAN:sp|Q9UBD9|CLCF1_HUMAN:sp|Q7Z443|PK1L3_HUMAN:sp|O75152|ZC11A_HUMAN:sp|Q3ZLR7|SP201_HUMAN:sp|Q9HBE4|IL21_HUMAN:sp|Q14676|MDC1_HUMAN:sp|Q9UKL3|C8AP2_HUMAN:sp|Q03164|KMT2A_HUMAN:sp|Q14140|SRTD2_HUMAN:sp|Q13464|ROCK1_HUMAN:sp|Q9NZW5|PALS2_HUMAN,DeepNovo
V(+42.01)SLKKVEKV,29.89,1070.6699,9,66.7,9,0.6,536.34253,2,30.0820,2.9820,0.32,11347,HFX193_IPP292_GEL_CRC_324_Even.raw,2.51E7,1.72E8,2,2,2,2,"Acetylation (N-term)",,0 0 1 7 4 2 4 12 5,V(+42.01)SLKKVEKV,sp|P07900|HS90A_HUMAN:sp|P43307|SSRA_HUMAN:sp|P98194|AT2C1_HUMAN:sp|Q9Y5Y6|ST14_HUMAN:sp|P50461|CSRP3_HUMAN:sp|Q00526|CDK3_HUMAN:sp|Q58FF7|H90B3_HUMAN:RNF43_DEL_C-p.G659Vfs*41_::chr17:58357300-58358300_frame=1:sp|Q7Z410|TMPS9_HUMAN:sp|Q6ZRG5|YQ015_HUMAN:sp|O00471|EXOC5_HUMAN:sp|Q8TBZ0|CC110_HUMAN:sp|Q8IWZ3|ANKH1_HUMAN:sp|Q9BXT4|TDRD1_HUMAN:sp|Q56NI9|ESCO2_HUMAN:sp|O94804|STK10_HUMAN:sp|Q4VCS5|AMOT_HUMAN:sp|O95696|BRD1_HUMAN:sp|Q96ST8|CEP89_HUMAN:sp|P05814|CASB_HUMAN:sp|Q8IYB1|M21D2_HUMAN:sp|Q5T5X7|BEND3_HUMAN:sp|Q9C0G6|DYH6_HUMAN:sp|Q9NYC9|DYH9_HUMAN:sp|Q9NZI8|IF2B1_HUMAN:sp|P51816|AFF2_HUMAN:sp|Q9UPA5|BSN_HUMAN:sp|O95292|VAPB_HUMAN:sp|Q96QA5|GSDMA_HUMAN:sp|Q99697|PITX2_HUMAN:sp|O00206|TLR4_HUMAN:sp|Q15025|TNIP1_HUMAN:sp|O60741|HCN1_HUMAN:sp|Q96C86|DCPS_HUMAN:sp|O75146|HIP1R_HUMAN:sp|Q9HC77|CENPJ_HUMAN:sp|Q9H9E3|COG4_HUMAN:sp|Q8TDW5|SYTL5_HUMAN:sp|Q52LW3|RHG29_HUMAN:sp|Q9NZN5|ARHGC_HUMAN:sp|Q8NDH2|CC168_HUMAN:sp|O14682|ENC1_HUMAN:sp|Q9UMS5|PHTF1_HUMAN:sp|Q719I0|AHSA2_HUMAN:sp|O95365|ZBT7A_HUMAN:sp|P46020|KPB1_HUMAN:sp|Q86UD5|SL9B2_HUMAN:sp|O14792|HS3S1_HUMAN:sp|P26572|MGAT1_HUMAN:sp|Q86V48|LUZP1_HUMAN:sp|Q8IYE0|CC146_HUMAN:sp|Q9GZS0|DNAI2_HUMAN:sp|P54253|ATX1_HUMAN:sp|Q8NCX0|CC150_HUMAN:sp|Q9BQ51|PD1L2_HUMAN:sp|O15393|TMPS2_HUMAN:sp|Q8N9B5|JMY_HUMAN:sp|P17676|CEBPB_HUMAN:sp|Q14008|CKAP5_HUMAN:sp|O60216|RAD21_HUMAN:sp|Q92771|DDX12_HUMAN:sp|Q00975|CAC1B_HUMAN:sp|P07738|PMGE_HUMAN:sp|Q9H816|DCR1B_HUMAN:sp|Q9UDT6|CLIP2_HUMAN:sp|Q92817|EVPL_HUMAN:sp|O43424|GRID2_HUMAN:sp|O94851|MICA2_HUMAN:sp|Q9NYI0|PSD3_HUMAN:sp|Q9H8W3|F204A_HUMAN:sp|O00401|WASL_HUMAN:sp|Q9P2E3|ZNFX1_HUMAN:sp|Q8WX94|NALP7_HUMAN:sp|Q96JM4|LRIQ1_HUMAN:sp|Q9HCE1|MOV10_HUMAN:sp|Q9BY66|KDM5D_HUMAN:sp|Q8NE28|STKL1_HUMAN:sp|Q674X7|KAZRN_HUMAN:sp|Q8IYM0|F186B_HUMAN:sp|Q9H4B8|DPEP3_HUMAN:sp|O15381|NVL_HUMAN:sp|Q96FC9|DDX11_HUMAN:sp|A8MWX3|WASH4_HUMAN:sp|Q96JA4|M4A14_HUMAN:sp|Q8IXJ9|ASXL1_HUMAN:sp|Q9BRX2|PELO_HUMAN:sp|Q2UY09|COSA1_HUMAN:sp|C4AMC7|WASH3_HUMAN:sp|O14625|CXL11_HUMAN:sp|Q14872|MTF1_HUMAN:sp|P20908|CO5A1_HUMAN:sp|Q9BPX7|CG025_HUMAN:sp|Q6NW34|NEPRO_HUMAN:sp|P16452|EPB42_HUMAN:sp|Q9BY42|RTF2_HUMAN:sp|P14625|ENPL_HUMAN:sp|Q9UBZ9|REV1_HUMAN:sp|Q96C92|ENTR1_HUMAN:sp|P09327|VILI_HUMAN:sp|P24941|CDK2_HUMAN:sp|O75940|SPF30_HUMAN:sp|O15078|CE290_HUMAN:sp|Q9NVP1|DDX18_HUMAN:sp|P29218|IMPA1_HUMAN:sp|Q92540|SMG7_HUMAN:sp|P35998|PRS7_HUMAN:sp|P08908|5HT1A_HUMAN:sp|O75475|PSIP1_HUMAN:sp|Q05D60|DEUP1_HUMAN:sp|O43586|PPIP1_HUMAN:sp|Q9ULD2|MTUS1_HUMAN:sp|O15169|AXIN1_HUMAN:sp|P30307|MPIP3_HUMAN:sp|Q9ULV0|MYO5B_HUMAN:sp|Q9BX97|PLVAP_HUMAN:sp|P52789|HXK2_HUMAN:sp|Q14676|MDC1_HUMAN:sp|P25054|APC_HUMAN:sp|P26374|RAE2_HUMAN:sp|Q01780|EXOSX_HUMAN,DeepNovo
V(+42.01)SLKRLAR,36.33,983.6240,8,37.5,8,0.2,328.88199,3,36.2344,10.6344,0.00,13862,HFX193_IPP292_GEL_CRC_324_Odd.raw,3.94E6,2.56E7,2,2,2,2,"Acetylation (N-term)",,0 0 57 2 1 7 0 0,V(+42.01)SLKRLAR,sp|Q14683|SMC1A_HUMAN:sp|Q96SZ5|AEDO_HUMAN:sp|Q6ZRS2|SRCAP_HUMAN:sp|Q8NHP1|ARK74_HUMAN:sp|Q96KJ4|MSLNL_HUMAN:sp|Q9UGL1|KDM5B_HUMAN:sp|Q9H792|PEAK1_HUMAN:sp|O43747|AP1G1_HUMAN:sp|P49748|ACADV_HUMAN:sp|Q9NV06|DCA13_HUMAN:sp|Q56NI9|ESCO2_HUMAN:sp|Q6EMB2|TTLL5_HUMAN:sp|Q8N4N3|KLH36_HUMAN:sp|P56385|ATP5I_HUMAN:sp|P35221|CTNA1_HUMAN:sp|Q9Y2E6|DTX4_HUMAN:sp|O75525|KHDR3_HUMAN:sp|Q8NI99|ANGL6_HUMAN:sp|Q9UKA2|FBXL4_HUMAN:sp|Q9BVI4|NOC4L_HUMAN:sp|P08476|INHBA_HUMAN:sp|O75935|DCTN3_HUMAN:sp|P24588|AKAP5_HUMAN:sp|Q9NRD9|DUOX1_HUMAN:sp|Q86WI1|PKHL1_HUMAN:sp|Q8IWK6|AGRA3_HUMAN:sp|Q14966|ZN638_HUMAN:sp|P20366|TKN1_HUMAN:sp|O00206|TLR4_HUMAN:sp|Q8TBZ8|ZN564_HUMAN:sp|P01024|CO3_HUMAN:sp|Q8N205|SYNE4_HUMAN:sp|Q5JYT7|K1755_HUMAN:sp|Q8IWC1|MA7D3_HUMAN:sp|Q9NY47|CA2D2_HUMAN:sp|Q96JD6|AKCL2_HUMAN:sp|Q9H255|O51E2_HUMAN:sp|P51692|STA5B_HUMAN:sp|P22079|PERL_HUMAN:sp|Q5VZL5|ZMYM4_HUMAN:sp|Q9NYA3|GOG6A_HUMAN:sp|Q96KP1|EXOC2_HUMAN:sp|P51160|PDE6C_HUMAN:sp|O00622|CCN1_HUMAN:sp|A8MT33|SYC1L_HUMAN:sp|Q9BQR3|PRS27_HUMAN:sp|Q14722|KCAB1_HUMAN:sp|Q8IU68|TMC8_HUMAN:sp|P07305|H10_HUMAN:sp|Q8N4V2|SVOP_HUMAN:sp|Q14847|LASP1_HUMAN:sp|O43488|ARK72_HUMAN:sp|Q8TD31|CCHCR_HUMAN:sp|P14902|I23O1_HUMAN:sp|Q8N9B5|JMY_HUMAN:sp|Q9NTJ3|SMC4_HUMAN:sp|Q7Z6J9|SEN54_HUMAN:sp|Q9BQI9|NRIP2_HUMAN:sp|Q8NBP7|PCSK9_HUMAN:sp|P00813|ADA_HUMAN:sp|O75949|NALF2_HUMAN:sp|A5PKW4|PSD1_HUMAN:sp|Q96EK2|PF21B_HUMAN:sp|Q8TEQ8|PIGO_HUMAN:sp|Q7Z333|SETX_HUMAN:sp|Q3KNT7|NSN5B_HUMAN:sp|Q86VH5|LRRT3_HUMAN:sp|Q86VQ0|LCA5_HUMAN:sp|A4GXA9|EME2_HUMAN:sp|P06756|ITAV_HUMAN:sp|P42229|STA5A_HUMAN:sp|Q15477|SKI2_HUMAN:sp|Q96RP9|EFGM_HUMAN:sp|Q9P2R6|RERE_HUMAN:sp|P02549|SPTA1_HUMAN:sp|Q9BVH7|SIA7E_HUMAN:sp|O14936|CSKP_HUMAN:sp|Q9NRD8|DUOX2_HUMAN:sp|Q8WUA8|TSK_HUMAN:sp|P35240|MERL_HUMAN:sp|Q96MU5|CQ077_HUMAN:sp|Q9H5V8|CDCP1_HUMAN:sp|Q76NI1|KNDC1_HUMAN:sp|O15371|EIF3D_HUMAN:sp|P04001|OPSG_HUMAN:sp|Q15431|SYCP1_HUMAN:SERPINB10_DEL_A-p.R76Gfs*7_::chr18:63917005-63918005_frame=3:sp|O95155|UBE4B_HUMAN:sp|Q9BYX4|IFIH1_HUMAN:sp|A6NL88|SHSA7_HUMAN:sp|P33527|MRP1_HUMAN:sp|O60645|EXOC3_HUMAN:sp|O75643|U520_HUMAN:sp|Q53FD0|ZC21C_HUMAN:sp|A8MTY0|ZN724_HUMAN:sp|O00453|LST1_HUMAN:sp|P47872|SCTR_HUMAN:sp|Q0VAA5|PLCX2_HUMAN:sp|P29083|T2EA_HUMAN:sp|Q8IUR7|ARMC8_HUMAN:sp|O94915|FRYL_HUMAN:sp|P32247|BRS3_HUMAN:sp|Q9NZJ4|SACS_HUMAN:sp|Q9HBM0|VEZA_HUMAN:sp|Q16363|LAMA4_HUMAN:sp|O60721|NCKX1_HUMAN:sp|Q8NDW8|TT21A_HUMAN:sp|O95407|TNF6B_HUMAN:sp|P55197|AF10_HUMAN:sp|Q9H267|VP33B_HUMAN:sp|P14672|GLUT4_HUMAN:sp|Q7LBR1|CHM1B_HUMAN:sp|Q6HA08|ASTL_HUMAN:sp|Q96AY4|TTC28_HUMAN:sp|Q969S9|RRF2M_HUMAN:sp|Q07864|DPOE1_HUMAN:sp|Q9NZP2|OR6C2_HUMAN:sp|Q8IV35|WDR49_HUMAN:sp|Q9UF83|YM012_HUMAN:sp|Q8IZT6|ASPM_HUMAN,DeepNovo
V(+42.01)SLPKREL,36.76,982.5811,8,50.0,8,2.5,492.29907,2,46.0874,-11.7126,0.87,17909,HFX193_IPP292_GEL_CRC_324_Odd.raw,3.38E6,1.08E7,1,1,1,1,"Acetylation (N-term)",,0 0 18 4 2 0 0 2,V(+42.01)SLPKREL,sp|Q14669|TRIPC_HUMAN:sp|Q8TDI0|CHD5_HUMAN:sp|Q9UH77|KLHL3_HUMAN:sp|P68402|PA1B2_HUMAN:sp|Q9UN86|G3BP2_HUMAN:sp|Q86XJ1|GA2L3_HUMAN:sp|Q5VT97|SYDE2_HUMAN:sp|Q6ZU69|S31F1_HUMAN:sp|A0A2R8YFL7|OSP4A_HUMAN:sp|Q8IVF2|AHNK2_HUMAN:sp|Q8TDG4|HELQ_HUMAN:sp|Q96RD1|OR6C1_HUMAN:sp|Q15714|T22D1_HUMAN:sp|Q8NDH2|CC168_HUMAN:sp|A4D1U4|DEN11_HUMAN:sp|Q15032|R3HD1_HUMAN:sp|Q96MZ0|GD1L1_HUMAN:sp|Q14563|SEM3A_HUMAN:sp|Q9BTT6|LRRC1_HUMAN:sp|Q96JM4|LRIQ1_HUMAN:sp|Q9UHI6|DDX20_HUMAN:sp|P16112|PGCA_HUMAN:sp|Q14997|PSME4_HUMAN:sp|Q63HN1|S31F2_HUMAN:sp|Q09666|AHNK_HUMAN:sp|O00574|CXCR6_HUMAN:sp|Q6UX68|XKR5_HUMAN:sp|Q9NRL2|BAZ1A_HUMAN:sp|Q9H2S9|IKZF4_HUMAN:sp|Q6ZTR5|CFA47_HUMAN:sp|P48995|TRPC1_HUMAN:sp|Q2LD37|BLTP1_HUMAN:sp|Q13459|MYO9B_HUMAN:sp|Q92794|KAT6A_HUMAN:sp|Q12913|PTPRJ_HUMAN:sp|Q7Z460|CLAP1_HUMAN:sp|Q9NQC7|CYLD_HUMAN:sp|Q9HCE0|EPG5_HUMAN:sp|P20132|SDHL_HUMAN:sp|P51826|AFF3_HUMAN:sp|Q8NC24|RELL2_HUMAN:sp|Q8NCM8|DYHC2_HUMAN:sp|Q8TF72|SHRM3_HUMAN:sp|Q68CZ1|FTM_HUMAN:sp|Q9H2P0|ADNP_HUMAN:sp|Q96Q15|SMG1_HUMAN:sp|Q9NYQ8|FAT2_HUMAN,DeepNovo
V(+42.01)SLRKAGVL,39.63,983.6127,9,55.6,9,1.4,492.81433,2,41.8857,-18.9143,0.56,16147,HFX193_IPP292_GEL_CRC_324_Odd.raw,2.98E6,1.96E7,1,1,1,1,"Acetylation (N-term)",,0 0 24 2 7 0 1 33 5,V(+42.01)SLRKAGVL,sp|O14773|TPP1_HUMAN:sp|Q8NH73|OR4S2_HUMAN:sp|Q5T197|DCST1_HUMAN:sp|A6NGW2|STRCL_HUMAN:DDX27_DEL_A-p.K660Rfs*4_::chr20:49241467-49242467_frame=-1:sp|P51553|IDH3G_HUMAN:sp|Q6A163|K1C39_HUMAN:sp|Q86TI0|TBCD1_HUMAN:sp|Q8IVV2|LOXH1_HUMAN:sp|P46013|KI67_HUMAN:sp|Q9Y5I7|CLD16_HUMAN:sp|P27708|PYR1_HUMAN:sp|Q8WTW3|COG1_HUMAN:sp|Q8N3Y3|LARG2_HUMAN:sp|O95696|BRD1_HUMAN:sp|P42338|PK3CB_HUMAN:sp|Q96JB1|DYH8_HUMAN:sp|Q9P225|DYH2_HUMAN:sp|Q8NI99|ANGL6_HUMAN:sp|Q7Z553|MDGA2_HUMAN:sp|Q9H3G5|CPVL_HUMAN:sp|Q96L91|EP400_HUMAN:sp|Q8IUZ5|AT2L2_HUMAN:sp|Q17RC7|EX3L4_HUMAN:sp|Q96RR4|KKCC2_HUMAN:sp|P61129|ZC3H6_HUMAN:sp|Q92506|DHB8_HUMAN:sp|Q92187|SIA8D_HUMAN:sp|Q8WVB6|CTF18_HUMAN:sp|Q8IW45|NNRD_HUMAN:sp|Q643R3|LPCT4_HUMAN:sp|Q9NW08|RPC2_HUMAN:sp|Q96QZ0|PANX3_HUMAN:sp|Q9NR81|ARHG3_HUMAN:sp|Q8IZ40|RCOR2_HUMAN:sp|Q9H7Z3|NRDE2_HUMAN:sp|O95405|ZFYV9_HUMAN:sp|P38432|COIL_HUMAN:sp|P21359|NF1_HUMAN:sp|Q8N0Z2|ABRA_HUMAN:sp|P61421|VA0D1_HUMAN:sp|O75970|MPDZ_HUMAN:sp|O00555|CAC1A_HUMAN:sp|Q9BYW1|GTR11_HUMAN:sp|Q6ZS62|COLC1_HUMAN:sp|A6NFA1|TIKI2_HUMAN:sp|Q8IUD2|RB6I2_HUMAN:sp|Q5XG87|PAPD7_HUMAN:sp|Q4L180|FIL1L_HUMAN:sp|Q6AWC2|WWC2_HUMAN:sp|Q92764|KRT35_HUMAN:sp|Q9BQR3|PRS27_HUMAN:sp|Q14674|ESPL1_HUMAN:sp|O14792|HS3S1_HUMAN:sp|A1KZ92|PXDNL_HUMAN:sp|Q9P2P6|STAR9_HUMAN:sp|Q702N8|XIRP1_HUMAN:sp|P11021|BIP_HUMAN:sp|Q8TD31|CCHCR_HUMAN:sp|P13798|ACPH_HUMAN:sp|Q9ULD8|KCNH3_HUMAN:sp|Q96KN7|RPGR1_HUMAN:sp|Q8IUG5|MY18B_HUMAN:sp|Q9H2P0|ADNP_HUMAN:sp|Q6UWF9|F180A_HUMAN:sp|O95279|KCNK5_HUMAN:sp|P19801|AOC1_HUMAN:sp|P35609|ACTN2_HUMAN:sp|P09172|DOPO_HUMAN:sp|Q96JN2|CC136_HUMAN:sp|O75367|H2AY_HUMAN:sp|Q86VV8|RTTN_HUMAN:sp|Q8ND83|SLAI1_HUMAN:sp|Q8NEZ4|KMT2C_HUMAN:sp|Q06495|NPT2A_HUMAN:sp|Q9H0P0|5NT3A_HUMAN:sp|O94851|MICA2_HUMAN:sp|Q96PY5|FMNL2_HUMAN:sp|P22557|HEM0_HUMAN:sp|P20936|RASA1_HUMAN:sp|P0C645|OR4E1_HUMAN:sp|Q7Z429|LFG1_HUMAN:sp|Q6VEQ5|WASH2_HUMAN:sp|P10415|BCL2_HUMAN:sp|A8K0Z3|WASH1_HUMAN:sp|Q9P206|K1522_HUMAN:sp|Q8NDN9|RCBT1_HUMAN:sp|P16422|EPCAM_HUMAN:sp|O75534|CSDE1_HUMAN:sp|P0DW81|PACMP_HUMAN:sp|Q96KG7|MEG10_HUMAN:sp|Q7RTU9|STRC_HUMAN:sp|P05089|ARGI1_HUMAN:sp|Q9NQA3|WASH6_HUMAN:sp|P08246|ELNE_HUMAN:sp|P07199|CENPB_HUMAN:sp|A8MWX3|WASH4_HUMAN:sp|P42680|TEC_HUMAN:sp|Q9Y6E2|5MP1_HUMAN:sp|Q7Z7C7|STRA8_HUMAN:sp|O94759|TRPM2_HUMAN:sp|Q8IWI9|MGAP_HUMAN:sp|C4AMC7|WASH3_HUMAN:sp|Q9NZP8|C1RL_HUMAN:sp|O43149|ZZEF1_HUMAN:sp|Q6NXE6|ARMC6_HUMAN:sp|Q9H270|VPS11_HUMAN:sp|Q14003|KCNC3_HUMAN:sp|Q6P2D0|ZFP1_HUMAN:sp|Q7L099|RUFY3_HUMAN:sp|P20618|PSB1_HUMAN:sp|O43474|KLF4_HUMAN:sp|O14862|AIM2_HUMAN:sp|Q9NR48|ASH1L_HUMAN:sp|Q10469|MGAT2_HUMAN:sp|Q9NR09|BIRC6_HUMAN:sp|Q6ZNC4|ZN704_HUMAN:sp|Q9UBH6|XPR1_HUMAN:sp|Q96N76|HUTU_HUMAN:sp|P12814|ACTN1_HUMAN,DeepNovo
V(+42.01)SLTKERL,44.37,986.5760,8,75.0,8,1.8,494.29617,2,45.0970,-11.5030,0.78,17449,HFX193_IPP292_GEL_CRC_324_Odd.raw,2.85E6,1.77E7,2,2,2,2,"Acetylation (N-term)",,0 0 67 28 12 5 5 5,V(+42.01)SLTKERL,sp|O15033|AREL1_HUMAN:sp|P08183|MDR1_HUMAN:sp|P14210|HGF_HUMAN:sp|Q8ND23|CARL3_HUMAN:sp|P0DX00|GG6LX_HUMAN:sp|Q96S06|LMF1_HUMAN:sp|Q8NFU5|IPMK_HUMAN:sp|O43173|SIA8C_HUMAN:sp|C9JQI7|TM232_HUMAN:sp|Q96L73|NSD1_HUMAN:sp|Q9NWC5|TM45A_HUMAN:sp|Q9HBU9|POPD2_HUMAN:sp|Q8TBZ2|MYBPP_HUMAN:sp|P40337|VHL_HUMAN:sp|Q6P1W5|CA094_HUMAN:sp|A6NHR9|SMHD1_HUMAN:sp|P17987|TCPA_HUMAN:sp|H0YM25|GG6LV_HUMAN:sp|P17535|JUND_HUMAN:sp|P01833|PIGR_HUMAN:sp|Q68G75|LEMD1_HUMAN:sp|Q96ST8|CEP89_HUMAN:sp|O76027|ANXA9_HUMAN:sp|P27487|DPP4_HUMAN:sp|Q92750|TAF4B_HUMAN:sp|B7ZAQ6|GPHRA_HUMAN:sp|P18847|ATF3_HUMAN:sp|Q9NYY8|FAKD2_HUMAN:sp|Q02880|TOP2B_HUMAN:sp|Q9P2H5|UBP35_HUMAN:sp|Q9H4G8|DPH3B_HUMAN:sp|Q496J9|SV2C_HUMAN:sp|Q9NX40|OCAD1_HUMAN:sp|Q5M775|CYTSB_HUMAN:sp|Q9HBB8|CDHR5_HUMAN:sp|P0DX02|GG6LZ_HUMAN:sp|O14944|EREG_HUMAN:sp|Q76L83|ASXL2_HUMAN:sp|Q8NDH2|CC168_HUMAN:sp|Q14980|NUMA1_HUMAN:sp|Q8NGM9|OR8D4_HUMAN:sp|Q9Y2K3|MYH15_HUMAN:sp|Q86UP2|KTN1_HUMAN:sp|A0A1B0GV03|GG6L7_HUMAN:sp|Q96RT6|CTGE2_HUMAN:sp|Q9HAH7|FBRS_HUMAN:sp|Q6ZN66|GBP6_HUMAN:sp|Q9Y2F5|ICE1_HUMAN:sp|Q8IYD8|FANCM_HUMAN:sp|Q6ZSM3|MOT12_HUMAN:sp|Q2KJY2|KI26B_HUMAN:sp|Q6UWE0|LRSM1_HUMAN:sp|O95359|TACC2_HUMAN:sp|Q8IY84|NIM1_HUMAN:sp|Q8NHS4|CLHC1_HUMAN:tr|A0A8I5KQN6|A0A8I5KQN6_HUMAN:sp|Q8N4C6|NIN_HUMAN:sp|Q8N859|ZN713_HUMAN:sp|P24394|IL4RA_HUMAN:sp|Q5T200|ZC3HD_HUMAN:sp|Q86WG5|MTMRD_HUMAN:sp|Q92542|NICA_HUMAN:sp|P30519|HMOX2_HUMAN:sp|P48163|MAOX_HUMAN:sp|P41595|5HT2B_HUMAN:sp|Q59H18|TNI3K_HUMAN:sp|A4QN01|CJ040_HUMAN:sp|P51811|XK_HUMAN:sp|Q8N9W4|GG6L2_HUMAN:sp|Q4G0A6|MINY4_HUMAN:sp|Q96I34|PP16A_HUMAN:sp|Q8WZ64|ARAP2_HUMAN:sp|Q6NY19|KANK3_HUMAN:sp|Q9UPU3|SORC3_HUMAN:sp|Q15555|MARE2_HUMAN:sp|O95613|PCNT_HUMAN:sp|Q15185|TEBP_HUMAN:sp|Q08379|GOGA2_HUMAN:sp|P05423|RPC4_HUMAN:sp|O14936|CSKP_HUMAN:sp|P11215|ITAM_HUMAN:sp|Q494V2|CP100_HUMAN:sp|Q6PI26|SHQ1_HUMAN:sp|Q5T5P2|SKT_HUMAN:sp|P0CG08|GPHRB_HUMAN:sp|Q5VWN6|TASO2_HUMAN:sp|Q8N7Z2|GG6L1_HUMAN:sp|Q9H5U6|ZCHC4_HUMAN:sp|Q9UHB9|SRP68_HUMAN:sp|Q5MNV8|FBX47_HUMAN:sp|Q02224|CENPE_HUMAN:sp|Q9Y2D5|AKAP2_HUMAN:sp|A7E2Y1|MYH7B_HUMAN:sp|Q9BSG1|ZNF2_HUMAN:sp|Q7L576|CYFP1_HUMAN:sp|Q6NUN7|JHY_HUMAN:sp|Q9NPB8|GPCP1_HUMAN:sp|O95202|LETM1_HUMAN:sp|Q09327|MGAT3_HUMAN:sp|P06133|UD2B4_HUMAN:sp|P01042|KNG1_HUMAN:sp|P0DX01|GG6LY_HUMAN:sp|P52948|NUP98_HUMAN:sp|Q9Y6C2|EMIL1_HUMAN:sp|Q1MX18|INSC_HUMAN:sp|Q8NFU7|TET1_HUMAN:sp|Q7Z7B0|FLIP1_HUMAN:sp|Q8WYB5|KAT6B_HUMAN:sp|P12821|ACE_HUMAN:sp|Q9Y6D9|MD1L1_HUMAN:sp|Q8IYW2|CFA46_HUMAN:sp|Q8N5M1|ATPF2_HUMAN:sp|Q96FX2|DPH3_HUMAN:sp|O60293|ZC3H1_HUMAN:sp|Q7Z4H7|HAUS6_HUMAN:sp|Q92736|RYR2_HUMAN:sp|Q8TD10|MIPO1_HUMAN:sp|O95487|SC24B_HUMAN:sp|P21439|MDR3_HUMAN:sp|Q9H0X4|F234A_HUMAN,DeepNovo
V(+42.01)SLTRHKL,35.97,994.5923,8,75.0,8,1.3,498.30408,2,36.4410,6.2410,0.45,13944,HFX193_IPP292_GEL_CRC_324_Odd.raw,1.29E6,1.11E7,2,2,2,2,"Acetylation (N-term)",,0 0 54 7 4 12 18 5,V(+42.01)SLTRHKL,sp|Q06730|ZN33A_HUMAN:sp|Q92664|TF3A_HUMAN:sp|O75373|ZN737_HUMAN:sp|P0CB33|ZN735_HUMAN:sp|Q3KP31|ZN791_HUMAN:sp|Q9Y376|CAB39_HUMAN:sp|A6NDX5|ZN840_HUMAN:sp|Q9UL36|ZN236_HUMAN:sp|A6NFI3|ZN316_HUMAN:sp|P21506|ZNF10_HUMAN:sp|P17027|ZNF23_HUMAN:sp|Q05481|ZNF91_HUMAN:sp|Q9UEG4|ZN629_HUMAN:sp|Q03924|ZN117_HUMAN:sp|Q14566|MCM6_HUMAN:sp|Q86VR8|FJX1_HUMAN:sp|P28698|MZF1_HUMAN:sp|Q96CX3|ZN501_HUMAN:sp|Q6ZNA1|ZN836_HUMAN:sp|Q6ZN55|ZN574_HUMAN:sp|Q9Y6R7|FCGBP_HUMAN:sp|Q6ZMV8|ZN730_HUMAN:sp|Q6PP77|XKR2_HUMAN:sp|Q8NEM1|ZN680_HUMAN:sp|Q9H9S4|CB39L_HUMAN:sp|Q6ZN08|ZNF66_HUMAN:sp|Q2M3G0|ABCB5_HUMAN:sp|Q9P0K9|FRS1L_HUMAN:sp|Q14585|ZN345_HUMAN:sp|Q9NZR2|LRP1B_HUMAN:sp|Q8NDQ6|ZN540_HUMAN:sp|Q14929|ZN169_HUMAN:sp|Q14592|ZN460_HUMAN:sp|O43187|IRAK2_HUMAN:sp|Q8N1I0|DOCK4_HUMAN:sp|Q96JC4|ZN479_HUMAN:sp|A8MXY4|ZNF99_HUMAN:sp|A6NN14|ZN729_HUMAN:sp|Q5CZA5|ZN805_HUMAN:sp|Q5HYK9|ZN667_HUMAN:sp|Q8N9L7|YV006_HUMAN:sp|P16144|ITB4_HUMAN:sp|Q8NF91|SYNE1_HUMAN:sp|Q7Z2Y5|NRK_HUMAN:sp|Q6ZR52|ZN493_HUMAN:sp|Q9NRI5|DISC1_HUMAN:sp|Q9UII5|ZN107_HUMAN:sp|Q6P1K1|HRG1_HUMAN:sp|Q5SXM1|ZN678_HUMAN:sp|Q14118|DAG1_HUMAN:sp|A6NNF4|ZN726_HUMAN:sp|Q5VZ89|DEN4C_HUMAN:sp|Q9BSK1|ZN577_HUMAN:sp|Q8N988|ZN557_HUMAN:tr|A0A7P0TAN4|A0A7P0TAN4_HUMAN:sp|Q8NAA4|A16L2_HUMAN:sp|Q969W8|ZN566_HUMAN:sp|O14978|ZN263_HUMAN:sp|Q08ER8|ZN543_HUMAN:sp|P17039|ZNF30_HUMAN:sp|P47898|5HT5A_HUMAN:sp|Q9Y6R6|Z780B_HUMAN:sp|B1ANY3|F220P_HUMAN:sp|Q96N38|ZN714_HUMAN:sp|Q14593|ZN273_HUMAN:sp|Q8WTR7|ZN473_HUMAN:sp|Q8TAQ5|ZN420_HUMAN:sp|Q8NE65|ZN738_HUMAN:sp|A6NP11|ZN716_HUMAN:sp|Q8TBX8|PI42C_HUMAN:sp|Q14146|URB2_HUMAN:sp|Q96PQ6|ZN317_HUMAN:sp|Q9BVH7|SIA7E_HUMAN:sp|P0CJ78|ZN865_HUMAN:sp|Q8TF32|ZN431_HUMAN:sp|Q96IR2|ZN845_HUMAN:sp|Q8N9K5|ZN565_HUMAN:sp|O75437|ZN254_HUMAN:sp|Q8TF39|ZN483_HUMAN:sp|Q9Y3M9|ZN337_HUMAN:sp|Q15940|ZNF67_HUMAN:sp|Q9NX65|ZSC32_HUMAN:sp|Q9Y2G7|ZFP30_HUMAN:sp|Q6P280|ZN529_HUMAN:sp|Q03923|ZNF85_HUMAN:sp|Q08999|RBL2_HUMAN:sp|Q9Y2Q1|ZN257_HUMAN:sp|Q9NUQ6|SPS2L_HUMAN:sp|Q6DD87|ZN787_HUMAN:sp|Q6PDB4|ZN880_HUMAN:sp|A8MTY0|ZN724_HUMAN:sp|Q86YE8|ZN573_HUMAN:sp|Q07352|TISB_HUMAN:sp|Q09FC8|ZN415_HUMAN:sp|P52744|ZN138_HUMAN:sp|Q06732|ZN33B_HUMAN:sp|P52738|ZN140_HUMAN:sp|Q9BSG1|ZNF2_HUMAN:sp|Q9NR11|ZN302_HUMAN:sp|O75820|ZN189_HUMAN:sp|Q86SQ0|PHLB2_HUMAN:sp|Q68DY1|ZN626_HUMAN:sp|Q96N22|ZN681_HUMAN:sp|Q8TB69|ZN519_HUMAN:sp|Q3MIS6|ZN528_HUMAN:sp|P47974|TISD_HUMAN:sp|A5PLL1|AN34B_HUMAN:sp|Q6ZN57|ZFP2_HUMAN:sp|Q6IQ21|ZN770_HUMAN:sp|Q8N8W4|PLPL1_HUMAN:sp|Q9C0G0|ZN407_HUMAN:sp|Q86V71|ZN429_HUMAN:sp|Q9UF83|YM012_HUMAN:sp|Q96SK3|ZN607_HUMAN:sp|Q6PG37|ZN790_HUMAN:sp|P51504|ZNF80_HUMAN:sp|P35789|ZNF93_HUMAN:sp|Q9HCZ1|ZN334_HUMAN:sp|A0A1W2PQL4|ZN722_HUMAN:sp|O95780|ZN682_HUMAN,DeepNovo
V(+42.01)SLTRHKLL,40.82,1107.6764,9,44.4,9,0.5,370.23294,3,44.1905,-13.8095,0.18,17107,HFX193_IPP292_GEL_CRC_324_Even.raw,4.18E5,2.51E6,1,1,1,1,"Acetylation (N-term)",,0 0 41 1 1 1 3 8 5,V(+42.01)SLTRHKLL,sp|Q06730|ZN33A_HUMAN:sp|P0CB33|ZN735_HUMAN:sp|P27169|PON1_HUMAN:sp|A6NDX5|ZN840_HUMAN:sp|Q2VIQ3|KIF4B_HUMAN:sp|Q9UC06|ZNF70_HUMAN:sp|Q9UL36|ZN236_HUMAN:sp|P17027|ZNF23_HUMAN:sp|Q05481|ZNF91_HUMAN:sp|Q03924|ZN117_HUMAN:sp|O00338|ST1C2_HUMAN:sp|Q14566|MCM6_HUMAN:sp|Q86VR8|FJX1_HUMAN:sp|P28698|MZF1_HUMAN:sp|Q96CX3|ZN501_HUMAN:sp|Q9P225|DYH2_HUMAN:sp|Q6ZNA1|ZN836_HUMAN:sp|P46821|MAP1B_HUMAN:sp|Q6ZMV8|ZN730_HUMAN:sp|Q6PP77|XKR2_HUMAN:sp|Q8NEM1|ZN680_HUMAN:sp|Q6ZN08|ZNF66_HUMAN:sp|Q8TAK5|GABP2_HUMAN:sp|Q14585|ZN345_HUMAN:sp|Q9NZR2|LRP1B_HUMAN:sp|Q14929|ZN169_HUMAN:sp|Q14592|ZN460_HUMAN:sp|O43187|IRAK2_HUMAN:sp|Q96AX9|MIB2_HUMAN:sp|Q8N1I0|DOCK4_HUMAN:sp|Q96JC4|ZN479_HUMAN:sp|A8MXY4|ZNF99_HUMAN:sp|A6NN14|ZN729_HUMAN:sp|Q5CZA5|ZN805_HUMAN:sp|Q5HYK9|ZN667_HUMAN:sp|Q8N9L7|YV006_HUMAN:sp|Q02388|CO7A1_HUMAN:sp|Q5JRA6|TGO1_HUMAN:sp|Q7Z2Y5|NRK_HUMAN:sp|Q6ZR52|ZN493_HUMAN:sp|Q9UII5|ZN107_HUMAN:sp|P53779|MK10_HUMAN:sp|Q6P1K1|HRG1_HUMAN:sp|Q5SXM1|ZN678_HUMAN:sp|Q6P1X5|TAF2_HUMAN:sp|Q14674|ESPL1_HUMAN:sp|Q9UJX0|OSGI1_HUMAN:sp|A6NNF4|ZN726_HUMAN:sp|Q9P2P6|STAR9_HUMAN:sp|Q6IWH7|ANO7_HUMAN:sp|Q9H4Z3|CAPAM_HUMAN:sp|P0DPD5|ZN723_HUMAN:sp|Q9BSK1|ZN577_HUMAN:sp|Q8N988|ZN557_HUMAN:sp|Q8NAA4|A16L2_HUMAN:sp|Q969W8|ZN566_HUMAN:sp|Q08ER8|ZN543_HUMAN:sp|P17039|ZNF30_HUMAN:sp|Q8TDQ1|CLM1_HUMAN:sp|P47898|5HT5A_HUMAN:sp|Q9Y6R6|Z780B_HUMAN:sp|P49754|VPS41_HUMAN:sp|B1ANY3|F220P_HUMAN:sp|Q96N38|ZN714_HUMAN:sp|Q6GMV2|SMYD5_HUMAN:sp|Q8TAQ5|ZN420_HUMAN:sp|Q8NE65|ZN738_HUMAN:sp|A6NP11|ZN716_HUMAN:sp|Q8N3F9|G137C_HUMAN:sp|Q9H2K2|TNKS2_HUMAN:sp|Q14146|URB2_HUMAN:sp|Q96PQ6|ZN317_HUMAN:sp|Q9BVH7|SIA7E_HUMAN:sp|P0CJ78|ZN865_HUMAN:sp|Q8TF32|ZN431_HUMAN:sp|Q96IR2|ZN845_HUMAN:sp|Q8N9K5|ZN565_HUMAN:sp|O75437|ZN254_HUMAN:sp|Q8TF39|ZN483_HUMAN:sp|Q15940|ZNF67_HUMAN:sp|Q9NX65|ZSC32_HUMAN:sp|Q9Y2G7|ZFP30_HUMAN:sp|Q6P280|ZN529_HUMAN:sp|Q03923|ZNF85_HUMAN:sp|Q08999|RBL2_HUMAN:sp|Q9Y2Q1|ZN257_HUMAN:sp|Q6PDB4|ZN880_HUMAN:sp|A8MTY0|ZN724_HUMAN:sp|Q86YE8|ZN573_HUMAN:sp|Q07352|TISB_HUMAN:sp|Q09FC8|ZN415_HUMAN:sp|Q9UL01|DSE_HUMAN:sp|Q9BSG1|ZNF2_HUMAN:sp|Q9NR11|ZN302_HUMAN:sp|Q86SQ0|PHLB2_HUMAN:sp|Q6WRX3|ZY11A_HUMAN:sp|Q68DY1|ZN626_HUMAN:sp|Q96N22|ZN681_HUMAN:sp|P15954|COX7C_HUMAN:sp|Q8TB69|ZN519_HUMAN:sp|P47974|TISD_HUMAN:sp|O43309|ZSC12_HUMAN:sp|Q9NSC2|SALL1_HUMAN:sp|A5PLL1|AN34B_HUMAN:sp|Q9H3H5|GPT_HUMAN:sp|Q9UI43|MRM2_HUMAN:sp|Q6IQ21|ZN770_HUMAN:sp|Q8N8W4|PLPL1_HUMAN:sp|Q9C0G0|ZN407_HUMAN:sp|Q86V71|ZN429_HUMAN:sp|Q86UU0|BCL9L_HUMAN:sp|Q9UF83|YM012_HUMAN:sp|Q6ZN19|ZN841_HUMAN:sp|Q6PG37|ZN790_HUMAN:sp|Q96SE7|ZN347_HUMAN:sp|P51504|ZNF80_HUMAN:sp|P35789|ZNF93_HUMAN:sp|Q8N9Z0|ZN610_HUMAN:sp|A0A1W2PQL4|ZN722_HUMAN:sp|O95780|ZN682_HUMAN,DeepNovo
V(+42.01)SPARGRPKAAAAAAALAGAK,81.60,1946.1173,21,52.4,21,-0.3,649.71283,3,36.2731,4.5731,0.13,13892,HFX193_IPP292_GEL_CRC_324_Even.raw,7E6,4.31E7,4,4,4,4,"Acetylation (N-term)",,0 0 0 0 0 0 0 0 11 8 14 16 16 10 7 7 3 0 0 3 3,V(+42.01)SPARGRPKAAAAAAALAGAK,MARCKS_DEL_A-p.K155Rfs*12_::chr6:113859534-113860534_frame=1:sp|Q13461|FOXE3_HUMAN:sp|Q9H7Z7|PGES2_HUMAN:sp|Q504T8|MIDN_HUMAN:sp|Q9H4H8|FA83D_HUMAN:sp|Q4LEZ3|AARD_HUMAN:sp|P51817|PRKX_HUMAN:sp|Q5VWI1|TCRGL_HUMAN:sp|Q9NSE4|SYIM_HUMAN:sp|Q9H7M9|VISTA_HUMAN:sp|Q9H254|SPTN4_HUMAN:sp|Q8WXA9|SREK1_HUMAN:sp|Q6L8Q7|PDE12_HUMAN:sp|P54652|HSP72_HUMAN:sp|Q01101|INSM1_HUMAN:sp|Q8NHW6|OTOSP_HUMAN:SEC31A_INS_--T_p.I462Nfs*2::chr4:82863911-82864912_frame=-2:sp|Q8NI99|ANGL6_HUMAN:sp|Q6V1X1|DPP8_HUMAN:sp|Q6P0Q8|MAST2_HUMAN:sp|Q9NQ79|CRAC1_HUMAN:sp|Q00403|TF2B_HUMAN:sp|Q8NFD5|ARI1B_HUMAN:sp|Q7Z6E9|RBBP6_HUMAN:MARCKS_DEL_A-p.K155Rfs*12_::chr6:113859534-113860534_frame=2:sp|Q8NBA8|DTWD2_HUMAN:DOCK3_DEL_C-p.P1852Qfs*45_::chr3:51379673-51380673_frame=-3:sp|Q8NAP8|ZBT8B_HUMAN:sp|Q641Q2|WAC2A_HUMAN:sp|Q5TZA2|CROCC_HUMAN:sp|Q8NBJ4|GOLM1_HUMAN:sp|Q13620|CUL4B_HUMAN:sp|Q9ULI4|KI26A_HUMAN:sp|Q96T76|MMS19_HUMAN:sp|O14657|TOR1B_HUMAN:sp|Q7RTS3|PTF1A_HUMAN:sp|P37108|SRP14_HUMAN:sp|Q6P6C2|ALKB5_HUMAN:sp|Q86Y56|DAAF5_HUMAN:sp|Q9C0E4|GRIP2_HUMAN:sp|Q8IZ52|CHSS2_HUMAN:sp|Q9HAH7|FBRS_HUMAN:tr|A0A1W2PR80|A0A1W2PR80_HUMAN:sp|Q8N461|FXL16_HUMAN:sp|P27361|MK03_HUMAN:sp|Q9HA90|EFCC1_HUMAN:sp|Q9Y2F5|ICE1_HUMAN:sp|P03971|MIS_HUMAN:sp|Q99536|VAT1_HUMAN:sp|P61328|FGF12_HUMAN:sp|Q0P6H9|TMM62_HUMAN:sp|Q6ZUT4|YL014_HUMAN:sp|Q59H18|TNI3K_HUMAN:sp|A6NHT5|HMX3_HUMAN:sp|P78559|MAP1A_HUMAN:sp|Q9BQQ3|GORS1_HUMAN:sp|Q86U06|RBM23_HUMAN:MARCKS_DEL_A-p.K155Rfs*12_::chr6:113859534-113860534_frame=-1:sp|Q8NEB5|PLPP5_HUMAN:sp|Q13671|RIN1_HUMAN:sp|Q9H5Q4|TFB2M_HUMAN:sp|Q9BPX5|ARP5L_HUMAN:sp|P16260|GDC_HUMAN:sp|P11831|SRF_HUMAN:sp|Q6PIY5|ARMD1_HUMAN:sp|O95622|ADCY5_HUMAN:sp|P28482|MK01_HUMAN:sp|Q96NT1|NP1L5_HUMAN:SETD1B_DEL_C-p.H8Tfs*27_::chr12:121804252-121805252_frame=-3:sp|P56270|MAZ_HUMAN:sp|Q9BR39|JPH2_HUMAN:sp|Q9C0H2|TTYH3_HUMAN:SEC31A_INS_--T_p.I462Nfs*2::chr4:82863911-82864912_frame=1:sp|O75925|PIAS1_HUMAN:sp|Q8NDY6|BHE23_HUMAN:MARCKS_DEL_A-p.K155Rfs*12_::chr6:113859534-113860534_frame=-2:sp|Q96D31|CRCM1_HUMAN:sp|Q9Y5J1|UTP18_HUMAN:sp|A6NKX4|S22AV_HUMAN:sp|O75912|DGKI_HUMAN:sp|Q5VZB9|DMRTA_HUMAN:sp|Q5K4L6|S27A3_HUMAN:sp|O00410|IPO5_HUMAN:sp|Q13263|TIF1B_HUMAN:sp|Q9UEY8|ADDG_HUMAN:sp|Q96A99|PTX4_HUMAN:sp|Q03014|HHEX_HUMAN:sp|Q86VD7|S2542_HUMAN:sp|Q86TG7|PEG10_HUMAN:sp|O75420|GGYF1_HUMAN:sp|Q9UK22|FBX2_HUMAN:sp|Q9NQZ5|STAR7_HUMAN:sp|Q9NZV5|SELN_HUMAN:sp|Q8TE49|OTU7A_HUMAN:sp|Q969W9|PMEPA_HUMAN:sp|P42345|MTOR_HUMAN:sp|Q9H4Q4|PRD12_HUMAN:SETD1B_DEL_C-p.H8Tfs*27_::chr12:121804252-121805252_frame=3:sp|Q96S59|RANB9_HUMAN:sp|Q15652|JHD2C_HUMAN:sp|O75364|PITX3_HUMAN:sp|Q6ZMT4|KDM7A_HUMAN:sp|Q9NWL6|ASND1_HUMAN:RNF43_DEL_C-p.G659Vfs*41_::chr17:58357300-58358300_frame=2:sp|Q9NXT0|ZN586_HUMAN:sp|A6NGN9|IGLO5_HUMAN:sp|Q8IV76|PASD1_HUMAN:sp|Q8NEM7|SP20H_HUMAN:sp|P20264|PO3F3_HUMAN:sp|Q9NQS7|INCE_HUMAN:sp|P31277|HXD11_HUMAN:sp|Q9H707|ZN552_HUMAN:sp|P52746|ZN142_HUMAN:sp|Q9H9Y2|RPF1_HUMAN:sp|P49137|MAPK2_HUMAN:sp|Q9NS37|ZHANG_HUMAN:sp|Q9NR56|MBNL1_HUMAN:sp|Q9H0E3|SP130_HUMAN:sp|P31270|HXA11_HUMAN:sp|Q86X55|CARM1_HUMAN,DeepNovo
V(+42.01)SRARSFKL,45.41,1104.6404,9,55.6,9,-0.1,369.22067,3,41.0561,-4.6439,0.02,15811,HFX193_IPP292_GEL_CRC_324_Odd.raw,1.16E8,6.59E8,5,5,4,4,"Acetylation (N-term)",,0 0 2 0 1 9 17 20 5,V(+42.01)SRARSFKL,sp|Q9NS39|RED2_HUMAN:sp|Q8NDL9|CBPC5_HUMAN:sp|Q9NUV9|GIMA4_HUMAN:sp|Q8WZ64|ARAP2_HUMAN:sp|O94915|FRYL_HUMAN:sp|P08311|CATG_HUMAN:sp|Q8TD84|DSCL1_HUMAN:sp|P11498|PYC_HUMAN:sp|P14543|NID1_HUMAN:sp|Q9UK61|TASOR_HUMAN:sp|Q8TE23|TS1R2_HUMAN:sp|Q6ZV89|SH2D5_HUMAN:sp|Q5FYB1|ARSI_HUMAN:sp|Q4G0P3|HYDIN_HUMAN:sp|O76054|S14L2_HUMAN:sp|Q96DT5|DYH11_HUMAN:sp|Q3SXY7|LRIT3_HUMAN:sp|Q9Y2N7|HIF3A_HUMAN:sp|Q7RTX1|TS1R1_HUMAN:sp|Q00341|VIGLN_HUMAN:sp|P52739|ZN131_HUMAN:sp|B7ZBB8|PP13G_HUMAN:sp|Q96PZ7|CSMD1_HUMAN:sp|Q14005|IL16_HUMAN:sp|O00337|S28A1_HUMAN:sp|Q70Z44|5HT3D_HUMAN:sp|Q7Z392|TPC11_HUMAN:sp|O95487|SC24B_HUMAN:sp|Q5TBA9|FRY_HUMAN,DeepNovo
V(+42.01)SRERM(+15.99)LRL,36.66,1216.6710,9,22.2,9,1.0,406.56467,3,40.2267,10.0267,0.44,15454,HFX193_IPP292_GEL_CRC_324_Odd.raw,6.96E6,3.48E7,2,2,2,2,"Acetylation (N-term);Oxidation (M)",,0 0 1 0 2 0 1 1 2,V(+42.01)SRERM(+15.99)LRL,sp|Q13233|M3K1_HUMAN:sp|Q86UQ4|ABCAD_HUMAN:sp|P14625|ENPL_HUMAN:sp|Q86UR5|RIMS1_HUMAN:sp|Q96RW7|HMCN1_HUMAN:sp|O75694|NU155_HUMAN:sp|P35580|MYH10_HUMAN:sp|P47870|GBRB2_HUMAN:sp|Q01118|SCN7A_HUMAN:sp|P12270|TPR_HUMAN:sp|Q8IUR6|CRERF_HUMAN:sp|Q12768|WASC5_HUMAN:sp|Q8N159|NAGS_HUMAN:sp|Q63HN8|RN213_HUMAN:sp|Q86YP4|P66A_HUMAN:sp|P98077|SHC2_HUMAN:sp|Q5T4B2|GT253_HUMAN:sp|Q9BVM4|GGACT_HUMAN:sp|P28472|GBRB3_HUMAN:sp|Q9UQ26|RIMS2_HUMAN:sp|Q86UK5|LBN_HUMAN:sp|P18507|GBRG2_HUMAN:sp|Q9NX78|TM260_HUMAN:sp|Q12792|TWF1_HUMAN:sp|Q8NBJ5|GT251_HUMAN:sp|P26022|PTX3_HUMAN:sp|P18505|GBRB1_HUMAN:sp|Q9NZV1|CRIM1_HUMAN:sp|Q9NZ08|ERAP1_HUMAN:sp|Q9H2C8|O51V1_HUMAN,DeepNovo
V(+42.01)SRGAKALKL,41.67,1083.6764,10,60.0,10,1.1,362.23315,3,37.9969,0.1969,0.35,14598,HFX193_IPP292_GEL_CRC_324_Odd.raw,2.73E5,2.25E6,1,1,1,1,"Acetylation (N-term)",,0 0 2 0 0 5 6 6 16 5,V(+42.01)SRGAKALKL,sp|Q96M20|CNBD2_HUMAN:sp|Q8N7C3|TRIMM_HUMAN:sp|Q7Z304|MAMC2_HUMAN:sp|Q92624|APBP2_HUMAN:sp|Q8NBP0|TTC13_HUMAN:sp|Q93009|UBP7_HUMAN:sp|Q6ZN16|M3K15_HUMAN:sp|Q8ND23|CARL3_HUMAN:sp|Q96EX2|RNFT2_HUMAN:sp|P48378|RFX2_HUMAN:sp|Q9H7D0|DOCK5_HUMAN:sp|Q9Y4A5|TRRAP_HUMAN:sp|Q6N069|NAA16_HUMAN:sp|O60566|BUB1B_HUMAN:sp|A6NHR9|SMHD1_HUMAN:sp|P00966|ASSY_HUMAN:sp|Q9NP79|VTA1_HUMAN:sp|Q96JB1|DYH8_HUMAN:sp|O14578|CTRO_HUMAN:sp|Q86SS6|SYT9_HUMAN:sp|Q96HS1|PGAM5_HUMAN:sp|P09919|CSF3_HUMAN:sp|Q969N4|TAAR8_HUMAN:sp|Q9UBT7|CTNL1_HUMAN:sp|Q9C0G6|DYH6_HUMAN:sp|O75414|NDK6_HUMAN:sp|P09914|IFIT1_HUMAN:sp|Q9P2J2|TUTLA_HUMAN:sp|P22304|IDS_HUMAN:sp|Q7Z3Z3|PIWL3_HUMAN:sp|Q7Z392|TPC11_HUMAN:sp|Q99758|ABCA3_HUMAN:sp|Q86TV6|TTC7B_HUMAN:sp|Q8N1I0|DOCK4_HUMAN:sp|P48444|COPD_HUMAN:sp|Q9BT78|CSN4_HUMAN:sp|Q9H7Z3|NRDE2_HUMAN:sp|Q9H1J5|WNT8A_HUMAN:sp|P26639|SYTC_HUMAN:sp|Q8TB61|S35B2_HUMAN:sp|Q12769|NU160_HUMAN:sp|Q969T3|SNX21_HUMAN:sp|Q96JD6|AKCL2_HUMAN:sp|P15924|DESP_HUMAN:sp|Q29RF7|PDS5A_HUMAN:sp|Q5VZK9|CARL1_HUMAN:sp|Q96QK1|VPS35_HUMAN:sp|Q13201|MMRN1_HUMAN:sp|Q5TGI4|SAMD5_HUMAN:sp|Q6ZN66|GBP6_HUMAN:sp|Q5SNV9|CA167_HUMAN:sp|Q96E52|OMA1_HUMAN:sp|Q8IYB8|SUV3_HUMAN:sp|Q70J99|UN13D_HUMAN:sp|Q2M389|WASC4_HUMAN:sp|Q9P2M1|LR2BP_HUMAN:sp|A8MW95|BECN2_HUMAN:sp|Q6S8J3|POTEE_HUMAN:sp|O94760|DDAH1_HUMAN:sp|Q13474|DRP2_HUMAN:sp|Q9HC84|MUC5B_HUMAN:sp|Q6P9F0|CCD62_HUMAN:sp|Q9P2D8|UNC79_HUMAN:sp|Q86Z20|CC125_HUMAN:sp|Q9NUQ3|TXLNG_HUMAN:sp|P78406|RAE1L_HUMAN:sp|Q9UHA7|IL36A_HUMAN:sp|P02679|FIBG_HUMAN:sp|Q07617|SPAG1_HUMAN:sp|Q8N5D0|WDTC1_HUMAN:sp|Q02817|MUC2_HUMAN:sp|Q96K76|UBP47_HUMAN:sp|Q9ULJ7|ANR50_HUMAN:sp|Q7Z3J2|VP35L_HUMAN:sp|Q6MZQ0|PRR5L_HUMAN:sp|Q32P28|P3H1_HUMAN:sp|Q9UBC5|MYO1A_HUMAN:sp|P45985|MP2K4_HUMAN:sp|Q92974|ARHG2_HUMAN:sp|O95816|BAG2_HUMAN:sp|P28221|5HT1D_HUMAN:sp|O95155|UBE4B_HUMAN:sp|Q96RI9|TAAR9_HUMAN:sp|Q8N3U4|STAG2_HUMAN:sp|A5A3E0|POTEF_HUMAN:sp|Q68DK2|ZFY26_HUMAN:sp|Q9NP81|SYSM_HUMAN:sp|Q9C0C2|TB182_HUMAN:sp|O75410|TACC1_HUMAN:sp|Q8IYR0|CF206_HUMAN:sp|Q9NYA1|SPHK1_HUMAN:sp|P42345|MTOR_HUMAN:sp|Q9NQW5|PRDM7_HUMAN:sp|O43581|SYT7_HUMAN:sp|P07942|LAMB1_HUMAN:sp|Q6ZUS5|CC121_HUMAN:sp|Q8N5I2|ARRD1_HUMAN:sp|Q9H936|GHC1_HUMAN:sp|Q86TW2|ADCK1_HUMAN:sp|Q8WXG9|AGRV1_HUMAN:sp|Q96AE7|TTC17_HUMAN:sp|O43242|PSMD3_HUMAN:sp|Q9Y3I0|RTCB_HUMAN:sp|Q9H1K4|GHC2_HUMAN:sp|P49238|CX3C1_HUMAN:sp|Q96NN9|AIFM3_HUMAN:sp|Q8NA56|TTC29_HUMAN:sp|Q7Z4N2|TRPM1_HUMAN:sp|O75751|S22A3_HUMAN:sp|P98088|MUC5A_HUMAN:sp|Q9GZP7|VN1R1_HUMAN:sp|Q4G0P3|HYDIN_HUMAN:sp|P35749|MYH11_HUMAN:sp|P20132|SDHL_HUMAN:sp|Q8NCM8|DYHC2_HUMAN:sp|Q9UJX3|APC7_HUMAN:sp|Q5VVW2|GARL3_HUMAN:sp|Q8TE60|ATS18_HUMAN:sp|Q8TCC7|S22A8_HUMAN:sp|Q96N76|HUTU_HUMAN,DeepNovo
V(+42.01)SRGGKKVVL,40.64,1083.6764,10,50.0,10,0.1,362.23279,3,33.8591,13.0591,0.08,12890,HFX193_IPP292_GEL_CRC_324_Odd.raw,2.9E7,1.68E8,3,3,3,3,"Acetylation (N-term)",,0 0 1 0 0 7 10 22 30 5,V(+42.01)SRGGKKVVL,sp|Q99958|FOXC2_HUMAN:sp|Q6UVJ0|SAS6_HUMAN:sp|Q96HW7|INT4_HUMAN:sp|P01730|CD4_HUMAN:sp|Q9NRP7|STK36_HUMAN:sp|Q14993|COJA1_HUMAN:sp|P46939|UTRN_HUMAN:sp|A6NEN9|CX065_HUMAN:sp|Q9UL03|INT6_HUMAN:sp|Q8IZJ4|RGDSR_HUMAN:sp|Q9NXZ1|SAGE1_HUMAN:sp|P04278|SHBG_HUMAN:sp|B1ANS9|WDR64_HUMAN:sp|Q13571|LAPM5_HUMAN:sp|Q9UHN6|CEIP2_HUMAN:sp|P50552|VASP_HUMAN:sp|Q9Y6F1|PARP3_HUMAN:sp|Q9NU53|GINM1_HUMAN:sp|Q2Q1W2|LIN41_HUMAN:sp|Q8IWZ6|BBS7_HUMAN:sp|Q6ZRQ5|MMS22_HUMAN:sp|Q8WZ42|TITIN_HUMAN:sp|Q9BUK6|MSTO1_HUMAN:sp|P16671|CD36_HUMAN:sp|Q9H6B4|CLMP_HUMAN:sp|Q9NYV8|T2R14_HUMAN:sp|Q14146|URB2_HUMAN:sp|Q15562|TEAD2_HUMAN:sp|Q658Y4|F91A1_HUMAN:sp|Q9UI08|EVL_HUMAN:sp|Q96NU7|HUTI_HUMAN:sp|A2PYH4|HFM1_HUMAN:sp|P11233|RALA_HUMAN:sp|Q06136|KDSR_HUMAN:sp|Q8N3P4|VPS8_HUMAN:sp|Q9BTE0|NAT9_HUMAN:sp|P01116|RASK_HUMAN:sp|P11234|RALB_HUMAN:sp|Q969S2|NEIL2_HUMAN:sp|Q8TCD6|PHOP2_HUMAN:sp|O75643|U520_HUMAN:sp|Q9H425|CA198_HUMAN:sp|O15056|SYNJ2_HUMAN:sp|A0PJE2|DHR12_HUMAN:sp|B1AJZ9|FHAD1_HUMAN:sp|Q9P2L0|WDR35_HUMAN:sp|P55283|CADH4_HUMAN:sp|Q9NQ66|PLCB1_HUMAN:sp|Q5T7B8|KIF24_HUMAN:sp|Q9BZX2|UCK2_HUMAN:sp|Q92625|ANS1A_HUMAN:sp|Q9Y2T3|GUAD_HUMAN:sp|Q2M1Z3|RHG31_HUMAN:sp|Q5H9I0|TFDP3_HUMAN:sp|O60437|PEPL_HUMAN:sp|Q96RW7|HMCN1_HUMAN:sp|P78364|PHC1_HUMAN:sp|A6NKB5|PCX2_HUMAN:sp|Q68DY1|ZN626_HUMAN:sp|Q53SF7|COBL1_HUMAN:sp|Q14186|TFDP1_HUMAN:sp|Q02388|CO7A1_HUMAN:sp|O95602|RPA1_HUMAN:sp|Q9Y5S8|NOX1_HUMAN:sp|Q8NDA2|HMCN2_HUMAN:sp|Q9P2D0|IBTK_HUMAN:sp|Q15561|TEAD4_HUMAN:sp|Q9H341|O51M1_HUMAN:sp|Q8WZ74|CTTB2_HUMAN:sp|Q9BQA1|MEP50_HUMAN:sp|Q8IW52|SLIK4_HUMAN:sp|Q99594|TEAD3_HUMAN:sp|P01111|RASN_HUMAN:sp|Q86YI8|PHF13_HUMAN:sp|Q9BYN7|ZN341_HUMAN:sp|Q9H720|PG2IP_HUMAN:sp|O95831|AIFM1_HUMAN:sp|Q14690|RRP5_HUMAN:sp|P04839|CY24B_HUMAN:sp|Q9Y4D2|DGLA_HUMAN:sp|Q5R372|RBG1L_HUMAN:sp|Q58F21|BRDT_HUMAN:sp|Q9UHD1|CHRD1_HUMAN:sp|P01112|RASH_HUMAN:sp|Q96HN2|SAHH3_HUMAN:sp|Q01780|EXOSX_HUMAN:sp|O75063|XYLK_HUMAN:sp|Q8NCM8|DYHC2_HUMAN:sp|P28347|TEAD1_HUMAN:sp|O43865|SAHH2_HUMAN:sp|Q9NQ89|CL004_HUMAN:sp|Q6ZQR2|CFA77_HUMAN:sp|Q8NFT8|DNER_HUMAN,DeepNovo
V(+42.01)SRGGVKLK,40.25,984.6080,9,44.4,9,1.7,329.21051,3,31.8358,20.0358,0.18,12088,HFX193_IPP292_GEL_CRC_324_Even.raw,2.79E5,2.12E6,1,1,1,1,"Acetylation (N-term)",,0 0 1 0 0 8 8 9 5,V(+42.01)SRGGVKLK,sp|P23467|PTPRB_HUMAN:sp|P06858|LIPL_HUMAN:sp|Q9Y6D5|BIG2_HUMAN:sp|Q5VZ46|K1614_HUMAN:sp|P02749|APOH_HUMAN:sp|Q5VTQ0|TT39B_HUMAN:sp|Q15517|CDSN_HUMAN:sp|Q08AE8|SPIR1_HUMAN:sp|Q9BX63|FANCJ_HUMAN:sp|P0C0L5|CO4B_HUMAN:sp|P31689|DNJA1_HUMAN:sp|Q96JQ2|CLMN_HUMAN:sp|Q9NP58|ABCB6_HUMAN:sp|Q9ULD4|BRPF3_HUMAN:sp|Q09666|AHNK_HUMAN:sp|Q86UY5|FA83A_HUMAN:sp|Q9UI08|EVL_HUMAN:sp|Q86WI3|NLRC5_HUMAN:sp|Q8NEN9|PDZD8_HUMAN:sp|Q6ZMU1|C3P1_HUMAN:sp|O94985|CSTN1_HUMAN:sp|Q14151|SAFB2_HUMAN:sp|Q66K41|Z385C_HUMAN:sp|Q08211|DHX9_HUMAN:sp|Q8TED0|UTP15_HUMAN:sp|Q13620|CUL4B_HUMAN:sp|Q9HC73|CRLF2_HUMAN:sp|Q8N5R6|CCD33_HUMAN:sp|Q9Y314|NOSIP_HUMAN:sp|P48444|COPD_HUMAN:sp|P21860|ERBB3_HUMAN:sp|Q86V97|KBTB6_HUMAN:sp|Q15046|SYK_HUMAN:sp|Q9UDY8|MALT1_HUMAN:sp|Q8NDA2|HMCN2_HUMAN:sp|Q5T447|HECD3_HUMAN:sp|Q16584|M3K11_HUMAN:sp|Q96LB3|IFT74_HUMAN:sp|Q6T310|RSLBA_HUMAN:sp|Q5SYB0|FRPD1_HUMAN:sp|O14786|NRP1_HUMAN:sp|Q9P1Z2|CACO1_HUMAN:sp|Q49A26|GLYR1_HUMAN:sp|Q5SNV9|CA167_HUMAN:sp|Q9UQC9|CLCA2_HUMAN:sp|Q63HR2|TENS2_HUMAN:sp|Q9HCD5|NCOA5_HUMAN:sp|Q9NSB2|KRT84_HUMAN:sp|Q8TE58|ATS15_HUMAN:sp|Q02487|DSC2_HUMAN:sp|P32121|ARRB2_HUMAN:sp|Q702N8|XIRP1_HUMAN:sp|Q8IYM1|SEP12_HUMAN:sp|Q13107|UBP4_HUMAN:sp|Q7Z6B7|SRGP1_HUMAN:sp|Q8NEV4|MYO3A_HUMAN:sp|Q9BXP2|S12A9_HUMAN:sp|Q99719|SEPT5_HUMAN:sp|Q8N9B5|JMY_HUMAN:sp|Q9Y2J2|E41L3_HUMAN:sp|Q14444|CAPR1_HUMAN:sp|Q9BZ29|DOCK9_HUMAN:sp|P78386|KRT85_HUMAN:sp|Q8IUX8|EGFL6_HUMAN:sp|O15519|CFLAR_HUMAN:sp|P49407|ARRB1_HUMAN:sp|Q6ZUX7|LHPL2_HUMAN:sp|P63145|GAK24_HUMAN:sp|Q8TDJ6|DMXL2_HUMAN:sp|Q4KWH8|PLCH1_HUMAN:sp|Q9UFH2|DYH17_HUMAN:sp|Q9P2M7|CING_HUMAN:sp|Q5EBL2|ZN628_HUMAN:sp|O15040|TCPR2_HUMAN:sp|Q9H777|RNZ1_HUMAN:sp|P62805|H4_HUMAN:sp|Q9HBL0|TENS1_HUMAN:sp|P63128|POK9_HUMAN:sp|O43790|KRT86_HUMAN:sp|Q8N137|CNTRB_HUMAN:SAFB2_DEL_G-p.P945Rfs*49_::chr19:5586771-5587771_frame=-1:sp|Q9BXI6|TB10A_HUMAN:sp|P78385|KRT83_HUMAN:sp|Q9Y6D6|BIG1_HUMAN:sp|Q8WVZ9|KBTB7_HUMAN:sp|O43541|SMAD6_HUMAN:sp|O75147|OBSL1_HUMAN:sp|Q8NB66|UN13C_HUMAN:sp|Q495M9|USH1G_HUMAN:sp|O94759|TRPM2_HUMAN:sp|Q8TDI7|TMC2_HUMAN:sp|Q8TF72|SHRM3_HUMAN:sp|Q16181|SEPT7_HUMAN:sp|Q14141|SEPT6_HUMAN:sp|P31639|SC5A2_HUMAN:sp|Q86W24|NAL14_HUMAN:sp|Q7L0X0|TRIL_HUMAN:sp|Q8WXH2|JPH3_HUMAN:sp|P0C0L4|CO4A_HUMAN:sp|Q58A45|PAN3_HUMAN:sp|Q5SRH9|TT39A_HUMAN:sp|Q7L5D6|GET4_HUMAN:sp|Q7Z3B3|KANL1_HUMAN:sp|Q9Y6W8|ICOS_HUMAN:sp|Q53H76|PLA1A_HUMAN:sp|O43312|MTSS1_HUMAN:sp|P46199|IF2M_HUMAN:sp|Q8IV33|K0825_HUMAN:sp|Q9H7C4|SYNCI_HUMAN:sp|Q8IW19|APLF_HUMAN:sp|O00763|ACACB_HUMAN:sp|Q8WXG9|AGRV1_HUMAN:sp|Q96GW7|PGCB_HUMAN:sp|O75197|LRP5_HUMAN:sp|Q9BYD2|RM09_HUMAN:sp|Q9C0G0|ZN407_HUMAN:sp|Q03164|KMT2A_HUMAN:sp|Q9NS37|ZHANG_HUMAN:sp|Q9NR09|BIRC6_HUMAN:sp|P54296|MYOM2_HUMAN,DeepNovo
V(+42.01)SRHGGDLLK,49.25,1122.6145,10,40.0,10,1.3,375.21259,3,34.0468,12.7468,0.19,12987,HFX193_IPP292_GEL_CRC_324_Odd.raw,5.11E5,3.74E6,2,2,1,1,"Acetylation (N-term)",,0 0 0 0 0 0 10 9 8 5,V(+42.01)SRHGGDLLK,sp|Q99814|EPAS1_HUMAN:sp|Q96JB8|MPP4_HUMAN:sp|P50479|PDLI4_HUMAN:sp|P04275|VWF_HUMAN:sp|O15270|SPTC2_HUMAN:sp|Q14168|MPP2_HUMAN:sp|P11498|PYC_HUMAN:sp|Q9Y2C3|B3GT5_HUMAN:sp|Q5T2T1|MPP7_HUMAN:sp|Q562E7|WDR81_HUMAN:sp|P40424|PBX1_HUMAN:sp|Q9Y6J0|CABIN_HUMAN:sp|P05107|ITB2_HUMAN:sp|P62993|GRB2_HUMAN:sp|Q86W34|AMZ2_HUMAN:sp|Q5TEJ8|THMS2_HUMAN:sp|O14578|CTRO_HUMAN:sp|Q5SQI0|ATAT_HUMAN:sp|O14802|RPC1_HUMAN:sp|Q9Y5X9|LIPE_HUMAN:sp|Q5VUD6|DIK1B_HUMAN:sp|O96024|B3GT4_HUMAN:sp|Q5TCQ9|MAGI3_HUMAN:sp|Q8N1V2|CFA52_HUMAN:sp|O43148|MCES_HUMAN:sp|Q14BN4|SLMAP_HUMAN:sp|Q2WGJ9|FR1L6_HUMAN:sp|O14657|TOR1B_HUMAN:sp|P49902|5NTC_HUMAN:sp|Q5JSP0|FGD3_HUMAN:sp|P47224|MSS4_HUMAN:sp|Q12981|SEC20_HUMAN:sp|Q05823|RN5A_HUMAN:sp|P63244|RACK1_HUMAN:sp|O15151|MDM4_HUMAN:sp|Q13017|RHG05_HUMAN:sp|Q15111|PLCL1_HUMAN:sp|P98198|AT8B2_HUMAN:sp|Q14980|NUMA1_HUMAN:sp|P23471|PTPRZ_HUMAN:sp|Q8TCT0|CERK1_HUMAN:sp|Q04912|RON_HUMAN:sp|P15498|VAV_HUMAN:sp|Q14118|DAG1_HUMAN:sp|Q6UXX5|ITIH6_HUMAN:sp|Q8WZA2|RPGF4_HUMAN:sp|A0A3B3IT33|TR51G_HUMAN:sp|Q9P2P1|NYNRI_HUMAN:sp|Q0D2K2|KLH30_HUMAN:sp|Q96M98|PACRG_HUMAN:sp|Q9UKA4|AKA11_HUMAN:sp|Q12834|CDC20_HUMAN:sp|Q04656|ATP7A_HUMAN:sp|Q9ULV3|CIZ1_HUMAN:sp|Q6DT37|MRCKG_HUMAN:sp|Q6ZUB1|S31E1_HUMAN:sp|Q14517|FAT1_HUMAN:sp|Q9NZM3|ITSN2_HUMAN:sp|P53618|COPB_HUMAN:sp|Q7L014|DDX46_HUMAN:sp|Q9NZ52|GGA3_HUMAN:sp|Q5VT25|MRCKA_HUMAN:sp|Q9UHN6|CEIP2_HUMAN:sp|Q9BZA7|PC11X_HUMAN:sp|Q14028|CNGB1_HUMAN:sp|P17948|VGFR1_HUMAN:sp|Q9C0H2|TTYH3_HUMAN:sp|Q9P2K8|E2AK4_HUMAN:sp|O95755|RAB36_HUMAN:sp|Q13402|MYO7A_HUMAN:sp|O95613|PCNT_HUMAN:sp|P12259|FA5_HUMAN:sp|Q14997|PSME4_HUMAN:sp|O14936|CSKP_HUMAN:sp|P35916|VGFR3_HUMAN:sp|Q8N2I9|STK40_HUMAN:sp|O14879|IFIT3_HUMAN:sp|Q5XX13|FBW10_HUMAN:sp|Q8WVM7|STAG1_HUMAN:sp|Q8IY21|DDX60_HUMAN:sp|Q08999|RBL2_HUMAN:sp|Q9UJ98|STAG3_HUMAN:sp|Q9BXC9|BBS2_HUMAN:sp|Q8N3U4|STAG2_HUMAN:sp|Q8TE82|S3TC1_HUMAN:sp|P11926|DCOR_HUMAN:sp|Q96M96|FGD4_HUMAN:sp|Q9HAW0|BRF2_HUMAN:sp|Q9UQR0|SCML2_HUMAN:sp|Q9C0D5|TANC1_HUMAN:sp|Q09013|DMPK_HUMAN:sp|Q12770|SCAP_HUMAN:sp|P42262|GRIA2_HUMAN:sp|A7E2Y1|MYH7B_HUMAN:sp|Q9Y5S2|MRCKB_HUMAN:sp|O94874|UFL1_HUMAN:sp|Q96QT6|PHF12_HUMAN:sp|Q9Y2A9|B3GN3_HUMAN:sp|A5YM72|CRNS1_HUMAN:sp|P07814|SYEP_HUMAN:sp|Q8IV33|K0825_HUMAN:sp|Q96C10|DHX58_HUMAN:sp|Q99460|PSMD1_HUMAN:sp|P40425|PBX2_HUMAN:sp|P98174|FGD1_HUMAN:sp|Q6XPR3|RPTN_HUMAN:sp|Q9Y616|IRAK3_HUMAN:sp|Q99726|ZNT3_HUMAN:sp|Q9NQW8|CNGB3_HUMAN:sp|Q9P2B2|FPRP_HUMAN:sp|Q96PN6|ADCYA_HUMAN:sp|Q86YG4|NT5D4_HUMAN:sp|Q6ZNL6|FGD5_HUMAN:sp|Q6NSI4|RADX_HUMAN:sp|Q5TH69|BIG3_HUMAN:sp|Q63HM2|PCX4_HUMAN:sp|Q9NRU3|CNNM1_HUMAN:sp|P11362|FGFR1_HUMAN:sp|Q9NZW5|PALS2_HUMAN:sp|Q8TF62|AT8B4_HUMAN,DeepNovo
V(+42.01)SRHGGDLLLK,50.55,1235.6986,11,45.5,11,1.1,412.90726,3,46.8859,-0.6141,0.15,18170,HFX193_IPP292_GEL_CRC_324_Even.raw,1.68E6,1.04E7,1,1,1,1,"Acetylation (N-term)",,0 0 0 0 0 0 12 23 9 6 5,V(+42.01)SRHGGDLLLK,sp|Q9C0B6|BRNP2_HUMAN:sp|Q6ZMM2|ATL5_HUMAN:sp|Q9NPR2|SEM4B_HUMAN:sp|P24386|RAE1_HUMAN:sp|Q06323|PSME1_HUMAN:sp|Q12988|HSPB3_HUMAN:RNF43_DEL_C-p.G659Vfs*41_::chr17:58357300-58358300_frame=3:sp|Q7Z601|GP142_HUMAN:sp|O14717|TRDMT_HUMAN:sp|Q49AG3|ZBED5_HUMAN:sp|Q4VNC0|AT135_HUMAN:sp|P11488|GNAT1_HUMAN:sp|Q6EMB2|TTLL5_HUMAN:sp|Q92622|RUBIC_HUMAN:sp|Q96P47|AGAP3_HUMAN:sp|Q9BXY5|CAYP2_HUMAN:sp|P42338|PK3CB_HUMAN:sp|Q5SQI0|ATAT_HUMAN:sp|O75122|CLAP2_HUMAN:sp|O14513|NCKP5_HUMAN:sp|O95835|LATS1_HUMAN:sp|Q7Z6J0|SH3R1_HUMAN:sp|Q8N3P4|VPS8_HUMAN:sp|Q53TS8|CTSRT_HUMAN:sp|O43148|MCES_HUMAN:sp|Q9NYC9|DYH9_HUMAN:sp|Q9HAK2|COE2_HUMAN:sp|Q6PL18|ATAD2_HUMAN:sp|Q8TBB1|LNX1_HUMAN:sp|Q53GS7|GLE1_HUMAN:sp|Q86WI1|PKHL1_HUMAN:sp|P19878|NCF2_HUMAN:sp|Q96L58|B3GT6_HUMAN:sp|Q2WGJ9|FR1L6_HUMAN:sp|Q93008|USP9X_HUMAN:sp|O14657|TOR1B_HUMAN:sp|Q9NYY1|IL20_HUMAN:sp|P19087|GNAT2_HUMAN:sp|Q92797|SYMPK_HUMAN:sp|Q9NQZ6|ZC4H2_HUMAN:sp|P21359|NF1_HUMAN:sp|O60281|ZN292_HUMAN:sp|Q96P20|NLRP3_HUMAN:sp|P23471|PTPRZ_HUMAN:sp|Q13009|TIAM1_HUMAN:NDUFC2_DEL_AA-p.F69Cfs*9_::chr11:78072601-78073602_frame=2:sp|Q96SB8|SMC6_HUMAN:sp|Q99490|AGAP2_HUMAN:sp|O15240|VGF_HUMAN:sp|Q9UM21|MGT4A_HUMAN:sp|Q8NEV4|MYO3A_HUMAN:sp|Q9Y6X6|MYO16_HUMAN:sp|O00222|GRM8_HUMAN:sp|P11532|DMD_HUMAN:sp|Q53RD9|FBLN7_HUMAN:sp|Q8NCD3|HJURP_HUMAN:sp|Q9H165|BC11A_HUMAN:sp|Q14008|CKAP5_HUMAN:sp|P41279|M3K8_HUMAN:sp|Q86UQ4|ABCAD_HUMAN:sp|O75891|AL1L1_HUMAN:sp|P53618|COPB_HUMAN:sp|Q6UXC1|AEGP_HUMAN:sp|Q9Y2I6|NINL_HUMAN:sp|Q6P2Q9|PRP8_HUMAN:sp|Q8WZ64|ARAP2_HUMAN:sp|Q8NEZ4|KMT2C_HUMAN:sp|Q9H799|CPLN1_HUMAN:sp|Q14028|CNGB1_HUMAN:sp|Q27J81|INF2_HUMAN:sp|P30550|GRPR_HUMAN:sp|Q9HBL0|TENS1_HUMAN:sp|Q70Z53|F10C1_HUMAN:sp|Q3KR16|PKHG6_HUMAN:sp|Q08AF3|SLFN5_HUMAN:sp|Q92974|ARHG2_HUMAN:sp|Q8TBF5|PIGX_HUMAN:sp|O43164|PJA2_HUMAN:sp|Q9UPU5|UBP24_HUMAN:sp|P01011|AACT_HUMAN:sp|O60890|OPHN1_HUMAN:sp|A0AUZ9|KAL1L_HUMAN:sp|A6NHR8|FA47D_HUMAN:sp|Q92985|IRF7_HUMAN:sp|P53667|LIMK1_HUMAN:sp|Q8TE82|S3TC1_HUMAN:sp|Q15147|PLCB4_HUMAN:sp|Q9UHB9|SRP68_HUMAN:sp|O75962|TRIO_HUMAN:sp|Q96SL1|DIRC2_HUMAN:sp|Q9C0D5|TANC1_HUMAN:sp|Q58EX2|SDK2_HUMAN:sp|Q9H9S0|NANOG_HUMAN:sp|Q9Y5S2|MRCKB_HUMAN:sp|C9JH25|PRRT4_HUMAN:sp|Q8IYT3|CC170_HUMAN:sp|Q9BXE9|VN1R3_HUMAN:sp|Q9NPB8|GPCP1_HUMAN:sp|P0C1S8|WEE2_HUMAN:sp|O43156|TTI1_HUMAN:sp|O94915|FRYL_HUMAN:sp|Q09MP3|R51A2_HUMAN:sp|P32247|BRS3_HUMAN:sp|Q99460|PSMD1_HUMAN:sp|Q9BZC7|ABCA2_HUMAN:sp|Q3KR37|ASTRB_HUMAN:sp|Q99986|VRK1_HUMAN:sp|Q15777|MPPD2_HUMAN:sp|Q9NQW8|CNGB3_HUMAN:sp|Q8TEC5|SH3R2_HUMAN:sp|Q9H720|PG2IP_HUMAN:sp|Q9Y5F1|PCDBC_HUMAN:sp|P17707|DCAM_HUMAN:sp|O94817|ATG12_HUMAN:sp|P26374|RAE2_HUMAN:sp|O60662|KLH41_HUMAN:sp|Q9UDY2|ZO2_HUMAN:sp|Q5TH69|BIG3_HUMAN:sp|A0A087WXM9|MEIKN_HUMAN:sp|Q96PZ7|CSMD1_HUMAN,DeepNovo
V(+42.01)SRKGRLL,20.92,969.6083,8,50.0,8,0.3,324.21014,3,36.0282,19.3282,0.05,13775,HFX193_IPP292_GEL_CRC_324_Odd.raw,9.67E5,7.12E6,1,1,1,1,"Acetylation (N-term)",,0 0 1 1 3 2 2 5,V(+42.01)SRKGRLL,sp|Q14117|DPYS_HUMAN:sp|Q96MM7|H6ST2_HUMAN:sp|P41252|SYIC_HUMAN:sp|Q99519|NEUR1_HUMAN:sp|Q96MX0|CKLF3_HUMAN:sp|P04920|B3A2_HUMAN:sp|O75051|PLXA2_HUMAN:sp|O15178|TBXT_HUMAN:sp|P31689|DNJA1_HUMAN:sp|O60566|BUB1B_HUMAN:sp|P28370|SMCA1_HUMAN:sp|Q9UGU0|TCF20_HUMAN:sp|O15020|SPTN2_HUMAN:sp|Q5SQQ9|VAX1_HUMAN:sp|Q8IYD2|KLD8A_HUMAN:sp|P41273|TNFL9_HUMAN:sp|A8MYJ7|TTC34_HUMAN:sp|O75678|RFPL2_HUMAN:sp|P30038|AL4A1_HUMAN:sp|O95503|CBX6_HUMAN:sp|P43246|MSH2_HUMAN:sp|Q16512|PKN1_HUMAN:sp|P59510|ATS20_HUMAN:sp|Q8NEL9|DDHD1_HUMAN:sp|Q14195|DPYL3_HUMAN:sp|Q9BPU6|DPYL5_HUMAN:sp|Q86YF9|DZIP1_HUMAN:sp|Q9UBB6|NCDN_HUMAN:sp|Q8TBZ8|ZN564_HUMAN:sp|Q12866|MERTK_HUMAN:sp|Q15465|SHH_HUMAN:sp|Q5TCY1|TTBK1_HUMAN:sp|P01024|CO3_HUMAN:DDX27_DEL_A-p.K660Rfs*4_::chr20:49241467-49242467_frame=-2:sp|Q53EL6|PDCD4_HUMAN:sp|Q5VT97|SYDE2_HUMAN:sp|Q8TEV8|SMCR5_HUMAN:sp|Q8WWX0|ASB5_HUMAN:sp|O15197|EPHB6_HUMAN:sp|Q9NY15|STAB1_HUMAN:sp|Q9C0D4|Z518B_HUMAN:sp|P55884|EIF3B_HUMAN:sp|Q8N4Q0|PTGR3_HUMAN:sp|Q9UIW0|VAX2_HUMAN:sp|Q9BYW1|GTR11_HUMAN:sp|A7MCY6|TBKB1_HUMAN:sp|A6NE02|BTBDH_HUMAN:sp|A4D1N5|YG018_HUMAN:sp|Q8IYD8|FANCM_HUMAN:sp|P29401|TKT_HUMAN:sp|Q9Y618|NCOR2_HUMAN:sp|Q9UKR3|KLK13_HUMAN:sp|Q13191|CBLB_HUMAN:tr|A0A8I5KXM2|A0A8I5KXM2_HUMAN:sp|O75683|SURF6_HUMAN:sp|O00750|P3C2B_HUMAN:sp|Q86XH1|DRC11_HUMAN:sp|Q86U86|PB1_HUMAN:sp|Q9UKK3|PARP4_HUMAN:sp|O94844|RHBT1_HUMAN:sp|Q96JN2|CC136_HUMAN:sp|O75376|NCOR1_HUMAN:sp|Q9H4B4|PLK3_HUMAN:sp|Q9BTU6|P4K2A_HUMAN:sp|Q99928|GBRG3_HUMAN:sp|Q9UIB8|SLAF5_HUMAN:sp|Q14194|DPYL1_HUMAN:sp|O75335|LIPA4_HUMAN:sp|Q71RG4|TMUB2_HUMAN:sp|A8K8P3|SFI1_HUMAN:sp|Q9P2G4|MAP10_HUMAN:sp|O00754|MA2B1_HUMAN:sp|Q96DC7|TMCO6_HUMAN:sp|P30291|WEE1_HUMAN:sp|P08217|CEL2A_HUMAN:sp|O76090|BEST1_HUMAN:sp|Q2TAC6|KIF19_HUMAN:sp|H7BZ55|CRCC2_HUMAN:sp|Q8WXH4|ASB11_HUMAN:sp|Q15334|L2GL1_HUMAN:sp|A6NK06|IRG1_HUMAN:sp|Q8N539|FBCD1_HUMAN:sp|Q9BTN0|LRFN3_HUMAN:sp|O75962|TRIO_HUMAN:sp|Q9H5P4|PDZD7_HUMAN:sp|Q3L8U1|CHD9_HUMAN:sp|Q02246|CNTN2_HUMAN:sp|Q8IYA8|IHO1_HUMAN:sp|Q7L0X0|TRIL_HUMAN:sp|Q14204|DYHC1_HUMAN:sp|Q9H1J7|WNT5B_HUMAN:sp|Q30201|HFE_HUMAN:sp|Q96LT7|CI072_HUMAN:sp|Q13546|RIPK1_HUMAN:sp|Q8WYQ5|DGCR8_HUMAN:sp|Q15612|OR1Q1_HUMAN:sp|Q6RFH5|WDR74_HUMAN:sp|P30530|UFO_HUMAN:sp|O75677|RFPL1_HUMAN:sp|Q9NYT0|PLEK2_HUMAN:sp|Q96GW7|PGCB_HUMAN:sp|P20648|ATP4A_HUMAN:sp|P0C6A0|ZGLP1_HUMAN:sp|Q6ZUT3|FRMD7_HUMAN:sp|Q16555|DPYL2_HUMAN:sp|O75800|ZMY10_HUMAN:sp|P12694|ODBA_HUMAN:sp|Q00341|VIGLN_HUMAN:sp|Q9BYK8|HELZ2_HUMAN:sp|Q7L1T6|NB5R4_HUMAN:sp|Q96KT6|CH014_HUMAN:sp|Q9NX74|DUS2L_HUMAN:sp|A6NCM1|IQCAL_HUMAN:sp|Q03001|DYST_HUMAN:sp|Q9Y4C8|RBM19_HUMAN:sp|Q9GZR2|REXO4_HUMAN:sp|Q9H1C0|LPAR5_HUMAN,DeepNovo
V(+42.01)SRKLAGGGEL,50.37,1127.6299,11,36.4,11,0.2,564.82233,2,44.6298,-1.1702,0.31,17239,HFX193_IPP292_GEL_CRC_324_Odd.raw,6.53E6,4.17E7,2,2,2,2,"Acetylation (N-term)",,0 0 0 8 9 0 0 0 0 8 5,V(+42.01)SRKLAGGGEL,sp|Q96JQ0|PCD16_HUMAN:MARCKS_DEL_A-p.K155Rfs*12_::chr6:113859534-113860534_frame=-1:sp|Q8IX04|UEVLD_HUMAN:SETD1B_DEL_C-p.H8Tfs*27_::chr12:121804252-121805252_frame=-1:sp|Q9ULL5|PRR12_HUMAN:sp|P42858|HD_HUMAN:sp|O95394|AGM1_HUMAN:sp|Q92824|PCSK5_HUMAN:sp|Q06495|NPT2A_HUMAN:sp|Q08AE8|SPIR1_HUMAN:sp|Q8TEJ3|SH3R3_HUMAN:tr|A0A8Q3SIG1|A0A8Q3SIG1_HUMAN:sp|P0C0S5|H2AZ_HUMAN:sp|Q8IZX4|TAF1L_HUMAN:sp|O60755|GALR3_HUMAN:sp|P0C0L5|CO4B_HUMAN:sp|Q8TCZ2|C99L2_HUMAN:sp|Q562E7|WDR81_HUMAN:sp|Q6UXD5|SE6L2_HUMAN:sp|Q8WZ42|TITIN_HUMAN:sp|Q96P47|AGAP3_HUMAN:sp|Q96A46|MFRN2_HUMAN:sp|Q86VZ5|SMS1_HUMAN:sp|Q9Y5J5|PHLA3_HUMAN:sp|P35221|CTNA1_HUMAN:sp|Q13033|STRN3_HUMAN:sp|Q93063|EXT2_HUMAN:sp|Q14896|MYPC3_HUMAN:sp|Q06945|SOX4_HUMAN:sp|Q96RG2|PASK_HUMAN:sp|Q05516|ZBT16_HUMAN:sp|O60548|FOXD2_HUMAN:sp|A3KN83|SBNO1_HUMAN:sp|Q6ZT12|UBR3_HUMAN:sp|Q8N6R0|EFNMT_HUMAN:sp|Q9HAI6|TASL_HUMAN:sp|Q71UI9|H2AV_HUMAN:sp|Q9H6T0|ESRP2_HUMAN:sp|Q9Y613|FHOD1_HUMAN:sp|P0C0L4|CO4A_HUMAN:sp|Q7Z5R6|AB1IP_HUMAN:sp|P50991|TCPD_HUMAN:sp|P19012|K1C15_HUMAN:sp|Q15796|SMAD2_HUMAN:sp|P83111|LACTB_HUMAN:sp|Q6GQQ9|OTU7B_HUMAN:sp|Q9H7S9|ZN703_HUMAN:sp|Q02410|APBA1_HUMAN:sp|Q86SX3|TEDC1_HUMAN:sp|Q9Y4I5|MTL5_HUMAN:sp|Q6NXG1|ESRP1_HUMAN:sp|Q9Y2H6|FND3A_HUMAN:sp|Q8WWH4|ASZ1_HUMAN:sp|Q8WVT3|TPC12_HUMAN:sp|Q9NT62|ATG3_HUMAN:sp|Q4J6C6|PPCEL_HUMAN:sp|P20648|ATP4A_HUMAN:sp|Q9BUN5|CC28B_HUMAN:sp|P50607|TUB_HUMAN:NDUFC2_DEL_AA-p.F69Cfs*9_::chr11:78072601-78073602_frame=2:sp|Q96SL8|FIZ1_HUMAN:sp|Q8IY84|NIM1_HUMAN:sp|Q68E01|INT3_HUMAN:sp|Q9HCH0|NCK5L_HUMAN:sp|Q9P0T4|ZN581_HUMAN:sp|O43768|ENSA_HUMAN:sp|P47928|ID4_HUMAN:sp|Q8WXI4|ACO11_HUMAN:sp|Q9H6A9|PCX3_HUMAN:sp|Q15878|CAC1E_HUMAN:sp|Q7Z494|NPHP3_HUMAN:sp|Q9H257|CARD9_HUMAN:sp|Q3T906|GNPTA_HUMAN:sp|O15105|SMAD7_HUMAN:sp|D6RIA3|CD054_HUMAN:sp|P57764|GSDMD_HUMAN:sp|Q8N3Y1|FBXW8_HUMAN:sp|Q8N961|ABTB2_HUMAN:sp|Q4G148|GXLT1_HUMAN:sp|Q5C9Z4|NOM1_HUMAN:sp|Q9UPN3|MACF1_HUMAN:sp|O00716|E2F3_HUMAN:sp|Q8TE04|PANK1_HUMAN:sp|Q6ZS52|YF013_HUMAN:sp|O15399|NMDE4_HUMAN:sp|Q8NA82|MARHA_HUMAN,DeepNovo
V(+42.01)SRKRAFL,29.99,1017.6083,8,62.5,8,0.6,340.21027,3,36.2894,6.9894,0.01,13872,HFX193_IPP292_GEL_CRC_324_Odd.raw,1.63E7,1.02E8,4,4,4,4,"Acetylation (N-term)",,0 0 2 2 1 8 8 5,V(+42.01)SRKRAFL,sp|A6NHL2|TBAL3_HUMAN:sp|Q9GZV9|FGF23_HUMAN:sp|O43511|S26A4_HUMAN:sp|P49207|RL34_HUMAN:sp|Q9UKA4|AKA11_HUMAN:sp|Q07954|LRP1_HUMAN:sp|Q96Q06|PLIN4_HUMAN:sp|Q9NRE2|TSH2_HUMAN:sp|Q53TS8|CTSRT_HUMAN:sp|Q8NGN2|O10S1_HUMAN:sp|Q8IVV2|LOXH1_HUMAN:sp|A2A3L6|TTC24_HUMAN:sp|Q8NGN7|O10D4_HUMAN:sp|O95267|GRP1_HUMAN:sp|P30566|PUR8_HUMAN:sp|P40123|CAP2_HUMAN:sp|Q9NZR2|LRP1B_HUMAN:sp|Q6N075|MFSD5_HUMAN:sp|Q9Y6J0|CABIN_HUMAN:sp|Q6ZMS7|ZN783_HUMAN:sp|P25100|ADA1D_HUMAN,DeepNovo
V(+42.01)SRKSALL,31.11,914.5549,8,75.0,8,1.3,458.28531,2,42.3217,0.3217,0.67,16325,HFX193_IPP292_GEL_CRC_324_Even.raw,8.81E6,5.25E7,2,2,2,2,"Acetylation (N-term)",,5 1 1 3 3 3 13 5,V(+42.01)SRKSALL,sp|P17030|ZNF25_HUMAN:sp|O75478|TAD2A_HUMAN:sp|Q8N283|ANR35_HUMAN:sp|Q06730|ZN33A_HUMAN:sp|Q92616|GCN1_HUMAN:sp|P0CJ79|ZN888_HUMAN:sp|Q8IUR0|TPPC5_HUMAN:sp|Q3SY52|ZIK1_HUMAN:sp|Q9HCX3|ZN304_HUMAN:sp|Q86UU1|PHLB1_HUMAN:sp|P62253|UB2G1_HUMAN:sp|Q13796|SHRM2_HUMAN:sp|Q9Y375|CIA30_HUMAN:sp|Q14CZ8|HECAM_HUMAN:sp|P06756|ITAV_HUMAN:sp|Q8WZA9|IRGQ_HUMAN:sp|Q8NDW4|ZN248_HUMAN:sp|Q9Y6J0|CABIN_HUMAN:sp|Q8WZ42|TITIN_HUMAN:sp|Q96NU0|CNT3B_HUMAN:sp|Q499Z4|ZN672_HUMAN:sp|P78527|PRKDC_HUMAN:sp|Q9BZ76|CNTP3_HUMAN:sp|Q9H0A0|NAT10_HUMAN:sp|Q6P9H4|CNKR3_HUMAN:sp|P19174|PLCG1_HUMAN:sp|Q6P1L5|F117B_HUMAN:sp|Q86UD0|SAPC2_HUMAN:sp|Q6ZS92|YD022_HUMAN:sp|Q15051|IQCB1_HUMAN:sp|O76027|ANXA9_HUMAN:sp|Q9HAV4|XPO5_HUMAN:sp|Q96IR2|ZN845_HUMAN:sp|Q4V328|GRAP1_HUMAN:sp|O60503|ADCY9_HUMAN:sp|Q6ICL7|S35E4_HUMAN:sp|A3KN83|SBNO1_HUMAN:sp|Q9NRL3|STRN4_HUMAN:sp|P52736|ZN133_HUMAN:sp|Q8NEG7|DEN6B_HUMAN:sp|Q96JK4|HIPL1_HUMAN:sp|Q9P1A6|DLGP2_HUMAN:sp|Q14929|ZN169_HUMAN:sp|Q9Y4G2|PKHM1_HUMAN:sp|P17032|ZN37A_HUMAN:sp|Q06732|ZN33B_HUMAN:sp|Q96Q07|BTBD9_HUMAN:sp|Q9NXF1|TEX10_HUMAN:sp|Q9BYH1|SE6L1_HUMAN:sp|Q96RW7|HMCN1_HUMAN:sp|Q86UW6|N4BP2_HUMAN:sp|Q86U38|NOP9_HUMAN:tr|A0A1B0GTE1|A0A1B0GTE1_HUMAN:sp|P35580|MYH10_HUMAN:sp|Q8NDA8|MROH1_HUMAN:sp|Q9ULL8|SHRM4_HUMAN:sp|P36957|ODO2_HUMAN:sp|Q8TES7|FBF1_HUMAN:sp|Q15772|SPEG_HUMAN:sp|Q8NI36|WDR36_HUMAN:sp|A4D1E1|Z804B_HUMAN:sp|Q9UK61|TASOR_HUMAN:sp|Q12874|SF3A3_HUMAN:sp|P35869|AHR_HUMAN:sp|Q13615|MTMR3_HUMAN:sp|Q96Q89|KI20B_HUMAN:sp|Q6P4F1|FUT10_HUMAN:sp|O95486|SC24A_HUMAN:sp|Q86XN7|PRSR1_HUMAN:sp|Q7Z6J8|UBE3D_HUMAN:sp|Q13023|AKAP6_HUMAN:sp|P11137|MTAP2_HUMAN:sp|Q6NXR4|TTI2_HUMAN:sp|P51531|SMCA2_HUMAN:sp|Q8ND30|LIPB2_HUMAN:sp|Q8TF20|ZN721_HUMAN:sp|Q9H061|T126A_HUMAN:sp|Q8WXW3|PIBF1_HUMAN:sp|Q3T906|GNPTA_HUMAN:sp|Q9H0J4|QRIC2_HUMAN:sp|Q9Y6X6|MYO16_HUMAN:sp|O43374|RASL2_HUMAN:sp|Q92752|TENR_HUMAN:sp|Q7Z5N4|SDK1_HUMAN:sp|Q4G148|GXLT1_HUMAN:sp|C9J798|RAS4B_HUMAN:sp|Q9C0H9|SRCN1_HUMAN:sp|Q8TE60|ATS18_HUMAN:sp|O43345|ZN208_HUMAN:sp|Q8WXA8|5HT3C_HUMAN:sp|G9CGD6|CNIPF_HUMAN:sp|Q9HCZ1|ZN334_HUMAN:sp|Q9H813|PACC1_HUMAN,DeepNovo
V(+42.01)SRKVLPKL,41.81,1080.7019,9,66.7,9,1.6,361.24182,3,43.5141,-8.0858,0.60,16810,HFX193_IPP292_GEL_CRC_324_Even.raw,6.09E5,3.89E6,1,1,1,1,"Acetylation (N-term)",,0 0 0 7 27 27 12 12 5,V(+42.01)SRKVLPKL,sp|Q14849|STAR3_HUMAN:sp|Q8WXE1|ATRIP_HUMAN:sp|Q96M91|CFA53_HUMAN:sp|Q13395|TARB1_HUMAN:sp|O60290|ZN862_HUMAN:sp|O43781|DYRK3_HUMAN:sp|Q02153|GCYB1_HUMAN:sp|Q9Y468|LMBL1_HUMAN:sp|Q9Y570|PPME1_HUMAN:sp|Q8WYL5|SSH1_HUMAN:sp|Q6P3W7|SCYL2_HUMAN:sp|Q9Y2J0|RP3A_HUMAN:SAFB2_DEL_G-p.P945Rfs*49_::chr19:5586771-5587771_frame=-2:sp|Q86U42|PABP2_HUMAN:sp|P05107|ITB2_HUMAN:sp|P49736|MCM2_HUMAN:sp|P23677|IP3KA_HUMAN:sp|Q99996|AKAP9_HUMAN:sp|P22492|H1T_HUMAN:sp|Q86WI3|NLRC5_HUMAN:sp|Q96KG9|SCYL1_HUMAN:sp|Q8IY82|DRC7_HUMAN:sp|O14523|C2C2L_HUMAN:sp|Q17R89|RHG44_HUMAN:sp|Q2PPJ7|RGPA2_HUMAN:sp|P63133|POK8_HUMAN:sp|P49790|NU153_HUMAN:sp|Q8NGG3|OR5T3_HUMAN:sp|Q5TB30|DEP1A_HUMAN:sp|P37058|DHB3_HUMAN:sp|Q8IZ21|PHAR4_HUMAN:sp|E9PAV3|NACAM_HUMAN:sp|Q5VUJ6|LRCH2_HUMAN:sp|Q9UQG0|POK11_HUMAN:sp|Q9NW08|RPC2_HUMAN:sp|Q02446|SP4_HUMAN:sp|Q9BZ81|MAGB5_HUMAN:sp|P21580|TNAP3_HUMAN:sp|Q9UKY4|POMT2_HUMAN:sp|Q96K83|ZN521_HUMAN:sp|P31321|KAP1_HUMAN:sp|P63132|PO113_HUMAN:sp|Q9NWB7|IFT57_HUMAN:sp|Q8NDH2|CC168_HUMAN:sp|P30518|V2R_HUMAN:sp|Q6KC79|NIPBL_HUMAN:sp|Q8N5J2|MINY1_HUMAN:sp|O75323|NIPS2_HUMAN:sp|O95772|STR3N_HUMAN:sp|Q96PV0|SYGP1_HUMAN:sp|Q9BPW8|NIPS1_HUMAN:sp|Q14722|KCAB1_HUMAN:sp|Q96M98|PACRG_HUMAN:sp|A8MT69|CENPX_HUMAN:sp|Q9H1M3|DB129_HUMAN:sp|O00584|RNT2_HUMAN:sp|Q96FL8|S47A1_HUMAN:sp|P30040|ERP29_HUMAN:sp|P11532|DMD_HUMAN:sp|Q13303|KCAB2_HUMAN:sp|Q14008|CKAP5_HUMAN:sp|Q8NHY0|B4GN2_HUMAN:sp|Q8IY37|DHX37_HUMAN:sp|Q13671|RIN1_HUMAN:sp|P19022|CADH2_HUMAN:sp|Q92616|GCN1_HUMAN:sp|Q92630|DYRK2_HUMAN:sp|Q02763|TIE2_HUMAN:sp|Q9H4B4|PLK3_HUMAN:sp|P10644|KAP0_HUMAN:sp|P62854|RS26_HUMAN:sp|O94813|SLIT2_HUMAN:sp|Q2TBC4|PRIC4_HUMAN:sp|O43491|E41L2_HUMAN:sp|Q14028|CNGB1_HUMAN:sp|Q9Y2L9|LRCH1_HUMAN:sp|Q5T0N5|FBP1L_HUMAN:sp|P63128|POK9_HUMAN:sp|Q02447|SP3_HUMAN:sp|O95455|TGDS_HUMAN:sp|O75534|CSDE1_HUMAN:sp|Q9ULH1|ASAP1_HUMAN:sp|Q9BXR3|POK6_HUMAN:sp|Q8NH79|OR6X1_HUMAN:sp|O75923|DYSF_HUMAN:sp|Q5JNZ5|RS26L_HUMAN:sp|Q96FA7|ZB10P_HUMAN:sp|Q9NTI5|PDS5B_HUMAN:sp|Q9BPX7|CG025_HUMAN:sp|P30559|OXYR_HUMAN:sp|Q9Y2D5|AKAP2_HUMAN:sp|Q8NGZ5|OR2G2_HUMAN:sp|O75339|CILP1_HUMAN:sp|A6NKB5|PCX2_HUMAN:sp|Q5XKL5|BTBD8_HUMAN:sp|P42345|MTOR_HUMAN:sp|P08047|SP1_HUMAN:sp|Q709F0|ACD11_HUMAN:sp|O43156|TTI1_HUMAN:sp|O95707|RPP29_HUMAN:sp|Q5SZJ8|BEND6_HUMAN:sp|P63135|POK7_HUMAN:sp|A6NDY0|EPAB2_HUMAN:sp|Q96EY7|PTCD3_HUMAN:sp|Q9UKT5|FBX4_HUMAN:sp|Q68D20|PMS2L_HUMAN:sp|Q9NSG2|CA112_HUMAN:sp|Q9NRG7|D39U1_HUMAN:sp|Q9Y289|SC5A6_HUMAN:sp|A9QM74|IMA8_HUMAN:sp|Q92925|SMRD2_HUMAN:sp|Q9C0F0|ASXL3_HUMAN:sp|Q9NWF9|RN216_HUMAN:sp|Q9BVA0|KTNB1_HUMAN:sp|P55157|MTP_HUMAN:sp|Q9Y6V0|PCLO_HUMAN:sp|Q96PN8|TSSK3_HUMAN:sp|Q02413|DSG1_HUMAN:sp|Q04206|TF65_HUMAN:sp|Q8NFA2|NOXO1_HUMAN,DeepNovo
V(+42.01)SRLAY,25.32,749.4072,6,66.7,6,1.0,375.71124,2,43.1290,-18.4710,0.57,16630,HFX193_IPP292_GEL_CRC_324_Odd.raw,4.98E6,2.73E7,1,1,1,1,"Acetylation (N-term)",,0 0 2 12 13 5,V(+42.01)SRLAY,sp|O60826|CCD22_HUMAN,DB Search
V(+42.01)SRLREEL,17.49,1042.5770,8,25.0,8,1.4,522.29657,2,43.2835,-12.0165,0.51,16714,HFX193_IPP292_GEL_CRC_324_Odd.raw,2.18E6,1.48E7,2,2,2,2,"Acetylation (N-term)",,0 0 3 1 1 1 1 3,V(+42.01)SRLREEL,sp|O95995|DRC4_HUMAN,DB Search
V(+42.01)SRLRPQ(+0.98)L,38.73,1010.5873,8,50.0,8,1.4,506.30164,2,45.1733,-12.9267,0.55,17496,HFX193_IPP292_GEL_CRC_324_Even.raw,2E7,1.03E8,2,2,2,2,"Acetylation (N-term);Deamidation (NQ)",,0 0 4 2 2 0 0 4,V(+42.01)SRLRPQ(+0.98)L,sp|Q8NA70|FA47B_HUMAN,DB Search
V(+42.01)SRRTVVL,32.42,970.5923,8,37.5,8,0.5,486.30371,2,46.3677,0.5677,0.14,17964,HFX193_IPP292_GEL_CRC_324_Even.raw,4.62E6,2.8E7,2,2,2,2,"Acetylation (N-term)",,0 0 4 0 0 1 2 5,V(+42.01)SRRTVVL,,DeepNovo
V(+42.01)SRSHAVVLAGEGGGSLVELR,90.34,2134.1494,21,61.9,21,1.9,712.39178,3,67.8109,-13.4891,0.23,26485,HFX193_IPP292_GEL_CRC_324_Even.raw,5.34E5,3.07E6,1,1,1,1,"Acetylation (N-term)",,0 0 2 2 1 1 46 79 44 0 0 58 0 0 13 13 15 16 16 9 5,V(+42.01)SRSHAVVLAGEGGGSLVELR,sp|P04921|GLPC_HUMAN:MARCKS_DEL_A-p.K155Rfs*12_::chr6:113859534-113860534_frame=1:sp|Q9NRX1|PNO1_HUMAN:tr|A0A0G2JKD1|A0A0G2JKD1_HUMAN:SETD1B_DEL_C-p.H8Tfs*27_::chr12:121804252-121805252_frame=-1:sp|O94901|SUN1_HUMAN:sp|P26927|HGFL_HUMAN:sp|P42858|HD_HUMAN:sp|Q9H4H8|FA83D_HUMAN:sp|P55198|AF17_HUMAN:sp|Q9HBW1|LRRC4_HUMAN:sp|Q9NRF2|SH2B1_HUMAN:sp|O60241|AGRB2_HUMAN:sp|Q13428|TCOF_HUMAN:sp|O60518|RNBP6_HUMAN:sp|Q9H254|SPTN4_HUMAN:sp|Q9UN72|PCDA7_HUMAN:sp|O14576|DC1I1_HUMAN:sp|Q8N7J2|AMER2_HUMAN:sp|Q9P2E7|PCD10_HUMAN:TCF7L2_DEL_A-p.K485Sfs*23_::chr10:113165058-113166058_frame=-1:sp|Q9NUT2|MITOS_HUMAN:sp|P43628|KI2L3_HUMAN:sp|Q96K62|ZBT45_HUMAN:sp|A2A3N6|PIPSL_HUMAN:sp|Q96T88|UHRF1_HUMAN:sp|Q9UL12|SARDH_HUMAN:sp|Q92506|DHB8_HUMAN:sp|Q9Y5G9|PCDG4_HUMAN:sp|Q9NX05|F120C_HUMAN:sp|Q9HCE9|ANO8_HUMAN:sp|Q8N4T8|CBR4_HUMAN:sp|Q14126|DSG2_HUMAN:sp|P43627|KI2L2_HUMAN:sp|P35498|SCN1A_HUMAN:sp|Q96RW7|HMCN1_HUMAN:sp|P0CAP2|GRL1A_HUMAN:sp|Q7RTZ1|OVCH2_HUMAN:sp|P21359|NF1_HUMAN:sp|Q9NNW5|WDR6_HUMAN:sp|Q15572|TAF1C_HUMAN:sp|Q8NDA2|HMCN2_HUMAN:sp|Q5QJ38|TCHL1_HUMAN:sp|Q8IVL0|NAV3_HUMAN:sp|O75037|KI21B_HUMAN:sp|P36507|MP2K2_HUMAN:sp|Q13201|MMRN1_HUMAN:sp|P30872|SSR1_HUMAN:sp|P46095|GPR6_HUMAN:sp|Q96FF7|MISP3_HUMAN:sp|Q96SL8|FIZ1_HUMAN:sp|O43593|HAIR_HUMAN:sp|Q5VWJ9|SNX30_HUMAN:sp|Q32P44|EMAL3_HUMAN:sp|Q93099|HGD_HUMAN:sp|Q6AI39|BICRL_HUMAN:sp|P07741|APT_HUMAN:sp|P48643|TCPE_HUMAN:sp|Q99720|SGMR1_HUMAN:sp|Q9Y4C4|MFHA1_HUMAN:sp|O75398|DEAF1_HUMAN:sp|P42226|STAT6_HUMAN:sp|Q9H6E5|STPAP_HUMAN:sp|P51693|APLP1_HUMAN:sp|Q75V66|ANO5_HUMAN:sp|Q9H461|FZD8_HUMAN:sp|Q8N9W4|GG6L2_HUMAN:sp|P41279|M3K8_HUMAN:sp|Q12851|M4K2_HUMAN:sp|Q14376|GALE_HUMAN:sp|Q15858|SCN9A_HUMAN:sp|Q6WKZ4|RFIP1_HUMAN:sp|Q8IYU2|HACE1_HUMAN:sp|Q6ZRH7|CTSRG_HUMAN:sp|Q9Y462|ZN711_HUMAN:sp|Q8TEK3|DOT1L_HUMAN:sp|Q9UFH2|DYH17_HUMAN:sp|Q14953|KI2S5_HUMAN:sp|O94952|FBX21_HUMAN:sp|Q9H7X3|ZN696_HUMAN:sp|O15066|KIF3B_HUMAN:sp|Q9Y2I7|FYV1_HUMAN:sp|Q99952|PTN18_HUMAN:sp|Q9Y6D6|BIG1_HUMAN:sp|O43739|CYH3_HUMAN:sp|Q9NPY3|C1QR1_HUMAN:sp|O00410|IPO5_HUMAN:sp|Q7L4S7|ARMX6_HUMAN:sp|Q9Y3P4|RHBD3_HUMAN:sp|Q96A99|PTX4_HUMAN:sp|O43291|SPIT2_HUMAN:sp|O75420|GGYF1_HUMAN:sp|Q92570|NR4A3_HUMAN:RNF43_DEL_C-p.G659Vfs*41_::chr17:58357300-58358300_frame=-3:sp|Q9BY49|PECR_HUMAN:sp|B5ME19|EIFCL_HUMAN:sp|Q06587|RING1_HUMAN:tr|A0A5K1VDZ0|A0A5K1VDZ0_HUMAN:sp|Q5BKX6|S45A4_HUMAN:sp|Q76LX8|ATS13_HUMAN:sp|O75976|CBPD_HUMAN:sp|P15170|ERF3A_HUMAN:sp|Q14952|KI2S3_HUMAN:sp|Q9H074|PAIP1_HUMAN:sp|Q99590|SCAFB_HUMAN:sp|Q9UGC7|RF1ML_HUMAN:sp|Q96FX8|PERP_HUMAN:sp|Q9UHL9|GT2D1_HUMAN:sp|O95153|RIMB1_HUMAN:sp|Q5T1Q4|S35F1_HUMAN:sp|Q9BYD2|RM09_HUMAN:sp|Q86SG6|NEK8_HUMAN:sp|Q8IVH8|M4K3_HUMAN:sp|Q96JJ3|ELMO2_HUMAN:sp|Q8ND04|SMG8_HUMAN:sp|Q9UPR0|PLCL2_HUMAN:sp|A4D2B8|PM2P1_HUMAN:sp|Q96Q91|B3A4_HUMAN:sp|Q16772|GSTA3_HUMAN:sp|Q00653|NFKB2_HUMAN,DeepNovo
V(+42.01)SRYSKYEL,47.82,1185.6030,9,55.6,9,0.3,593.80896,2,46.6266,-9.8734,0.60,18070,HFX193_IPP292_GEL_CRC_324_Even.raw,6.96E5,6.66E6,1,1,1,1,"Acetylation (N-term)",,0 0 0 0 13 13 29 28 5,V(+42.01)SRYSKYEL,sp|Q8NEV4|MYO3A_HUMAN:sp|Q2WGJ9|FR1L6_HUMAN:sp|P35251|RFC1_HUMAN:sp|P01024|CO3_HUMAN:sp|P05546|HEP2_HUMAN:sp|P78414|IRX1_HUMAN:sp|Q9NPB9|ACKR4_HUMAN:sp|Q9P2S5|WRP73_HUMAN:sp|Q6PCB5|RSBNL_HUMAN,DeepNovo
V(+42.01)SSARVAASL,17.91,1001.5505,10,30.0,10,0.8,501.78293,2,44.5793,-25.7207,0.51,17261,HFX193_IPP292_GEL_CRC_324_Odd.raw,1.58E6,6.51E6,1,1,1,1,"Acetylation (N-term)",,0 0 0 0 0 0 0 26 38 5,V(+42.01)SSARVAASL,sp|A6NEH8|ZNAS2_HUMAN,DB Search
V(+42.01)SVELKGGM(+15.99)KC(+119.00),64.09,1326.5981,11,63.6,11,-0.4,664.30609,2,34.4261,5.0261,0.75,13129,HFX193_IPP292_GEL_CRC_324_Odd.raw,1.08E6,8.06E6,1,1,1,1,"Acetylation (N-term);Oxidation (M);Cysteinylation",,0 0 7 17 19 16 0 0 4 10 5,V(+42.01)SVELKGGM(+15.99)KC(+119.00),sp|Q9Y2P8|RCL1_HUMAN:sp|Q8IYS1|P20D2_HUMAN:sp|Q5T8I3|EEIG2_HUMAN:sp|Q14973|NTCP_HUMAN:sp|Q96A65|EXOC4_HUMAN:sp|Q7Z3B3|KANL1_HUMAN:sp|Q9Y644|RFNG_HUMAN:sp|Q86UL8|MAGI2_HUMAN:sp|P08236|BGLR_HUMAN:sp|A6NGG8|PCARE_HUMAN:sp|Q3ZCW2|LEGL_HUMAN:sp|Q6PIW4|FIGL1_HUMAN:sp|Q8N7A1|KLDC1_HUMAN:sp|Q9NPH0|PPA6_HUMAN:sp|Q8N1P7|CRBG2_HUMAN:sp|Q9H930|SP14L_HUMAN:sp|Q8NCN4|RN169_HUMAN:sp|Q5SVS4|KMCP1_HUMAN:sp|Q9P212|PLCE1_HUMAN:sp|Q9UQ05|KCNH4_HUMAN:sp|Q5T9C2|EEIG1_HUMAN:sp|Q12805|FBLN3_HUMAN:sp|Q13438|OS9_HUMAN:sp|Q9C0J8|WDR33_HUMAN:sp|Q09666|AHNK_HUMAN:sp|Q9UJ99|CAD22_HUMAN:sp|Q6YHK3|CD109_HUMAN:sp|P13637|AT1A3_HUMAN:sp|Q9Y6T7|DGKB_HUMAN:sp|Q6DJT9|PLAG1_HUMAN:sp|Q13733|AT1A4_HUMAN:sp|Q6DD88|ATLA3_HUMAN:sp|P14384|CBPM_HUMAN:sp|P46940|IQGA1_HUMAN:sp|Q86XP0|PA24D_HUMAN:sp|Q96MN2|NALP4_HUMAN:sp|A4UGR9|XIRP2_HUMAN:sp|Q5GAN6|RNS10_HUMAN:sp|P08962|CD63_HUMAN:sp|Q9Y6I4|UBP3_HUMAN:sp|Q13342|SP140_HUMAN:sp|P00751|CFAB_HUMAN:sp|Q6ECI4|ZN470_HUMAN:sp|O15049|N4BP3_HUMAN:sp|Q6NYC8|PPR18_HUMAN:sp|O14594|NCAN_HUMAN:sp|P63211|GBG1_HUMAN,DeepNovo
V(+42.01)SYAVKEKY,30.60,1127.5863,9,77.8,9,-0.8,564.79993,2,41.4695,-9.0305,0.55,16010,HFX193_IPP292_GEL_CRC_324_Odd.raw,1.22E5,1.56E6,1,1,1,1,"Acetylation (N-term)",,0 0 3 8 6 2 2 3 5,V(+42.01)SYAVKEKY,sp|Q9BY08|EBPL_HUMAN:sp|Q96JX3|SRAC1_HUMAN:sp|O00291|HIP1_HUMAN:sp|Q92624|APBP2_HUMAN:sp|Q66GS9|CP135_HUMAN:sp|Q8WW52|F151A_HUMAN:sp|Q9NRF8|PYRG2_HUMAN:sp|Q96MY7|F161B_HUMAN:sp|Q06323|PSME1_HUMAN:sp|Q27J81|INF2_HUMAN:sp|O75955|FLOT1_HUMAN:sp|Q96PY5|FMNL2_HUMAN:sp|Q9BV73|CP250_HUMAN:sp|Q562E7|WDR81_HUMAN:sp|P49748|ACADV_HUMAN:sp|O15481|MAGB4_HUMAN:sp|Q68DU8|KCD16_HUMAN:sp|A6NCF6|MA13P_HUMAN:sp|P14868|SYDC_HUMAN:sp|Q9Y2I7|FYV1_HUMAN:sp|A2A368|MAGBG_HUMAN:sp|P43364|MAGAB_HUMAN:sp|Q96JB1|DYH8_HUMAN:sp|P32519|ELF1_HUMAN:sp|Q9P225|DYH2_HUMAN:sp|Q9H347|UBQL3_HUMAN:sp|P46821|MAP1B_HUMAN:sp|Q9UPU5|UBP24_HUMAN:sp|Q9H446|RWDD1_HUMAN:sp|P49961|ENTP1_HUMAN:sp|Q9BRT3|MIEN1_HUMAN:sp|P51587|BRCA2_HUMAN:sp|Q6ZMN8|CCNI2_HUMAN:sp|P51398|RT29_HUMAN:sp|P43355|MAGA1_HUMAN:sp|Q9HCI7|MSL2_HUMAN:sp|Q9Y2W1|TR150_HUMAN:sp|O43149|ZZEF1_HUMAN:sp|Q9UBZ9|REV1_HUMAN:sp|Q86XI6|PPR3B_HUMAN:sp|O15479|MAGB2_HUMAN:sp|A0AVT1|UBA6_HUMAN:sp|Q8IWE2|NXP20_HUMAN:sp|Q99959|PKP2_HUMAN:sp|Q8IYJ3|SYTL1_HUMAN:sp|P15924|DESP_HUMAN:sp|Q8NF91|SYNE1_HUMAN:sp|O95757|HS74L_HUMAN:sp|Q8IVF7|FMNL3_HUMAN:sp|P55289|CAD12_HUMAN:sp|P46782|RS5_HUMAN:sp|Q96NW7|LRRC7_HUMAN:sp|P34932|HSP74_HUMAN:sp|P43366|MAGB1_HUMAN:sp|O00555|CAC1A_HUMAN:sp|Q96BF6|NACC2_HUMAN:sp|Q13621|S12A1_HUMAN:sp|O43147|SGSM2_HUMAN:sp|O76021|RL1D1_HUMAN:sp|Q9NXG0|CNTLN_HUMAN:sp|Q9NQT8|KI13B_HUMAN:sp|Q6PJP8|DCR1A_HUMAN:sp|A2RUR9|C144A_HUMAN:sp|O00767|SCD_HUMAN:sp|Q03701|CEBPZ_HUMAN:sp|Q5JU67|CF157_HUMAN:sp|Q9Y485|DMXL1_HUMAN:sp|Q86WG5|MTMRD_HUMAN:sp|O75830|SPI2_HUMAN:sp|Q5VWC8|HACD4_HUMAN:sp|Q7Z2W7|TRPM8_HUMAN:sp|Q9NRR8|C42S1_HUMAN:sp|Q9NW68|BSDC1_HUMAN:sp|Q8NHV4|NEDD1_HUMAN:sp|Q9NYF8|BCLF1_HUMAN:sp|Q96AJ1|CLUA1_HUMAN,DeepNovo
V(+42.01)SYDVAK,25.43,822.4123,7,57.1,7,1.8,412.21417,2,42.4771,2.2771,0.41,16385,HFX193_IPP292_GEL_CRC_324_Even.raw,1.42E6,9.45E6,1,1,1,1,"Acetylation (N-term)",,0 0 0 8 8 7 5,V(+42.01)SYDVAK,sp|Q8TF65|GIPC2_HUMAN:sp|Q6UB99|ANR11_HUMAN:sp|Q6UB98|ANR12_HUMAN:sp|P50749|RASF2_HUMAN:sp|Q8TDX7|NEK7_HUMAN,DeepNovo
V(+42.01)SYKARGVEL,47.44,1162.6346,10,60.0,10,2.9,582.32623,2,46.9378,-15.1622,0.40,18191,HFX193_IPP292_GEL_CRC_324_Even.raw,3.11E6,2.11E7,2,2,1,1,"Acetylation (N-term)",,0 0 17 11 2 0 0 9 9 5,V(+42.01)SYKARGVEL,,DeepNovo
V(+42.01)TARHAVL,32.06,907.5239,8,50.0,8,2.9,454.77054,2,33.5940,-1.2060,0.60,12777,HFX193_IPP292_GEL_CRC_324_Even.raw,5.57E5,6.09E6,1,1,1,1,"Acetylation (N-term)",,0 0 1 0 2 34 32 5,V(+42.01)TARHAVL,,DeepNovo
V(+42.01)TARLKHEL,38.99,1107.6400,9,55.6,9,1.3,370.22110,3,35.0451,-0.2549,0.09,13405,HFX193_IPP292_GEL_CRC_324_Odd.raw,3.4E5,2.67E6,1,1,1,1,"Acetylation (N-term)",,0 0 0 0 5 5 7 7 5,V(+42.01)TARLKHEL,sp|Q08289|CACB2_HUMAN:sp|O00519|FAAH1_HUMAN:sp|Q9H013|ADA19_HUMAN:sp|Q9UJC3|HOOK1_HUMAN:sp|Q8NCP5|ZBT44_HUMAN:sp|P23468|PTPRD_HUMAN:sp|Q86UP3|ZFHX4_HUMAN:sp|Q9Y4I1|MYO5A_HUMAN:sp|Q8TDN2|KCNV2_HUMAN:sp|O95613|PCNT_HUMAN:sp|P43652|AFAM_HUMAN:sp|Q9BU89|DOHH_HUMAN:sp|Q9BXP8|PAPP2_HUMAN:sp|Q14997|PSME4_HUMAN:sp|Q86UY8|NT5D3_HUMAN:sp|Q8N2N9|AN36B_HUMAN:sp|Q8N2W9|PIAS4_HUMAN:sp|Q68DA7|FMN1_HUMAN:sp|Q96EE3|SEH1_HUMAN:sp|Q9NW15|ANO10_HUMAN:sp|O60296|TRAK2_HUMAN:sp|Q8NB25|F184A_HUMAN:sp|Q9HAU4|SMUF2_HUMAN:sp|P23528|COF1_HUMAN:sp|Q9NRY4|RHG35_HUMAN:sp|Q5TB30|DEP1A_HUMAN:sp|Q99583|MNT_HUMAN:sp|Q8NEE6|DRC6_HUMAN:sp|Q9HCE7|SMUF1_HUMAN:sp|Q9ULT8|HECD1_HUMAN:sp|Q9H871|RMD5A_HUMAN:sp|Q14865|ARI5B_HUMAN:sp|Q15058|KIF14_HUMAN:sp|Q9BT25|HAUS8_HUMAN:sp|P49454|CENPF_HUMAN:sp|Q5XKL5|BTBD8_HUMAN:sp|Q96G01|BICD1_HUMAN:sp|Q969W9|PMEPA_HUMAN:sp|Q67FW5|B3GNL_HUMAN:sp|Q9UKX2|MYH2_HUMAN:sp|P42336|PK3CA_HUMAN:sp|Q8IX03|KIBRA_HUMAN:sp|Q8NF91|SYNE1_HUMAN:sp|A6QL64|AN36A_HUMAN:sp|P08575|PTPRC_HUMAN:sp|Q04671|P_HUMAN:sp|Q9Y2S7|PDIP2_HUMAN:sp|Q86UP2|KTN1_HUMAN:sp|Q9Y623|MYH4_HUMAN:sp|Q6UWE0|LRSM1_HUMAN:sp|Q15166|PON3_HUMAN:sp|Q6Y288|B3GLT_HUMAN:sp|Q7L099|RUFY3_HUMAN:sp|Q8N4C6|NIN_HUMAN:sp|Q8WUF8|F172A_HUMAN:sp|Q8TD16|BICD2_HUMAN:sp|P13535|MYH8_HUMAN:sp|P12882|MYH1_HUMAN:sp|Q6ZRR7|LRRC9_HUMAN:sp|P52746|ZN142_HUMAN:sp|Q8WYK0|ACO12_HUMAN:sp|Q52WX2|SBK1_HUMAN:sp|Q86VS8|HOOK3_HUMAN:sp|O43150|ASAP2_HUMAN,DeepNovo
V(+42.01)TDGKPFLK,40.30,1045.5808,9,55.6,9,1.1,523.79822,2,40.8202,-16.3798,0.61,15727,HFX193_IPP292_GEL_CRC_324_Even.raw,7.29E6,3.74E7,4,4,4,4,"Acetylation (N-term)",,0 0 20 3 0 0 2 4 5,V(+42.01)TDGKPFLK,,DeepNovo
V(+42.01)TDYKGHELR,42.85,1258.6306,10,60.0,10,1.8,420.55154,3,28.2423,3.6423,0.54,10631,HFX193_IPP292_GEL_CRC_324_Odd.raw,1.01E6,7.65E6,2,2,2,2,"Acetylation (N-term)",,0 0 0 0 11 38 22 22 16 5,V(+42.01)TDYKGHELR,sp|Q9NUQ9|CYRIB_HUMAN:sp|Q9ULD2|MTUS1_HUMAN:sp|Q8NE62|CHDH_HUMAN:sp|A1A4S6|RHG10_HUMAN:sp|Q96RT1|ERBIN_HUMAN:sp|Q70J99|UN13D_HUMAN:sp|Q6NUM9|RETST_HUMAN:sp|Q6N022|TEN4_HUMAN:sp|Q96PK6|RBM14_HUMAN:sp|P31946|1433B_HUMAN:sp|Q13308|PTK7_HUMAN:sp|A6NDL7|MT21E_HUMAN:sp|Q8TBK2|SETD6_HUMAN:sp|Q5VVW2|GARL3_HUMAN:sp|Q6ZWE6|PKHM3_HUMAN,DeepNovo
V(+42.01)TGEESRL,32.46,931.4611,8,75.0,8,0.9,466.73822,2,36.1698,-7.4302,0.70,13852,HFX193_IPP292_GEL_CRC_324_Even.raw,1.61E5,2.04E6,1,1,1,1,"Acetylation (N-term)",,0 0 2 2 7 3 3 4,V(+42.01)TGEESRL,sp|Q14684|RRP1B_HUMAN:sp|Q14789|GOGB1_HUMAN:sp|Q9P2D8|UNC79_HUMAN:RBM27_DEL_A-p.K816Nfs*5_::chr5:146267257-146268257_frame=-3:sp|O95391|SLU7_HUMAN:sp|Q8NEU8|DP13B_HUMAN:sp|Q9HC35|EMAL4_HUMAN:sp|Q9Y3T9|NOC2L_HUMAN:sp|P41219|PERI_HUMAN:sp|P32745|SSR3_HUMAN:sp|Q9NZ53|PDXL2_HUMAN:sp|Q58WW2|DCAF6_HUMAN:sp|Q567U6|CCD93_HUMAN:sp|Q9NUJ7|PLCX1_HUMAN:sp|P16435|NCPR_HUMAN:sp|Q5VU43|MYOME_HUMAN:sp|Q6P9F5|TRI40_HUMAN:sp|Q0VD83|APOBR_HUMAN:sp|Q9P2I0|CPSF2_HUMAN:sp|Q7Z794|K2C1B_HUMAN:sp|P40763|STAT3_HUMAN:sp|P08670|VIME_HUMAN:sp|O95786|RIGI_HUMAN:sp|Q8N3P4|VPS8_HUMAN:sp|Q8NB50|ZFP62_HUMAN:sp|Q9Y4B5|MTCL1_HUMAN:sp|Q96MC2|DRC1_HUMAN:sp|Q9BQ49|SMIM7_HUMAN:sp|Q96QE3|ATAD5_HUMAN:sp|P11465|PSG2_HUMAN:sp|Q01804|OTUD4_HUMAN:sp|Q9HB20|PKHA3_HUMAN:sp|P51116|FXR2_HUMAN:sp|P08151|GLI1_HUMAN:sp|Q9P244|LRFN1_HUMAN:sp|O75410|TACC1_HUMAN:sp|Q99758|ABCA3_HUMAN:sp|Q9UNW8|GP132_HUMAN:sp|Q9NWU2|GID8_HUMAN:sp|Q6ZN32|ETV3L_HUMAN:sp|Q5T848|GP158_HUMAN:sp|P48681|NEST_HUMAN:sp|O15014|ZN609_HUMAN:sp|P20701|ITAL_HUMAN:sp|Q9H6Q3|SLAP2_HUMAN:sp|Q8TE76|MORC4_HUMAN:sp|Q6ZVD8|PHLP2_HUMAN:sp|Q12774|ARHG5_HUMAN:sp|Q7Z5P9|MUC19_HUMAN:sp|Q5T9G4|ARM12_HUMAN:sp|Q13009|TIAM1_HUMAN:sp|P05787|K2C8_HUMAN:sp|P04264|K2C1_HUMAN:sp|Q9NSB2|KRT84_HUMAN:sp|A6NLW8|DUXA_HUMAN:sp|Q9UBY0|SL9A2_HUMAN:sp|P43251|BTD_HUMAN:sp|P11137|MTAP2_HUMAN:sp|P17661|DESM_HUMAN:sp|Q8N4X5|AF1L2_HUMAN:sp|P56975|NRG3_HUMAN:sp|P35790|CHKA_HUMAN:sp|Q96M60|F227B_HUMAN:sp|Q9UQ72|PSG11_HUMAN:sp|Q8IYW2|CFA46_HUMAN:sp|Q9NWX5|ASB6_HUMAN:sp|Q9P2F8|SI1L2_HUMAN:sp|Q5JQC9|AKAP4_HUMAN:sp|P01236|PRL_HUMAN:sp|Q9Y3S1|WNK2_HUMAN:sp|P51826|AFF3_HUMAN:sp|P08729|K2C7_HUMAN:sp|A1A5D9|BICL2_HUMAN:sp|Q8N3A8|PARP8_HUMAN:sp|Q9NXL2|ARH38_HUMAN,DeepNovo
V(+42.01)THRLAKVV,33.53,1063.6501,9,55.6,9,1.6,355.55792,3,36.3751,5.3751,0.26,13941,HFX193_IPP292_GEL_CRC_324_Even.raw,2.05E5,2.41E6,2,2,2,2,"Acetylation (N-term)",,0 0 0 0 13 13 3 9 5,V(+42.01)THRLAKVV,sp|Q86XA9|HTR5A_HUMAN:sp|Q12789|TF3C1_HUMAN:sp|Q6P1J6|PLB1_HUMAN:sp|P20701|ITAL_HUMAN:sp|Q9H0C2|ADT4_HUMAN:sp|O75164|KDM4A_HUMAN:sp|Q7Z333|SETX_HUMAN:sp|Q9NP61|ARFG3_HUMAN:sp|A8K0R7|ZN839_HUMAN:sp|Q9H936|GHC1_HUMAN:sp|Q8WX94|NALP7_HUMAN:sp|Q6ZRQ5|MMS22_HUMAN:sp|Q7LGC8|CHST3_HUMAN:sp|A0A1W2PPD8|KDM4F_HUMAN:sp|Q9BWT7|CAR10_HUMAN:sp|Q15029|U5S1_HUMAN:sp|Q15648|MED1_HUMAN:sp|Q5VZ89|DEN4C_HUMAN:sp|O43593|HAIR_HUMAN:sp|Q8N196|SIX5_HUMAN:sp|Q969T7|5NT3B_HUMAN:sp|Q15833|STXB2_HUMAN:sp|Q76NI1|KNDC1_HUMAN:sp|P62917|RL8_HUMAN:sp|Q9HCJ1|ANKH_HUMAN:sp|Q9UPS6|SET1B_HUMAN:sp|Q9Y4C4|MFHA1_HUMAN:sp|A6NES4|MRO2A_HUMAN:sp|Q9BYK8|HELZ2_HUMAN:sp|Q99933|BAG1_HUMAN:sp|Q9ULU4|ZMYD8_HUMAN:sp|O60318|GANP_HUMAN:sp|Q96A70|AZIN2_HUMAN,DeepNovo
V(+42.01)TLAAR,18.32,671.3966,6,66.7,6,0.8,336.70584,2,35.3558,-4.0442,0.59,13536,HFX193_IPP292_GEL_CRC_324_Odd.raw,1.23E5,1.35E6,1,1,1,1,"Acetylation (N-term)",,0 0 15 3 3 5,V(+42.01)TLAAR,sp|P02008|HBAZ_HUMAN:sp|Q6ZNC8|MBOA1_HUMAN,DB Search
V(+42.01)TLAKRAK,27.24,927.5865,8,50.0,8,1.8,464.80139,2,25.9704,16.1704,0.65,9693,HFX193_IPP292_GEL_CRC_324_Odd.raw,1.66E5,1.73E6,1,1,1,1,"Acetylation (N-term)",,0 0 24 7 0 0 6 5,V(+42.01)TLAKRAK,,DeepNovo
V(+42.01)TRAPLVKTKLRHGGL,98.90,1787.0894,16,50.0,16,2.0,447.78049,4,31.6420,-9.8580,0.13,12001,HFX193_IPP292_GEL_CRC_324_Odd.raw,7.77E5,3.93E6,1,1,1,1,"Acetylation (N-term)",,0 0 1 3 8 15 13 18 0 0 6 3 1 0 0 3,V(+42.01)TRAPLVKTKLRHGGL,sp|Q14244|MAP7_HUMAN:sp|Q9P2D8|UNC79_HUMAN:sp|Q9BPX3|CND3_HUMAN:sp|Q10570|CPSF1_HUMAN:sp|O60427|FADS1_HUMAN:sp|O95156|NXPH2_HUMAN:sp|Q86UG4|SO6A1_HUMAN:sp|Q8WXH0|SYNE2_HUMAN:sp|Q8IWX8|CHERP_HUMAN:sp|O43491|E41L2_HUMAN:sp|Q96F46|I17RA_HUMAN:sp|Q9H920|RN121_HUMAN:sp|Q9BTX1|NDC1_HUMAN:sp|Q9NX20|RM16_HUMAN:sp|P38435|VKGC_HUMAN:sp|Q8TDL5|BPIB1_HUMAN:sp|Q8WWX8|SC5AB_HUMAN:sp|A5PLN7|F149A_HUMAN:sp|Q8WVB3|HEXD_HUMAN:sp|Q5JPB2|ZN831_HUMAN:sp|Q9H3S7|PTN23_HUMAN:sp|P30305|MPIP2_HUMAN:sp|Q6P9H4|CNKR3_HUMAN:sp|O00144|FZD9_HUMAN:sp|Q8WXS8|ATS14_HUMAN:sp|Q9Y5Q0|FADS3_HUMAN:sp|O15072|ATS3_HUMAN:sp|P28331|NDUS1_HUMAN:sp|Q7Z7M9|GALT5_HUMAN:sp|Q6ZTR5|CFA47_HUMAN:sp|O95866|G6B_HUMAN:sp|Q5SW79|CE170_HUMAN:sp|P58417|NXPH1_HUMAN:sp|P21583|SCF_HUMAN:sp|Q9UKT9|IKZF3_HUMAN:sp|O95864|FADS2_HUMAN:sp|Q96QT4|TRPM7_HUMAN:sp|O95450|ATS2_HUMAN:sp|A4D263|SPT48_HUMAN:sp|Q8N6G6|ATL1_HUMAN:sp|Q9NWB7|IFT57_HUMAN:sp|Q9HCF6|TRPM3_HUMAN:sp|Q9BYN8|RT26_HUMAN:sp|O95757|HS74L_HUMAN:sp|Q9NT22|EMIL3_HUMAN:sp|Q9ULK4|MED23_HUMAN:sp|Q13422|IKZF1_HUMAN:sp|Q15029|U5S1_HUMAN:sp|P18848|ATF4_HUMAN:sp|Q96NN9|AIFM3_HUMAN:sp|P11171|EPB41_HUMAN:sp|Q96JG9|ZN469_HUMAN:sp|Q7Z4N2|TRPM1_HUMAN:sp|Q9Y6K8|KAD5_HUMAN:sp|Q96L14|C170L_HUMAN:sp|Q9HC56|PCDH9_HUMAN:sp|Q9Y6X9|MORC2_HUMAN:sp|Q9BX84|TRPM6_HUMAN:sp|Q8IU57|INLR1_HUMAN:sp|A0A0J9YX94|PMA6F_HUMAN:sp|P02751|FINC_HUMAN:sp|Q6ZU35|CRACD_HUMAN:sp|Q86XH1|DRC11_HUMAN:sp|Q6TCH7|PAQR3_HUMAN:sp|O75063|XYLK_HUMAN:sp|Q96MG8|PCMD1_HUMAN:sp|Q6P0N0|M18BP_HUMAN:sp|G9CGD6|CNIPF_HUMAN:sp|Q5VZ19|TDR10_HUMAN:sp|Q99661|KIF2C_HUMAN,DeepNovo
V(+42.01)TRKKVLKL,27.74,1125.7598,9,55.6,9,2.0,376.26126,3,30.5608,13.4608,0.39,11563,HFX193_IPP292_GEL_CRC_324_Odd.raw,1.55E5,2.07E6,1,1,1,1,"Acetylation (N-term)",,0 0 0 0 2 4 4 12 5,V(+42.01)TRKKVLKL,sp|P48637|GSHB_HUMAN:sp|Q8NGE8|OR4D9_HUMAN:sp|Q9UPY3|DICER_HUMAN:sp|Q9Y250|LZTS1_HUMAN:sp|Q7L2E3|DHX30_HUMAN:sp|Q14161|GIT2_HUMAN:sp|O60884|DNJA2_HUMAN:sp|Q8N7A1|KLDC1_HUMAN:sp|P0C0L5|CO4B_HUMAN:sp|P35268|RL22_HUMAN:sp|Q9H254|SPTN4_HUMAN:sp|P33992|MCM5_HUMAN:sp|Q6N043|Z280D_HUMAN:sp|Q86VZ5|SMS1_HUMAN:sp|O75382|TRIM3_HUMAN:sp|Q9Y2E6|DTX4_HUMAN:sp|Q12766|HMGX3_HUMAN:sp|Q9ULZ2|STAP1_HUMAN:sp|Q86YD1|PTOV1_HUMAN:sp|P48723|HSP13_HUMAN:sp|A4UGR9|XIRP2_HUMAN:sp|Q58DX5|NADL2_HUMAN:sp|Q9H0L4|CSTFT_HUMAN:sp|Q96L91|EP400_HUMAN:sp|Q9Y4B5|MTCL1_HUMAN:sp|Q96H20|SNF8_HUMAN:sp|Q9P0K7|RAI14_HUMAN:sp|Q15418|KS6A1_HUMAN:sp|Q8IZL8|PELP1_HUMAN:sp|O95259|KCNH1_HUMAN:sp|Q9Y6A5|TACC3_HUMAN:sp|Q96DN5|TBC31_HUMAN:sp|Q96R27|OR2M4_HUMAN:sp|Q5TCY1|TTBK1_HUMAN:sp|Q9BRJ6|CG050_HUMAN:sp|Q9Y5A9|YTHD2_HUMAN:sp|A5YKK6|CNOT1_HUMAN:sp|Q8WWK9|CKAP2_HUMAN:sp|Q99707|METH_HUMAN:sp|Q8N3Z3|GTPB8_HUMAN:sp|Q6P1X5|TAF2_HUMAN:sp|P0CW27|CC166_HUMAN:sp|Q3MJ16|PA24E_HUMAN:sp|P18124|RL7_HUMAN:sp|O43734|CIKS_HUMAN:sp|Q14674|ESPL1_HUMAN:sp|Q15622|OR7A5_HUMAN:sp|Q6IQ55|TTBK2_HUMAN:sp|Q9NZK5|ADA2_HUMAN:sp|P51531|SMCA2_HUMAN:sp|Q9P2P6|STAR9_HUMAN:sp|Q9UI10|EI2BD_HUMAN:sp|Q9BYD9|ACTT3_HUMAN:sp|Q6IC98|GRAM4_HUMAN:sp|Q12851|M4K2_HUMAN:sp|P36508|ZNF76_HUMAN:sp|Q9BPX3|CND3_HUMAN:sp|O75951|LYZL6_HUMAN:sp|O43837|IDH3B_HUMAN:sp|Q5U5X0|LYRM7_HUMAN:sp|Q8N8V4|ANS4B_HUMAN:sp|Q5JSH3|WDR44_HUMAN:sp|O94952|FBX21_HUMAN:sp|Q14974|IMB1_HUMAN:sp|Q01970|PLCB3_HUMAN:RPL22_DEL_T-p.K15Rfs*5_::chr1:6197225-6198225_frame=-1:sp|Q6ZTU2|E400N_HUMAN:sp|P0C645|OR4E1_HUMAN:sp|Q6P2S7|TTC41_HUMAN:sp|Q15555|MARE2_HUMAN:sp|O14715|RGPD8_HUMAN:sp|A1L0T0|HACL2_HUMAN:sp|Q13616|CUL1_HUMAN:sp|Q9HC21|TPC_HUMAN:sp|Q9Y4D1|DAAM1_HUMAN:sp|Q8NFC6|BD1L1_HUMAN:sp|Q8WTV0|SCRB1_HUMAN:sp|Q8IXH7|NELFD_HUMAN:sp|Q9Y6D6|BIG1_HUMAN:sp|O75618|DEDD_HUMAN:sp|Q7Z739|YTHD3_HUMAN:sp|P33527|MRP1_HUMAN:sp|P0C7X3|CCYL3_HUMAN:sp|Q9P2L0|WDR35_HUMAN:sp|Q7Z406|MYH14_HUMAN:sp|P0DJD1|RGPD2_HUMAN:sp|O75962|TRIO_HUMAN:sp|Q9NYQ8|FAT2_HUMAN:sp|Q6ZR08|DYH12_HUMAN:sp|P0C0L4|CO4A_HUMAN:sp|A0A1B0GTW7|CIROP_HUMAN:sp|Q8IUR7|ARMC8_HUMAN:sp|Q7Z407|CSMD3_HUMAN:sp|A6NCN8|TEX52_HUMAN:sp|Q5VVM6|CCD30_HUMAN:sp|P35580|MYH10_HUMAN:sp|P56199|ITA1_HUMAN:sp|Q16401|PSMD5_HUMAN:sp|O60885|BRD4_HUMAN:sp|P15170|ERF3A_HUMAN:sp|Q96P53|WDFY2_HUMAN:sp|Q9BQ75|CMS1_HUMAN:sp|Q9UBF2|COPG2_HUMAN:sp|Q8NGD1|OR4N2_HUMAN:sp|Q9BZC7|ABCA2_HUMAN:sp|Q8NGA0|OR7G1_HUMAN:sp|P15538|C11B1_HUMAN:sp|O14829|PPE1_HUMAN:sp|Q8N2F6|ARM10_HUMAN:sp|P50749|RASF2_HUMAN:sp|Q86YR7|MF2L2_HUMAN:sp|Q8NGE5|O10A7_HUMAN:sp|Q8NGI4|OR4DB_HUMAN:sp|Q9H6A9|PCX3_HUMAN:sp|Q9BTE6|AASD1_HUMAN:sp|Q8N1T3|MYO1H_HUMAN:sp|Q9H1Y3|OPN3_HUMAN:sp|P49137|MAPK2_HUMAN:sp|Q96PZ7|CSMD1_HUMAN:sp|Q7L311|ARMX2_HUMAN,DeepNovo
V(+42.01)TSGKPL,17.68,742.4225,7,28.6,7,1.6,372.21912,2,36.3766,-0.1234,0.73,13881,HFX193_IPP292_GEL_CRC_324_Even.raw,7.93E6,3.38E7,1,1,1,1,"Acetylation (N-term)",,0 0 0 1 1 4 4,V(+42.01)TSGKPL,sp|Q9H7Z7|PGES2_HUMAN:sp|Q9H9L3|I20L2_HUMAN:sp|Q9BY07|S4A5_HUMAN:sp|Q6ZMW3|EMAL6_HUMAN:sp|Q9BZR9|TRIM8_HUMAN:sp|Q92626|PXDN_HUMAN:sp|Q8NBV8|SYT8_HUMAN:ZNF518A_DEL_A-p.T929Lfs*2_::chr10:96158599-96159599_frame=-2:sp|P46013|KI67_HUMAN:sp|Q5TEA6|SE1L2_HUMAN:sp|O95238|SPDEF_HUMAN:sp|Q8WZ42|TITIN_HUMAN:sp|Q3KR16|PKHG6_HUMAN:sp|Q8IVT2|MISP_HUMAN:sp|Q6NUI2|GPAT2_HUMAN:sp|Q8TF05|PP4R1_HUMAN:sp|Q05BQ5|MBTD1_HUMAN:sp|P28329|CLAT_HUMAN:sp|Q9Y4B6|DCAF1_HUMAN:sp|P21281|VATB2_HUMAN:sp|Q9H1A4|APC1_HUMAN:sp|Q9H347|UBQL3_HUMAN:sp|Q8IUL8|CILP2_HUMAN:sp|Q9H3G5|CPVL_HUMAN:sp|Q96C45|ULK4_HUMAN:sp|O15226|NKRF_HUMAN:sp|Q9NQV6|PRD10_HUMAN:sp|O00192|ARVC_HUMAN:sp|P49335|PO3F4_HUMAN:sp|Q02127|PYRD_HUMAN:sp|Q7RTV5|PXL2C_HUMAN:sp|Q3SXY8|AR13B_HUMAN:sp|P55786|PSA_HUMAN:sp|P35659|DEK_HUMAN:sp|Q8NEM0|MCPH1_HUMAN:sp|Q9Y314|NOSIP_HUMAN:sp|Q68CZ6|HAUS3_HUMAN:sp|Q07075|AMPE_HUMAN:sp|O00341|EAA5_HUMAN:sp|Q9Y4E5|ZN451_HUMAN:sp|Q8NDA2|HMCN2_HUMAN:sp|Q8NBS3|S4A11_HUMAN:sp|Q9BQI5|SGIP1_HUMAN:sp|Q15811|ITSN1_HUMAN:sp|A6NE01|F186A_HUMAN:sp|O43196|MSH5_HUMAN:sp|Q5HYC2|K2026_HUMAN:sp|A1KZ92|PXDNL_HUMAN:sp|P15313|VATB1_HUMAN:sp|Q9NZM4|BICRA_HUMAN:sp|Q96QG7|MTMR9_HUMAN:sp|Q5JQC9|AKAP4_HUMAN:sp|Q9Y6V0|PCLO_HUMAN:sp|P51649|SSDH_HUMAN:sp|Q8IXZ2|ZC3H3_HUMAN:sp|O14672|ADA10_HUMAN:sp|P00326|ADH1G_HUMAN:sp|Q6UY09|CEA20_HUMAN:sp|Q96S99|PKHF1_HUMAN,DeepNovo
V(+42.01)TSHDLVH,23.07,948.4665,8,62.5,8,1.8,475.24136,2,34.9854,6.7854,0.75,13364,HFX193_IPP292_GEL_CRC_324_Even.raw,3.45E5,2.58E6,1,1,1,1,"Acetylation (N-term)",,0 0 0 8 5 10 8 5,V(+42.01)TSHDLVH,sp|P07199|CENPB_HUMAN:sp|Q86SQ7|SDCG8_HUMAN:sp|Q00537|CDK17_HUMAN:sp|Q13555|KCC2G_HUMAN,DeepNovo
V(+42.01)TVAGKAKL,34.18,927.5753,9,55.6,9,2.1,464.79590,2,33.9279,-13.4721,0.53,12936,HFX193_IPP292_GEL_CRC_324_Even.raw,5.48E4,1.07E6,1,1,1,1,"Acetylation (N-term)",,0 0 8 0 0 4 4 8 5,V(+42.01)TVAGKAKL,,DeepNovo
V(+42.01)TVDDER,29.58,874.4032,7,71.4,7,1.0,438.20932,2,32.8786,12.2786,0.63,12494,HFX193_IPP292_GEL_CRC_324_Odd.raw,3.48E6,2.41E7,2,2,2,2,"Acetylation (N-term)",,0 0 8 5 5 5 5,V(+42.01)TVDDER,sp|P35579|MYH9_HUMAN:sp|Q13576|IQGA2_HUMAN:sp|O14929|HAT1_HUMAN:sp|P62753|RS6_HUMAN,DeepNovo
V(+42.01)TVEM(+15.99)DLR,32.24,1019.4957,8,50.0,8,1.3,510.75583,2,38.7558,-13.0442,0.53,14893,HFX193_IPP292_GEL_CRC_324_Even.raw,,,1,1,0,0,"Acetylation (N-term);Oxidation (M)",,0 0 5 9 4 1 1 5,V(+42.01)TVEM(+15.99)DLR,sp|Q06730|ZN33A_HUMAN:sp|A8K2U0|A2ML1_HUMAN:sp|Q9BX97|PLVAP_HUMAN:sp|Q6ZUX3|TGRM2_HUMAN:sp|Q8TE73|DYH5_HUMAN:sp|Q96MT3|PRIC1_HUMAN:sp|P20138|CD33_HUMAN:sp|Q9NWB7|IFT57_HUMAN:sp|A4UGR9|XIRP2_HUMAN:sp|P21333|FLNA_HUMAN:sp|Q96Q35|FACC1_HUMAN:sp|Q96IK5|GMCL1_HUMAN:sp|Q86SG7|LYG2_HUMAN:sp|Q96RL7|VP13A_HUMAN:sp|P49758|RGS6_HUMAN:sp|Q92845|KIFA3_HUMAN,DeepNovo
V(+42.01)VAGKPAKKKKFLRHAGSDRYVK,89.31,2624.5391,23,26.1,23,4.8,525.91760,5,26.1388,6.0388,0.05,9723,HFX193_IPP292_GEL_CRC_324_Even.raw,5.82E5,4.24E6,1,1,1,1,"Acetylation (N-term)",,0 0 0 0 0 0 0 0 0 0 49 22 3 3 2 0 0 1 1 1 0 0 4,V(+42.01)VAGKPAKKKKFLRHAGSDRYVK,sp|Q16678|CP1B1_HUMAN:MNS1_DEL_TT-p.K202Afs*5_::chr15:56444025-56445026_frame=2:sp|Q9UII4|HERC5_HUMAN:sp|Q8N6I1|EID2_HUMAN:sp|P29803|ODPAT_HUMAN:sp|Q9ULX3|NOB1_HUMAN:sp|Q9NTI7|INKA2_HUMAN:sp|Q7LFX5|CHSTF_HUMAN:sp|O95461|LARG1_HUMAN:sp|Q9UKJ8|ADA21_HUMAN:sp|Q8NAT2|TDRD5_HUMAN:sp|Q9NVI1|FANCI_HUMAN:sp|Q9Y2K1|ZBTB1_HUMAN:sp|P0C0L5|CO4B_HUMAN:sp|Q75QN2|INT8_HUMAN:sp|Q4G0U5|PCDP1_HUMAN:sp|Q9UGU0|TCF20_HUMAN:sp|O00193|SMAP_HUMAN:sp|Q96JB1|DYH8_HUMAN:sp|Q9UBB4|ATX10_HUMAN:sp|O14802|RPC1_HUMAN:sp|O75128|COBL_HUMAN:sp|Q6IQ32|ADNP2_HUMAN:sp|O60729|CC14B_HUMAN:sp|Q15034|HERC3_HUMAN:sp|Q86SE9|PCGF5_HUMAN:sp|Q96P50|ACAP3_HUMAN:sp|Q02297|NRG1_HUMAN:sp|Q13330|MTA1_HUMAN:sp|Q86WR6|CHCT1_HUMAN:sp|Q13308|PTK7_HUMAN:sp|Q92973|TNPO1_HUMAN:sp|E9PAV3|NACAM_HUMAN:sp|Q9UP83|COG5_HUMAN:SERPINB10_DEL_A-p.R76Gfs*7_::chr18:63917005-63918005_frame=-1:sp|Q5TCS8|KAD9_HUMAN:sp|Q9NYZ1|TV23B_HUMAN:sp|Q14687|GSE1_HUMAN:sp|Q01082|SPTB2_HUMAN:sp|Q15526|SURF1_HUMAN:sp|Q6KC79|NIPBL_HUMAN:sp|P16615|AT2A2_HUMAN:sp|P50416|CPT1A_HUMAN:sp|Q8WU90|ZC3HF_HUMAN:sp|Q6ZN30|BNC2_HUMAN:sp|Q10981|FUT2_HUMAN:sp|O14787|TNPO2_HUMAN:sp|O94986|CE152_HUMAN:sp|Q6VAB6|KSR2_HUMAN:sp|Q8IYB8|SUV3_HUMAN:sp|Q15642|CIP4_HUMAN:sp|Q01432|AMPD3_HUMAN:sp|Q58F21|BRDT_HUMAN:sp|Q6IQ16|SPOPL_HUMAN:sp|Q7Z6Z7|HUWE1_HUMAN:sp|Q9HCE0|EPG5_HUMAN:sp|O94967|WDR47_HUMAN:sp|Q9UGN5|PARP2_HUMAN:sp|Q9UI10|EI2BD_HUMAN:sp|P62910|RL32_HUMAN:sp|P59923|ZN445_HUMAN:sp|Q6MZZ7|CAN13_HUMAN:sp|P0C2Y1|NBPF7_HUMAN:sp|Q9P2D8|UNC79_HUMAN:sp|Q86UQ4|ABCAD_HUMAN:sp|Q9NS39|RED2_HUMAN:sp|Q02763|TIE2_HUMAN:sp|O60684|IMA7_HUMAN:sp|O95453|PARN_HUMAN:sp|Q8TEQ8|PIGO_HUMAN:sp|Q96JY0|MAEL_HUMAN:sp|Q96K76|UBP47_HUMAN:sp|Q9ULJ7|ANR50_HUMAN:sp|Q01954|BNC1_HUMAN:sp|Q9NSY1|BMP2K_HUMAN:sp|Q8NBC4|CT203_HUMAN:sp|Q92974|ARHG2_HUMAN:sp|A6NJ78|MET15_HUMAN:sp|Q9ULW0|TPX2_HUMAN:sp|P49116|NR2C2_HUMAN:sp|O14983|AT2A1_HUMAN:sp|O00159|MYO1C_HUMAN:sp|Q96DC7|TMCO6_HUMAN:sp|Q9ULR0|ISY1_HUMAN:sp|Q92543|SNX19_HUMAN:sp|Q86UK5|LBN_HUMAN:sp|Q9HD20|AT131_HUMAN:sp|Q96D96|HVCN1_HUMAN:sp|Q9P241|AT10D_HUMAN:sp|Q9NQX4|MYO5C_HUMAN:sp|Q96BT7|ALKB8_HUMAN:sp|A4D256|CC14C_HUMAN:sp|Q96QU1|PCD15_HUMAN:sp|Q5UIP0|RIF1_HUMAN:sp|P0C0L4|CO4A_HUMAN:sp|Q9NVM4|ANM7_HUMAN:sp|Q9BTC8|MTA3_HUMAN:sp|Q13698|CAC1S_HUMAN:sp|Q93084|AT2A3_HUMAN:sp|Q14554|PDIA5_HUMAN:sp|Q92565|RPGF5_HUMAN:sp|Q8TET4|GANC_HUMAN:sp|Q92585|MAML1_HUMAN:sp|Q9H511|KLH31_HUMAN:sp|Q9HCL2|GPAT1_HUMAN:sp|Q96F07|CYFP2_HUMAN:sp|O43379|WDR62_HUMAN:sp|P53384|NUBP1_HUMAN:sp|O15131|IMA6_HUMAN:sp|Q8WYR1|PI3R5_HUMAN:sp|Q86VI3|IQGA3_HUMAN:sp|O75330|HMMR_HUMAN:sp|Q5CZC0|FSIP2_HUMAN:sp|Q8IY51|TIGD4_HUMAN:sp|Q5XLA6|CAR17_HUMAN:sp|P15291|B4GT1_HUMAN:sp|Q8N328|PGBD3_HUMAN:sp|Q96A32|MYL11_HUMAN:sp|A1A5B4|ANO9_HUMAN:sp|Q658N2|WSCD1_HUMAN,DeepNovo
V(+42.01)VKLKRSL,25.33,983.6491,8,50.0,8,1.5,328.89081,3,33.3937,-4.7063,0.31,12716,HFX193_IPP292_GEL_CRC_324_Odd.raw,8.13E4,1.03E6,1,1,1,1,"Acetylation (N-term)",,0 0 4 4 7 1 1 4,V(+42.01)VKLKRSL,sp|P29728|OAS2_HUMAN:sp|Q6ZRF7|ZN818_HUMAN:sp|Q6IV72|ZN425_HUMAN:sp|Q8IWB1|IPRI_HUMAN:sp|Q5VZ46|K1614_HUMAN:sp|P04275|VWF_HUMAN:sp|Q9H5X1|CIA2A_HUMAN:sp|Q9Y250|LZTS1_HUMAN:sp|Q5D0E6|DALD3_HUMAN:sp|Q86VP1|TAXB1_HUMAN:sp|Q9UJW0|DCTN4_HUMAN:sp|P23786|CPT2_HUMAN:sp|Q9UI26|IPO11_HUMAN:sp|O00635|TRI38_HUMAN:sp|Q99469|STAC_HUMAN:sp|Q13370|PDE3B_HUMAN:sp|P85298|RHG08_HUMAN:sp|Q8N6W0|CELF5_HUMAN:sp|Q56UN5|M3K19_HUMAN:sp|P11055|MYH3_HUMAN:sp|Q9ULU8|CAPS1_HUMAN:sp|O94804|STK10_HUMAN:sp|Q9BWT7|CAR10_HUMAN:sp|Q9NS84|CHST7_HUMAN:sp|Q5SYE7|NHSL1_HUMAN:sp|Q9Y5P0|O51B4_HUMAN:sp|Q0VAK6|LMOD3_HUMAN:sp|Q53QZ3|RHG15_HUMAN:sp|A6NCK2|TR43B_HUMAN:sp|Q6P0Q8|MAST2_HUMAN:sp|Q8IX07|FOG1_HUMAN:sp|Q9NVA2|SEP11_HUMAN:sp|Q9BY84|DUS16_HUMAN:sp|Q9UPY5|XCT_HUMAN:sp|Q96L91|EP400_HUMAN:sp|O95319|CELF2_HUMAN:sp|Q9BZF2|OSBL7_HUMAN:sp|Q9NYC9|DYH9_HUMAN:sp|Q9BXL7|CAR11_HUMAN:sp|Q9UPA5|BSN_HUMAN:sp|Q5T7B8|KIF24_HUMAN:sp|Q9BRG1|VPS25_HUMAN:sp|Q9NWH7|SPAT6_HUMAN:sp|Q9NR81|ARHG3_HUMAN:sp|A6NDI0|TR49B_HUMAN:sp|Q8WXI9|P66B_HUMAN:sp|Q9UBX0|HESX1_HUMAN:sp|Q9UKN1|MUC12_HUMAN:sp|Q9Y228|T3JAM_HUMAN:sp|Q8IYR2|SMYD4_HUMAN:sp|Q9Y508|RN114_HUMAN:sp|Q0ZGT2|NEXN_HUMAN:sp|Q9H0B6|KLC2_HUMAN:sp|A6NN73|GOG8C_HUMAN:sp|O00178|GTPB1_HUMAN:sp|Q9NZ56|FMN2_HUMAN:sp|Q96AK3|ABC3D_HUMAN:sp|Q96T58|MINT_HUMAN:sp|Q96GX2|A7L3B_HUMAN:sp|Q3MIP1|IPIL2_HUMAN:sp|Q8TD31|CCHCR_HUMAN:sp|P61952|GBG11_HUMAN:sp|Q8N9B5|JMY_HUMAN:sp|Q8IUG5|MY18B_HUMAN:sp|Q6NUN0|ACSM5_HUMAN:sp|P08579|RU2B_HUMAN:sp|Q8WVZ1|ZDH19_HUMAN:sp|P62910|RL32_HUMAN:sp|Q14517|FAT1_HUMAN:sp|Q86UR5|RIMS1_HUMAN:sp|P06681|CO2_HUMAN:sp|P11831|SRF_HUMAN:sp|Q7Z333|SETX_HUMAN:sp|P01266|THYG_HUMAN:sp|Q92556|ELMO1_HUMAN:sp|O15040|TCPR2_HUMAN:sp|P59103|DAOA_HUMAN:sp|Q5T124|UBX11_HUMAN:sp|Q5SZQ8|CELF3_HUMAN:sp|Q8WZ42|TITIN_HUMAN:sp|Q68D86|C102B_HUMAN:sp|Q96KW2|P12L2_HUMAN:sp|O15417|TNC18_HUMAN:sp|A6NC98|CC88B_HUMAN:sp|P00488|F13A_HUMAN:sp|O15503|INSI1_HUMAN:sp|O95810|CAVN2_HUMAN:sp|Q9UBP0|SPAST_HUMAN:sp|P08754|GNAI3_HUMAN:sp|O60645|EXOC3_HUMAN:sp|Q86XI2|CNDG2_HUMAN:sp|Q9C0D5|TANC1_HUMAN:sp|Q14524|SCN5A_HUMAN:sp|Q9NQZ5|STAR7_HUMAN:sp|Q14865|ARI5B_HUMAN:sp|Q6ZNJ1|NBEL2_HUMAN:sp|Q13043|STK4_HUMAN:sp|Q9NYQ6|CELR1_HUMAN:sp|Q96MT1|RN145_HUMAN:sp|Q9H8H2|DDX31_HUMAN:sp|A0A1B0GTU1|ZC11B_HUMAN:sp|Q96F81|DISP1_HUMAN:sp|Q02156|KPCE_HUMAN:sp|Q569K4|Z385B_HUMAN:sp|O15061|SYNEM_HUMAN:sp|Q86UX6|ST32C_HUMAN:sp|O00268|TAF4_HUMAN:sp|O43242|PSMD3_HUMAN:sp|Q9P0U4|CXXC1_HUMAN:sp|Q9NQS7|INCE_HUMAN:sp|Q13023|AKAP6_HUMAN:sp|Q92879|CELF1_HUMAN:sp|Q9ULV0|MYO5B_HUMAN:sp|Q68CQ4|UTP25_HUMAN:sp|Q969R2|OSBP2_HUMAN:sp|O75152|ZC11A_HUMAN:sp|Q96JJ3|ELMO2_HUMAN:sp|O00712|NFIB_HUMAN:sp|Q00722|PLCB2_HUMAN:sp|O15063|GRRE1_HUMAN,DeepNovo
W(+42.01)AEHGFSETFGAKVKEK,110.20,1991.9741,17,5.9,17,3.0,665.00061,3,41.2927,-3.8073,0.37,15951,HFX193_IPP292_GEL_CRC_324_Odd.raw,2.03E6,1.23E7,2,2,2,2,"Acetylation (N-term)",,1 0 0 0 0 1 1 1 2 1 0 0 1 1 1 1 1,W(+42.01)AEHGFSETFGAKVKEK,sp|A1A519|F170A_HUMAN:sp|Q96M91|CFA53_HUMAN:sp|Q15646|OASL_HUMAN:sp|Q0P6D6|CCD15_HUMAN:sp|Q96A37|RN166_HUMAN:sp|Q8NFF2|NCKX4_HUMAN:sp|Q96KJ4|MSLNL_HUMAN:sp|O00339|MATN2_HUMAN:sp|Q96L73|NSD1_HUMAN:sp|Q9BZD4|NUF2_HUMAN:sp|A4D0S4|LAMB4_HUMAN:sp|Q86VR8|FJX1_HUMAN:sp|P57723|PCBP4_HUMAN:sp|P19823|ITIH2_HUMAN:sp|O00327|BMAL1_HUMAN:sp|Q96NS5|ASB16_HUMAN:sp|Q8N228|SCML4_HUMAN:sp|Q14241|ELOA1_HUMAN:sp|Q8WYA1|BMAL2_HUMAN:sp|Q96QP1|ALPK1_HUMAN:sp|Q96L91|EP400_HUMAN:sp|Q92765|SFRP3_HUMAN:sp|Q6PL24|TMED8_HUMAN:sp|O75840|KLF7_HUMAN:sp|Q9BTV5|FSD1_HUMAN:sp|P51587|BRCA2_HUMAN:sp|Q2NL68|PRSR3_HUMAN:sp|Q14549|GBX1_HUMAN:sp|Q96RW7|HMCN1_HUMAN:sp|Q14397|GCKR_HUMAN:sp|Q96PQ5|IPP2L_HUMAN:sp|Q9P2C4|TM181_HUMAN:sp|Q12981|SEC20_HUMAN:sp|Q9H0R1|AP5M1_HUMAN:sp|P15924|DESP_HUMAN:sp|O75916|RGS9_HUMAN:sp|Q5JY77|GASP1_HUMAN:sp|O00743|PPP6_HUMAN:sp|Q14980|NUMA1_HUMAN:sp|Q15365|PCBP1_HUMAN:sp|A0JLT2|MED19_HUMAN:sp|O60902|SHOX2_HUMAN:sp|Q8NHS2|AATC2_HUMAN:sp|Q8IU68|TMC8_HUMAN:sp|O43525|KCNQ3_HUMAN:sp|P04626|ERBB2_HUMAN:sp|Q9HC56|PCDH9_HUMAN:sp|Q9C019|TRI15_HUMAN:sp|Q96FV2|SCRN2_HUMAN:sp|Q9H6S0|YTDC2_HUMAN:sp|P51801|CLCKB_HUMAN:sp|Q9H2P0|ADNP_HUMAN:sp|P30414|NKTR_HUMAN:sp|Q8IVT5|KSR1_HUMAN:sp|P35609|ACTN2_HUMAN:sp|Q6ZU64|CFA65_HUMAN:sp|P20810|ICAL_HUMAN:sp|O15031|PLXB2_HUMAN:sp|Q9NYK6|EURL_HUMAN:sp|Q9Y4E6|WDR7_HUMAN:sp|O94973|AP2A2_HUMAN:sp|Q9H2U9|ADAM7_HUMAN:sp|Q14028|CNGB1_HUMAN:sp|Q8WXB4|ZN606_HUMAN:sp|Q6ZTU2|E400N_HUMAN:sp|Q15477|SKI2_HUMAN:sp|Q8WZ42|TITIN_HUMAN:sp|O43194|GPR39_HUMAN:sp|Q9Y2I7|FYV1_HUMAN:sp|P28340|DPOD1_HUMAN:sp|A6NKF1|SAC31_HUMAN:sp|O95714|HERC2_HUMAN:sp|Q86XK3|SFR1_HUMAN:sp|Q9NRC6|SPTN5_HUMAN:sp|Q14896|MYPC3_HUMAN:sp|P08493|MGP_HUMAN:sp|P49961|ENTP1_HUMAN:sp|Q13137|CACO2_HUMAN:sp|Q9P217|ZSWM5_HUMAN:sp|Q15075|EEA1_HUMAN:sp|P35243|RECO_HUMAN:sp|O00231|PSD11_HUMAN:sp|Q8WZ73|RFFL_HUMAN:sp|Q9P2L0|WDR35_HUMAN:sp|Q9ULK0|GRID1_HUMAN:sp|Q16181|SEPT7_HUMAN:sp|A6H8Z2|F221B_HUMAN:sp|P51800|CLCKA_HUMAN:sp|Q9C0D5|TANC1_HUMAN:sp|O95782|AP2A1_HUMAN:sp|P51398|RT29_HUMAN:sp|Q8TED9|AF1L1_HUMAN:sp|Q8NEL0|CCD54_HUMAN:sp|Q8N8M0|NAT16_HUMAN:sp|Q9NPB8|GPCP1_HUMAN:sp|P35580|MYH10_HUMAN:sp|Q9Y2A9|B3GN3_HUMAN:sp|Q9H8H2|DDX31_HUMAN:sp|P08047|SP1_HUMAN:sp|O94915|FRYL_HUMAN:sp|Q99959|PKP2_HUMAN:sp|Q9H270|VPS11_HUMAN:MXRA8_DEL_G-p.R301Gfs*107_::chr1:1354230-1355230_frame=-3:sp|Q9UHJ3|SMBT1_HUMAN:sp|Q5T870|PRR9_HUMAN:sp|Q86UK0|ABCAC_HUMAN:sp|P35670|ATP7B_HUMAN:sp|Q9NQ34|TMM9B_HUMAN:sp|Q9H8L6|MMRN2_HUMAN:sp|Q92800|EZH1_HUMAN:sp|Q8TD26|CHD6_HUMAN:sp|Q9NZI5|GRHL1_HUMAN:sp|Q9P0T7|TMEM9_HUMAN:sp|P35749|MYH11_HUMAN:sp|Q9UPY6|WASF3_HUMAN:sp|Q9BT23|LIMD2_HUMAN:sp|P20132|SDHL_HUMAN:sp|Q9NRH2|SNRK_HUMAN:sp|Q96LX7|CCD17_HUMAN:sp|P12814|ACTN1_HUMAN,DeepNovo
W(+42.01)GGKRKLAL,40.44,1069.6396,9,11.1,9,-3.3,535.82532,2,27.4263,-1.2737,0.61,10273,HFX193_IPP292_GEL_CRC_324_Even.raw,,,1,1,0,0,"Acetylation (N-term)",,5 0 0 1 1 0 0 1 1,W(+42.01)GGKRKLAL,sp|Q92819|HYAS2_HUMAN:sp|Q9UNE2|RPH3L_HUMAN:sp|Q96PE2|ARHGH_HUMAN:sp|Q6NW29|RWDD4_HUMAN:sp|Q6PIF6|MYO7B_HUMAN:sp|Q75QN2|INT8_HUMAN:sp|O60518|RNBP6_HUMAN:sp|Q9UBS4|DJB11_HUMAN:sp|P31689|DNJA1_HUMAN:sp|P37268|FDFT_HUMAN:sp|Q86UQ8|NFE4_HUMAN:sp|O75382|TRIM3_HUMAN:sp|Q5F1R6|DJC21_HUMAN:sp|A8MVU1|NCF1C_HUMAN:sp|Q9P225|DYH2_HUMAN:sp|Q6P3S1|DEN1B_HUMAN:sp|O75122|CLAP2_HUMAN:sp|Q8WWF6|DNJB3_HUMAN:sp|O14513|NCKP5_HUMAN:sp|Q8IYU8|MICU2_HUMAN:sp|P12104|FABPI_HUMAN:sp|P46821|MAP1B_HUMAN:sp|P56645|PER3_HUMAN:sp|A4FU69|EFCB5_HUMAN:sp|Q96QE3|ATAD5_HUMAN:sp|Q3KP66|INAVA_HUMAN:sp|Q92839|HYAS1_HUMAN:sp|O43148|MCES_HUMAN:sp|O60706|ABCC9_HUMAN:sp|Q5TZA2|CROCC_HUMAN:sp|P82980|RET5_HUMAN:sp|Q7Z2Y8|GVIN1_HUMAN:sp|Q99758|ABCA3_HUMAN:sp|Q0VG99|MESP2_HUMAN:sp|Q9UF47|DNJ5B_HUMAN:sp|Q9HC77|CENPJ_HUMAN:sp|P35498|SCN1A_HUMAN:sp|Q53EL6|PDCD4_HUMAN:sp|Q99250|SCN2A_HUMAN:sp|P78509|RELN_HUMAN:sp|Q9UFD9|RIM3A_HUMAN:sp|Q1RMZ1|SAMTR_HUMAN:sp|A8MYB1|TMC5B_HUMAN:sp|Q01201|RELB_HUMAN:sp|O60673|REV3L_HUMAN:sp|Q6UXR4|SPA13_HUMAN:sp|Q8N2K1|UB2J2_HUMAN:sp|Q9H3Z4|DNJC5_HUMAN:sp|O95359|TACC2_HUMAN:sp|Q14722|KCAB1_HUMAN:sp|A7E2V4|ZSWM8_HUMAN:sp|Q8TD16|BICD2_HUMAN:sp|Q9BVG3|TRI62_HUMAN:sp|Q86UP8|GTD2A_HUMAN:sp|Q9BSW2|EFC4B_HUMAN:sp|P14598|NCF1_HUMAN:sp|P31939|PUR9_HUMAN:sp|Q8TD31|CCHCR_HUMAN:sp|Q9Y4C4|MFHA1_HUMAN:sp|O14964|HGS_HUMAN:sp|P23280|CAH6_HUMAN:sp|Q9P253|VPS18_HUMAN:sp|Q86UV5|UBP48_HUMAN:sp|Q6QEF8|CORO6_HUMAN:sp|A6NHT5|HMX3_HUMAN:sp|Q6ZN28|MACC1_HUMAN:sp|Q9Y4B4|ARIP4_HUMAN:sp|Q5T6S3|PHF19_HUMAN:sp|O00587|MFNG_HUMAN:tr|A0A1W2PRN1|A0A1W2PRN1_HUMAN:sp|O94818|NOL4_HUMAN:sp|P83916|CBX1_HUMAN:sp|Q11201|SIA4A_HUMAN:sp|Q9BYG0|B3GN5_HUMAN:sp|Q9P0K1|ADA22_HUMAN:sp|Q5VT25|MRCKA_HUMAN:sp|Q9NVL1|F86C1_HUMAN:sp|Q86WU2|LDHD_HUMAN:sp|Q8WW22|DNJA4_HUMAN:sp|Q9Y2I7|FYV1_HUMAN:sp|Q09428|ABCC8_HUMAN:sp|P28340|DPOD1_HUMAN:sp|O94906|PRP6_HUMAN:sp|O43548|TGM5_HUMAN:sp|O43390|HNRPR_HUMAN:sp|Q9NV70|EXOC1_HUMAN:sp|O00410|IPO5_HUMAN:sp|Q2TAC6|KIF19_HUMAN:sp|P33527|MRP1_HUMAN:sp|Q9NZI7|UBIP1_HUMAN:sp|Q68DK2|ZFY26_HUMAN:sp|Q02505|MUC3A_HUMAN:sp|Q6P3X3|TTC27_HUMAN:sp|Q9Y662|HS3SB_HUMAN:sp|P43268|ETV4_HUMAN:sp|Q9BU40|CRDL1_HUMAN:sp|Q8WXH2|JPH3_HUMAN:sp|Q9Y5S2|MRCKB_HUMAN:sp|P18887|XRCC1_HUMAN:sp|Q9H1J7|WNT5B_HUMAN:sp|P0C1S8|WEE2_HUMAN:sp|P85299|PRR5_HUMAN:sp|Q86TH1|ATL2_HUMAN:sp|Q9UHJ3|SMBT1_HUMAN:sp|Q9H069|DRC3_HUMAN:sp|Q9Y222|DMTF1_HUMAN:sp|P20648|ATP4A_HUMAN:sp|O75197|LRP5_HUMAN:sp|O75190|DNJB6_HUMAN:sp|Q12893|TM115_HUMAN:sp|Q10571|MN1_HUMAN:sp|Q13023|AKAP6_HUMAN:sp|O95153|RIMB1_HUMAN:sp|P98088|MUC5A_HUMAN:sp|Q8TF44|C2C4C_HUMAN:sp|Q9UJQ4|SALL4_HUMAN:sp|Q9NWK9|BCD1_HUMAN:sp|Q86TM3|DDX53_HUMAN:sp|Q14140|SRTD2_HUMAN:sp|Q7Z628|ARHG8_HUMAN,DeepNovo
W(+42.01)GLKKDRL,20.24,1056.6080,8,75.0,8,3.4,353.21115,3,31.2843,2.2843,0.41,11857,HFX193_IPP292_GEL_CRC_324_Odd.raw,3.25E5,3.68E6,1,1,1,1,"Acetylation (N-term)",,0 0 3 7 3 2 2 5,W(+42.01)GLKKDRL,sp|Q96HM7|PED1B_HUMAN:sp|Q9BZF9|UACA_HUMAN:sp|Q9UGF6|OR5V1_HUMAN:sp|Q96FW1|OTUB1_HUMAN:sp|Q92817|EVPL_HUMAN:sp|Q9H6R4|NOL6_HUMAN:sp|P31943|HNRH1_HUMAN:sp|Q9BYP7|WNK3_HUMAN:sp|O15050|TRNK1_HUMAN:sp|Q9BZR9|TRIM8_HUMAN:sp|Q8TAF3|WDR48_HUMAN:sp|Q9Y5A7|NUB1_HUMAN:sp|P16435|NCPR_HUMAN:sp|Q9H4L7|SMRCD_HUMAN:sp|Q96SW2|CRBN_HUMAN:sp|Q4VXU2|PAP1L_HUMAN:sp|A8MZ36|EVPLL_HUMAN:sp|P14317|HCLS1_HUMAN:sp|Q6F5E8|CARL2_HUMAN:sp|Q96I59|SYNM_HUMAN:sp|Q155Q3|DIXC1_HUMAN:sp|Q9P0J1|PDP1_HUMAN:sp|Q5TB80|CE162_HUMAN:sp|O60279|SUSD5_HUMAN:sp|Q96N46|TTC14_HUMAN:sp|P55196|AFAD_HUMAN:sp|Q6WCQ1|MPRIP_HUMAN:sp|Q99463|NPY6R_HUMAN:sp|Q9BTV5|FSD1_HUMAN:sp|Q9NVR0|KLH11_HUMAN:sp|Q9Y2I9|TBC30_HUMAN:sp|Q9BSF4|TIM29_HUMAN:sp|O15400|STX7_HUMAN:sp|Q9NRX3|NUA4L_HUMAN:sp|Q99990|VGLL1_HUMAN:sp|P39023|RL3_HUMAN:sp|Q99459|CDC5L_HUMAN:sp|O75175|CNOT3_HUMAN:sp|P52597|HNRPF_HUMAN:sp|M0R2J8|DCDC1_HUMAN:sp|O95757|HS74L_HUMAN:sp|P55884|EIF3B_HUMAN:sp|Q9Y4G6|TLN2_HUMAN:sp|O43314|VIP2_HUMAN:sp|O00443|P3C2A_HUMAN:sp|Q9H4L4|SENP3_HUMAN:sp|Q8NHS4|CLHC1_HUMAN:sp|Q09161|NCBP1_HUMAN:sp|P29320|EPHA3_HUMAN:sp|F5GYI3|UBA1L_HUMAN:sp|Q8IYW2|CFA46_HUMAN:sp|O00141|SGK1_HUMAN:sp|Q13107|UBP4_HUMAN:sp|O14757|CHK1_HUMAN:sp|O15534|PER1_HUMAN:sp|P11940|PABP1_HUMAN:sp|O95416|SOX14_HUMAN:sp|Q9H361|PABP3_HUMAN:sp|P55795|HNRH2_HUMAN:sp|P09874|PARP1_HUMAN:sp|Q9BXU7|UBP26_HUMAN:sp|Q2KHM9|MOONR_HUMAN,DeepNovo
W(+42.01)GPAAPVGGDKGGGRVEK,75.22,1778.9064,18,33.3,18,-3.6,593.97394,3,31.1725,6.8725,0.05,11815,HFX193_IPP292_GEL_CRC_324_Odd.raw,,,1,1,0,0,"Acetylation (N-term)",,3 0 0 0 0 10 10 1 1 1 3 0 0 5 0 0 0 5,W(+42.01)GPAAPVGGDKGGGRVEK,sp|P0DMV2|CT459_HUMAN:sp|O14924|RGS12_HUMAN:sp|P98169|ZXDB_HUMAN:sp|Q6ZRS2|SRCAP_HUMAN:sp|Q9Y5E2|PCDB7_HUMAN:sp|Q5DJT8|CT452_HUMAN:sp|P56915|GSC_HUMAN:sp|P02461|CO3A1_HUMAN:sp|P53420|CO4A4_HUMAN:sp|P42768|WASP_HUMAN:sp|Q5K4E3|POLS2_HUMAN:sp|Q8NHU0|CT453_HUMAN:sp|O14965|AURKA_HUMAN:sp|Q96JJ6|JPH4_HUMAN:sp|P63151|2ABA_HUMAN:sp|O15428|PINL_HUMAN:sp|Q01804|OTUD4_HUMAN:sp|P49790|NU153_HUMAN:sp|P16150|LEUK_HUMAN:sp|A8MXV6|CD15L_HUMAN:sp|Q00005|2ABB_HUMAN:sp|P52594|AGFG1_HUMAN:sp|Q9H5Z1|DHX35_HUMAN:sp|Q7RTS6|OTOP2_HUMAN:sp|Q8NCG7|DGLB_HUMAN:sp|P59827|BPIB4_HUMAN:sp|Q7LBC6|KDM3B_HUMAN:sp|P27987|IP3KB_HUMAN:sp|O75326|SEM7A_HUMAN:sp|Q8IY34|S15A3_HUMAN:sp|Q5HYN5|CT451_HUMAN:sp|Q5T447|HECD3_HUMAN:sp|Q66LE6|2ABD_HUMAN:sp|Q9H324|ATS10_HUMAN:sp|P28039|AOAH_HUMAN:sp|O43196|MSH5_HUMAN:sp|P41180|CASR_HUMAN:sp|Q96KK3|KCNS1_HUMAN:sp|P0DMV0|CT457_HUMAN:sp|P16066|ANPRA_HUMAN:sp|Q5TGY3|AHDC1_HUMAN:sp|P51798|CLCN7_HUMAN:sp|Q9ULK2|AT7L1_HUMAN:sp|O00750|P3C2B_HUMAN:sp|Q99956|DUS9_HUMAN:sp|Q9Y2T4|2ABG_HUMAN:sp|P13942|COBA2_HUMAN:sp|Q8NEN0|ARMC2_HUMAN:sp|P0DMU9|CT45A_HUMAN:sp|Q9NRM7|LATS2_HUMAN:sp|P14543|NID1_HUMAN:sp|Q99665|I12R2_HUMAN:sp|O60391|NMD3B_HUMAN:sp|Q96C24|SYTL4_HUMAN:sp|Q6VEQ5|WASH2_HUMAN:sp|Q5JPB2|ZN831_HUMAN:sp|P46976|GLYG_HUMAN:sp|A8K0Z3|WASH1_HUMAN:sp|Q9H2D6|TARA_HUMAN:sp|Q9ULE0|WWC3_HUMAN:sp|O00159|MYO1C_HUMAN:sp|Q3C1V1|CK091_HUMAN:sp|P52735|VAV2_HUMAN:sp|Q9UPU5|UBP24_HUMAN:sp|Q9NQA3|WASH6_HUMAN:sp|Q8N3X1|FNBP4_HUMAN:sp|A8MWX3|WASH4_HUMAN:sp|P0DMV1|CT458_HUMAN:sp|O75592|MYCB2_HUMAN:sp|Q15084|PDIA6_HUMAN:sp|Q96A99|PTX4_HUMAN:sp|P29353|SHC1_HUMAN:sp|C4AMC7|WASH3_HUMAN:sp|P12110|CO6A2_HUMAN:sp|P98168|ZXDA_HUMAN:tr|A0A087WUM9|A0A087WUM9_HUMAN:sp|Q05086|UBE3A_HUMAN:sp|P12107|COBA1_HUMAN:sp|Q8IVF2|AHNK2_HUMAN:sp|Q9Y5E4|PCDB5_HUMAN:sp|M0R2J8|DCDC1_HUMAN:sp|P0DMU8|CT455_HUMAN:sp|Q13435|SF3B2_HUMAN:sp|Q9H6K1|ILRUN_HUMAN:sp|P53990|IST1_HUMAN:sp|P0DMU7|CT456_HUMAN:sp|Q6ZMT4|KDM7A_HUMAN:sp|Q15139|KPCD1_HUMAN:sp|Q5TAQ9|DCAF8_HUMAN:sp|Q8IZ73|RUSD2_HUMAN:sp|O75154|RFIP3_HUMAN:sp|Q6Y288|B3GLT_HUMAN:sp|Q14451|GRB7_HUMAN:sp|P48382|RFX5_HUMAN:sp|Q9Y5F1|PCDBC_HUMAN:sp|Q02878|RL6_HUMAN:sp|Q6UX34|SNORC_HUMAN:sp|Q9NWX5|ASB6_HUMAN:sp|Q92854|SEM4D_HUMAN:sp|Q6P4Q7|CNNM4_HUMAN:sp|Q12873|CHD3_HUMAN:sp|Q68DK7|MSL1_HUMAN:sp|P98179|RBM3_HUMAN:sp|A6NI73|LIRA5_HUMAN:sp|Q03001|DYST_HUMAN,DeepNovo
W(+42.01)GPEEKVTR,24.12,1142.5720,9,66.7,9,-1.1,381.86420,3,26.9835,5.1835,0.45,10101,HFX193_IPP292_GEL_CRC_324_Even.raw,6.62E4,8.9E5,1,1,1,1,"Acetylation (N-term)",,0 0 0 21 21 43 9 9 5,W(+42.01)GPEEKVTR,sp|Q86Y38|XYLT1_HUMAN:sp|P05549|AP2A_HUMAN:sp|Q9ULL5|PRR12_HUMAN:sp|Q9UI12|VATH_HUMAN:sp|Q92766|RREB1_HUMAN:sp|O75044|SRGP2_HUMAN:sp|Q0D2K0|NIPA4_HUMAN:sp|Q7Z7A1|CNTRL_HUMAN:sp|O60870|KIN17_HUMAN:sp|Q8TD19|NEK9_HUMAN:sp|Q8IY85|EFC13_HUMAN:sp|Q9NX95|SYBU_HUMAN:sp|Q9NZR1|TMOD2_HUMAN:sp|Q7Z3Z4|PIWL4_HUMAN:sp|P58505|CU058_HUMAN:sp|Q9UL62|TRPC5_HUMAN:sp|Q9H6B4|CLMP_HUMAN:sp|P29973|CNGA1_HUMAN:sp|P27482|CALL3_HUMAN:sp|Q96DD0|LRC39_HUMAN:sp|Q8TE59|ATS19_HUMAN:sp|Q9BZ71|PITM3_HUMAN:sp|Q15459|SF3A1_HUMAN:sp|P13591|NCAM1_HUMAN:sp|Q8TD16|BICD2_HUMAN:sp|Q14191|WRN_HUMAN:sp|Q14767|LTBP2_HUMAN:sp|Q9BW92|SYTM_HUMAN:sp|P56182|RRP1_HUMAN:sp|Q06546|GABPA_HUMAN:sp|Q9HAS3|S28A3_HUMAN:sp|Q9NUP1|BL1S4_HUMAN:sp|A1A5B4|ANO9_HUMAN:sp|Q59H18|TNI3K_HUMAN:sp|Q96Q91|B3A4_HUMAN:sp|Q502W6|VWA3B_HUMAN:sp|A8MVX0|ARG33_HUMAN,DeepNovo
W(+42.01)HVLTLRK,28.42,1093.6396,8,50.0,8,-3.1,365.55267,3,30.3863,-12.8137,0.64,11488,HFX193_IPP292_GEL_CRC_324_Even.raw,,,1,1,0,0,"Acetylation (N-term)",,0 0 21 40 7 1 1 2,W(+42.01)HVLTLRK,sp|Q13772|NCOA4_HUMAN:sp|O75116|ROCK2_HUMAN:sp|Q99618|CDCA3_HUMAN:sp|Q9Y6C9|MTCH2_HUMAN:sp|P42858|HD_HUMAN:sp|Q96HA7|TONSL_HUMAN:sp|Q6UWM9|UD2A3_HUMAN:sp|A6NJU9|NPB13_HUMAN:sp|O00459|P85B_HUMAN:sp|Q96LA5|FCRL2_HUMAN:sp|Q9NWS8|RMND1_HUMAN:sp|Q96PY5|FMNL2_HUMAN:sp|E9PQR5|NPIB8_HUMAN:sp|Q92901|RL3L_HUMAN:sp|Q6MZQ0|PRR5L_HUMAN:sp|Q9HCE1|MOV10_HUMAN:sp|Q96JB5|CK5P3_HUMAN:sp|Q92569|P55G_HUMAN:sp|Q86XL3|ANKL2_HUMAN:sp|P55268|LAMB2_HUMAN:sp|Q9H6S3|ES8L2_HUMAN:sp|Q9GZQ6|NPFF1_HUMAN:sp|O00144|FZD9_HUMAN:sp|P10415|BCL2_HUMAN:sp|Q6NVY1|HIBCH_HUMAN:sp|Q7Z6P3|RAB44_HUMAN:sp|Q3MJ13|WDR72_HUMAN:sp|Q9ULZ2|STAP1_HUMAN:AKAP7_DEL_A-p.K79Rfs*21_::chr6:131159636-131160636_frame=-3:sp|Q9UJ72|ANX10_HUMAN:sp|F8W0I5|NPB12_HUMAN:sp|Q0VDD8|DYH14_HUMAN:sp|Q9UPZ3|HPS5_HUMAN:sp|Q96RD9|FCRL5_HUMAN:sp|Q14315|FLNC_HUMAN:sp|A6NNT2|CP096_HUMAN:sp|O95273|CCDB1_HUMAN:sp|Q9BVA6|FICD_HUMAN:sp|Q709C8|VP13C_HUMAN:sp|Q9NYC9|DYH9_HUMAN:sp|Q92617|NPIB3_HUMAN:sp|E5RHQ5|NPB11_HUMAN:sp|P49327|FAS_HUMAN:sp|P27986|P85A_HUMAN:sp|Q9NYQ6|CELR1_HUMAN:sp|Q8N614|TM156_HUMAN:sp|Q9Y365|STA10_HUMAN:sp|Q6P1J6|PLB1_HUMAN:sp|P39023|RL3_HUMAN:sp|Q58G82|SY14L_HUMAN:sp|Q96P31|FCRL3_HUMAN:sp|E9PJ23|NPIB6_HUMAN:sp|O95466|FMNL1_HUMAN:sp|Q14289|FAK2_HUMAN:sp|Q96L92|SNX27_HUMAN:sp|Q92878|RAD50_HUMAN:sp|Q8IVF7|FMNL3_HUMAN:sp|A6NHN6|NPB15_HUMAN:sp|Q86X19|TMM17_HUMAN:sp|Q49A88|CCD14_HUMAN:sp|Q13621|S12A1_HUMAN:sp|O94986|CE152_HUMAN:sp|P16066|ANPRA_HUMAN:sp|O75200|NPIB7_HUMAN:sp|Q13438|OS9_HUMAN:sp|Q9Y2C5|S17A4_HUMAN:sp|C9JG80|NPIB4_HUMAN:sp|Q12929|EPS8_HUMAN:sp|Q8WUT4|LRRN4_HUMAN:sp|Q9BYT8|NEUL_HUMAN:sp|A8MRT5|NPIB5_HUMAN:sp|Q14CZ7|FAKD3_HUMAN:sp|Q01432|AMPD3_HUMAN:sp|Q5VST9|OBSCN_HUMAN:sp|F8W1W9|NPIB9_HUMAN:sp|A6NJ64|NPIB2_HUMAN:sp|Q86Z02|HIPK1_HUMAN:sp|P26374|RAE2_HUMAN:sp|Q96DZ1|ERLEC_HUMAN:sp|P41226|UBA7_HUMAN,DeepNovo
W(+42.01)KKARGVAL,25.35,1069.6396,9,55.6,9,3.0,357.55487,3,30.6599,11.7599,0.04,11595,HFX193_IPP292_GEL_CRC_324_Odd.raw,6.86E5,4.53E6,1,1,1,1,"Acetylation (N-term)",,5 24 11 0 0 0 0 2 5,W(+42.01)KKARGVAL,,DeepNovo
W(+42.01)LKSRLVK,28.96,1070.6600,8,50.0,8,-3.8,357.89261,3,30.0136,6.1136,0.22,11335,HFX193_IPP292_GEL_CRC_324_Even.raw,,,1,1,0,0,"Acetylation (N-term)",,4 2 8 0 0 7 1 1,W(+42.01)LKSRLVK,,DeepNovo
W(+42.01)PYTKKEL,44.54,1105.5808,8,75.0,8,-2.9,553.79608,2,33.3845,-12.7155,0.72,12658,HFX193_IPP292_GEL_CRC_324_Even.raw,3.39E5,2.25E6,1,1,1,1,"Acetylation (N-term)",,5 9 8 1 1 3 3 3,W(+42.01)PYTKKEL,,DeepNovo
W(+42.01)SAGGELVRTK,46.79,1244.6512,11,54.5,11,-2.6,415.88998,3,28.4930,-7.2070,0.49,10706,HFX193_IPP292_GEL_CRC_324_Even.raw,9.82E5,7.36E6,1,1,1,1,"Acetylation (N-term)",,0 0 0 0 0 27 81 35 7 7 5,W(+42.01)SAGGELVRTK,sp|Q2M1P5|KIF7_HUMAN:sp|Q86TI2|DPP9_HUMAN:sp|Q13232|NDK3_HUMAN:sp|Q8TEU7|RPGF6_HUMAN:sp|Q9H3H1|MOD5_HUMAN:sp|P43657|LPAR6_HUMAN:sp|Q9H6R4|NOL6_HUMAN:sp|P52790|HXK3_HUMAN:sp|Q14168|MPP2_HUMAN:sp|Q96AQ6|PBIP1_HUMAN:sp|O43747|AP1G1_HUMAN:sp|Q9H7D0|DOCK5_HUMAN:sp|P59537|T2R43_HUMAN:sp|Q96DY2|DRC10_HUMAN:sp|Q86VR8|FJX1_HUMAN:sp|Q8N4N3|KLH36_HUMAN:sp|O60512|B4GT3_HUMAN:sp|P59538|T2R31_HUMAN:sp|O43310|CTIF_HUMAN:sp|Q7Z353|HDX_HUMAN:sp|Q13761|RUNX3_HUMAN:sp|Q07820|MCL1_HUMAN:sp|Q9BXP8|PAPP2_HUMAN:sp|P35221|CTNA1_HUMAN:sp|Q5U651|RAIN_HUMAN:sp|Q01196|RUNX1_HUMAN:sp|P15336|ATF2_HUMAN:sp|P30988|CALCR_HUMAN:sp|Q9Y4C0|NRX3A_HUMAN:sp|O95970|LGI1_HUMAN:sp|Q9HB07|MYG1_HUMAN:sp|Q86WI1|PKHL1_HUMAN:sp|Q96LJ8|UBX10_HUMAN:sp|Q5TCY1|TTBK1_HUMAN:sp|Q8N4T8|CBR4_HUMAN:sp|Q13950|RUNX2_HUMAN:sp|P78509|RELN_HUMAN:sp|Q86XW9|TXND6_HUMAN:sp|P49711|CTCF_HUMAN:sp|P53355|DAPK1_HUMAN:sp|P51610|HCFC1_HUMAN:sp|Q6ZQY2|LR74B_HUMAN:sp|Q9UEE5|ST17A_HUMAN:sp|O95359|TACC2_HUMAN:sp|P21709|EPHA1_HUMAN:sp|Q5VST9|OBSCN_HUMAN:sp|Q9H2Y7|ZN106_HUMAN:sp|P35520|CBS_HUMAN:sp|P12111|CO6A3_HUMAN:sp|Q3MIP1|IPIL2_HUMAN:sp|P36269|GGT5_HUMAN:sp|P42226|STAT6_HUMAN:sp|O96009|NAPSA_HUMAN:sp|Q8N988|ZN557_HUMAN:sp|Q13591|SEM5A_HUMAN:sp|Q15149|PLEC_HUMAN:sp|Q8N436|CPXM2_HUMAN:sp|O75369|FLNB_HUMAN:sp|P62241|RS8_HUMAN:sp|Q15021|CND1_HUMAN:sp|P35557|HXK4_HUMAN:sp|Q9BUI4|RPC3_HUMAN:sp|Q8NI51|CTCFL_HUMAN:sp|Q969M1|TM40L_HUMAN:sp|P49419|AL7A1_HUMAN:sp|Q9H773|DCTP1_HUMAN:sp|P29317|EPHA2_HUMAN:sp|Q96SM3|CPXM1_HUMAN:sp|P23381|SYWC_HUMAN:sp|Q15393|SF3B3_HUMAN:sp|Q6V0L0|CP26C_HUMAN:sp|Q8WZ42|TITIN_HUMAN:sp|O75616|ERAL1_HUMAN:sp|O96008|TOM40_HUMAN:sp|O75676|KS6A4_HUMAN:sp|Q92858|ATOH1_HUMAN:sp|Q674X7|KAZRN_HUMAN:sp|Q8N6Y0|USBP1_HUMAN:sp|Q96NG5|ZN558_HUMAN:sp|O95155|UBE4B_HUMAN:sp|Q9BXM0|PRAX_HUMAN:PHF2_DEL_A-p.K492Rfs*6_::chr9:93659830-93660830_frame=-2:sp|Q9BZ95|NSD3_HUMAN:sp|Q5TC63|GRTP1_HUMAN:sp|P35606|COPB2_HUMAN:sp|P19367|HXK1_HUMAN:sp|Q68DQ2|CRBG3_HUMAN:sp|P08F94|PKHD1_HUMAN:sp|P49454|CENPF_HUMAN:sp|P98095|FBLN2_HUMAN:sp|Q14003|KCNC3_HUMAN:sp|Q96HF1|SFRP2_HUMAN:sp|Q86UK0|ABCAC_HUMAN:sp|Q8WXG9|AGRV1_HUMAN:sp|Q2TB90|HKDC1_HUMAN:sp|P09758|TACD2_HUMAN:sp|O94768|ST17B_HUMAN:sp|P55265|DSRAD_HUMAN:sp|Q9UP52|TFR2_HUMAN:sp|P52789|HXK2_HUMAN:sp|O75145|LIPA3_HUMAN:sp|P01344|IGF2_HUMAN:sp|P07949|RET_HUMAN:sp|Q49A17|GLTL6_HUMAN,DeepNovo
W(+42.01)SAGGQ(+0.98)LVRTK,64.24,1244.6514,11,54.5,11,-2.7,623.33124,2,28.6009,-1.6991,0.47,10750,HFX193_IPP292_GEL_CRC_324_Odd.raw,2.14E7,1.47E8,3,3,3,3,"Acetylation (N-term);Deamidation (NQ)",,0 0 1 0 0 10 13 13 4 3 3,W(+42.01)SAGGQ(+0.98)LVRTK,sp|Q6UVK1|CSPG4_HUMAN:sp|P23467|PTPRB_HUMAN:sp|Q9UPT6|JIP3_HUMAN:sp|O60290|ZN862_HUMAN:sp|Q00610|CLH1_HUMAN:sp|P43657|LPAR6_HUMAN:sp|Q8IVV2|LOXH1_HUMAN:sp|Q7Z7H5|TMED4_HUMAN:sp|Q9HD15|SRA1_HUMAN:sp|P59537|T2R43_HUMAN:sp|Q96DY2|DRC10_HUMAN:sp|Q6EMB2|TTLL5_HUMAN:sp|Q8ND61|CC020_HUMAN:sp|O60512|B4GT3_HUMAN:sp|P59538|T2R31_HUMAN:sp|O14734|ACOT8_HUMAN:sp|P55268|LAMB2_HUMAN:sp|Q07820|MCL1_HUMAN:sp|Q8NAA6|CO053_HUMAN:sp|Q9NP60|IRPL2_HUMAN:sp|P35247|SFTPD_HUMAN:sp|Q68CZ2|TENS3_HUMAN:sp|Q9H1Q7|PED1A_HUMAN:sp|P15336|ATF2_HUMAN:sp|Q8TCU5|NMD3A_HUMAN:sp|Q00013|EM55_HUMAN:sp|Q96PD5|PGRP2_HUMAN:sp|Q96L91|EP400_HUMAN:sp|Q9P2H5|UBP35_HUMAN:sp|O95996|APCL_HUMAN:sp|Q86WI1|PKHL1_HUMAN:sp|Q96LJ8|UBX10_HUMAN:sp|Q99758|ABCA3_HUMAN:sp|Q8N4T8|CBR4_HUMAN:sp|Q16656|NRF1_HUMAN:sp|Q96RW7|HMCN1_HUMAN:sp|Q7Z7M0|MEGF8_HUMAN:sp|Q9C0E4|GRIP2_HUMAN:sp|P00797|RENI_HUMAN:sp|Q2TAY7|SMU1_HUMAN:sp|P22460|KCNA5_HUMAN:sp|P17658|KCNA6_HUMAN:sp|Q9NQW1|SC31B_HUMAN:sp|Q07020|RL18_HUMAN:sp|Q6ZV50|RFX8_HUMAN:sp|O75821|EIF3G_HUMAN:sp|Q8WXG1|RSAD2_HUMAN:sp|P22001|KCNA3_HUMAN:sp|Q96RP8|KCNA7_HUMAN:sp|P22004|BMP6_HUMAN:sp|Q5VST9|OBSCN_HUMAN:sp|Q02078|MEF2A_HUMAN:sp|Q02556|IRF8_HUMAN:sp|Q0GE19|NTCP7_HUMAN:sp|Q3SY00|T10IP_HUMAN:sp|O43315|AQP9_HUMAN:sp|A7XYQ1|SOBP_HUMAN:sp|Q6UB35|C1TM_HUMAN:sp|Q8NBP7|PCSK9_HUMAN:sp|Q9NYU2|UGGG1_HUMAN:sp|P43004|EAA2_HUMAN:sp|P62241|RS8_HUMAN:SEC31A_DEL_T-p.I462Lfs*16_::chr4:82863912-82864912_frame=-3:sp|Q02086|SP2_HUMAN:sp|Q9NRP7|STK36_HUMAN:sp|Q52LR7|EPC2_HUMAN:sp|P34897|GLYM_HUMAN:sp|Q13576|IQGA2_HUMAN:sp|Q6ZMY3|SPOC1_HUMAN:sp|P14859|PO2F1_HUMAN:sp|Q9NQC3|RTN4_HUMAN:sp|Q9HCE1|MOV10_HUMAN:sp|Q96RP9|EFGM_HUMAN:sp|Q8NB14|UBP38_HUMAN:sp|Q9P0J7|KCMF1_HUMAN:sp|P46940|IQGA1_HUMAN:sp|Q5VUG0|SMBT2_HUMAN:sp|Q9NWS1|PARI_HUMAN:sp|Q96RG2|PASK_HUMAN:sp|O00410|IPO5_HUMAN:sp|Q8N6Y0|USBP1_HUMAN:sp|Q16566|KCC4_HUMAN:sp|Q68DN1|CB016_HUMAN:sp|Q7Z406|MYH14_HUMAN:sp|Q58EX2|SDK2_HUMAN:sp|Q68CR1|SE1L3_HUMAN:sp|P08F94|PKHD1_HUMAN:sp|P02760|AMBP_HUMAN:sp|P98196|AT11A_HUMAN:sp|Q9H7F0|AT133_HUMAN:sp|Q96LT7|CI072_HUMAN:sp|P46060|RAGP1_HUMAN:sp|Q03518|TAP1_HUMAN:sp|O96028|NSD2_HUMAN:sp|Q9UNL4|ING4_HUMAN:sp|Q8IW19|APLF_HUMAN:sp|P43003|EAA1_HUMAN:sp|Q9P267|MBD5_HUMAN:sp|Q09470|KCNA1_HUMAN:sp|Q6UX15|LAYN_HUMAN:sp|P0DP72|VSXL2_HUMAN:sp|P51161|FABP6_HUMAN:sp|Q15911|ZFHX3_HUMAN:sp|Q9C098|DCLK3_HUMAN:sp|Q58EX7|PKHG4_HUMAN:sp|Q69YQ0|CYTSA_HUMAN:sp|O94979|SC31A_HUMAN:sp|Q8N1G4|LRC47_HUMAN:sp|Q16555|DPYL2_HUMAN:sp|P05413|FABPH_HUMAN:sp|B2RXH4|BTBDI_HUMAN:sp|Q9Y6F6|IRAG1_HUMAN:sp|Q8N608|DPP10_HUMAN:sp|Q9GZY8|MFF_HUMAN:sp|Q96PN8|TSSK3_HUMAN:sp|Q6UXA7|CF015_HUMAN:sp|Q96JE7|SC16B_HUMAN:sp|P16389|KCNA2_HUMAN:sp|Q8IXS0|F217A_HUMAN:sp|Q49A17|GLTL6_HUMAN,DeepNovo
W(+42.01)SQ(+0.98)LVRTK,37.57,1059.5713,8,100.0,8,-3.5,530.79108,2,28.6009,-0.2991,0.72,10788,HFX193_IPP292_GEL_CRC_324_Odd.raw,3.13E5,4.78E6,2,2,2,2,"Acetylation (N-term);Deamidation (NQ)",,5 2 25 34 19 7 7 5,W(+42.01)SQ(+0.98)LVRTK,sp|Q9BWM5|ZN416_HUMAN:sp|Q9NYU2|UGGG1_HUMAN:sp|P23467|PTPRB_HUMAN:sp|P62241|RS8_HUMAN:sp|Q8TEU7|RPGF6_HUMAN:sp|Q7Z4K8|TRI46_HUMAN:sp|Q9BW27|NUP85_HUMAN:sp|Q9HCQ5|GALT9_HUMAN:sp|Q52LR7|EPC2_HUMAN:sp|P43657|LPAR6_HUMAN:sp|Q5VV41|ARHGG_HUMAN:sp|Q5T655|CFA58_HUMAN:sp|P14735|IDE_HUMAN:sp|Q9HCM3|K1549_HUMAN:sp|Q96DR7|ARHGQ_HUMAN:sp|Q9HCM2|PLXA4_HUMAN:sp|P59537|T2R43_HUMAN:sp|Q96DY2|DRC10_HUMAN:sp|Q6EMB2|TTLL5_HUMAN:sp|Q8NB14|UBP38_HUMAN:sp|O60512|B4GT3_HUMAN:sp|P59538|T2R31_HUMAN:sp|P55268|LAMB2_HUMAN:sp|Q07820|MCL1_HUMAN:sp|P17097|ZNF7_HUMAN:sp|Q8N3C0|ASCC3_HUMAN:sp|Q86T24|KAISO_HUMAN:sp|Q15751|HERC1_HUMAN:sp|P15336|ATF2_HUMAN:sp|Q9NRZ7|PLCC_HUMAN:sp|Q5VUG0|SMBT2_HUMAN:sp|Q00013|EM55_HUMAN:sp|Q8IY21|DDX60_HUMAN:sp|O95395|GCNT3_HUMAN:sp|Q8N6Y0|USBP1_HUMAN:sp|Q96PD5|PGRP2_HUMAN:sp|Q96L91|EP400_HUMAN:sp|Q16566|KCC4_HUMAN:sp|P29474|NOS3_HUMAN:sp|Q9NYC9|DYH9_HUMAN:sp|Q86WI1|PKHL1_HUMAN:sp|Q96LJ8|UBX10_HUMAN:sp|Q99758|ABCA3_HUMAN:sp|Q58EX2|SDK2_HUMAN:sp|Q8N4T8|CBR4_HUMAN:sp|P51805|PLXA3_HUMAN:sp|Q9UIW2|PLXA1_HUMAN:sp|Q96LT7|CI072_HUMAN:sp|Q96BS2|CHP3_HUMAN:sp|Q9UNL4|ING4_HUMAN:sp|Q96NT5|PCFT_HUMAN:sp|Q8IVF4|DYH10_HUMAN:sp|Q03933|HSF2_HUMAN:sp|Q9C098|DCLK3_HUMAN:sp|P59922|OR2B8_HUMAN:sp|P51523|ZNF84_HUMAN:sp|O75821|EIF3G_HUMAN:sp|P19838|NFKB1_HUMAN:sp|O60610|DIAP1_HUMAN:sp|Q5VST9|OBSCN_HUMAN:sp|O95104|SCAF4_HUMAN:sp|Q86UP8|GTD2A_HUMAN:sp|Q9Y6S9|RPKL1_HUMAN:sp|P54886|P5CS_HUMAN:sp|P55157|MTP_HUMAN:sp|Q96PN8|TSSK3_HUMAN:sp|Q9HB09|B2L12_HUMAN:sp|Q3SY00|T10IP_HUMAN:sp|P14324|FPPS_HUMAN:sp|Q6ZN19|ZN841_HUMAN:sp|Q9UPN6|SCAF8_HUMAN:sp|Q6ZMZ3|SYNE3_HUMAN:sp|Q9UPN3|MACF1_HUMAN:sp|Q49A17|GLTL6_HUMAN,DeepNovo
W(+42.01)SSKLLERL,41.22,1172.6554,9,77.8,9,-0.3,587.33478,2,67.0767,-15.3233,0.49,26205,HFX193_IPP292_GEL_CRC_324_Even.raw,2.2E5,1.34E6,1,1,1,1,"Acetylation (N-term)",,3 0 0 21 42 16 7 2 3,W(+42.01)SSKLLERL,sp|Q9BWH6|RPAP1_HUMAN:sp|P58107|EPIPL_HUMAN:sp|P61568|ENK11_HUMAN:TBC1D23_DEL_A-p.K649Nfs*18_::chr3:100320392-100321392_frame=-1:sp|Q96PE2|ARHGH_HUMAN:sp|Q8N8A6|DDX51_HUMAN:sp|P42858|HD_HUMAN:sp|Q8IVG5|SAM9L_HUMAN:sp|Q93045|STMN2_HUMAN:sp|Q9Y250|LZTS1_HUMAN:sp|Q93088|BHMT1_HUMAN:sp|Q9H254|SPTN4_HUMAN:sp|P06734|FCER2_HUMAN:sp|Q96P47|AGAP3_HUMAN:sp|Q6IQ26|DEN5A_HUMAN:sp|Q86YV9|HPS6_HUMAN:sp|P51828|ADCY7_HUMAN:sp|Q9BT04|FUZZY_HUMAN:sp|O14513|NCKP5_HUMAN:sp|Q495C1|RN212_HUMAN:sp|Q9Y6I7|WSB1_HUMAN:sp|Q9UNX3|RL26L_HUMAN:sp|Q53TS8|CTSRT_HUMAN:sp|P24588|AKAP5_HUMAN:sp|A6NGR9|MROH6_HUMAN:sp|Q709C8|VP13C_HUMAN:sp|Q9H0R4|HDHD2_HUMAN:sp|Q9NYW8|RBAK_HUMAN:sp|Q5TZA2|CROCC_HUMAN:sp|Q8IWK6|AGRA3_HUMAN:sp|Q9UM73|ALK_HUMAN:sp|Q8N127|O5AS1_HUMAN:sp|Q7Z2Y8|GVIN1_HUMAN:sp|Q9NW08|RPC2_HUMAN:sp|P26196|DDX6_HUMAN:sp|Q9HC77|CENPJ_HUMAN:sp|Q9H2M3|BHMT2_HUMAN:sp|P35498|SCN1A_HUMAN:sp|Q8N1F7|NUP93_HUMAN:sp|Q96RW7|HMCN1_HUMAN:sp|Q8WWC4|MAIP1_HUMAN:sp|A5YKK6|CNOT1_HUMAN:sp|P46597|ASMT_HUMAN:sp|O60281|ZN292_HUMAN:sp|Q5VZ72|IZUM3_HUMAN:sp|Q14573|ITPR3_HUMAN:sp|O75037|KI21B_HUMAN:sp|Q29RF7|PDS5A_HUMAN:sp|Q6KC79|NIPBL_HUMAN:sp|Q9GZY0|NXF2_HUMAN:sp|O60673|REV3L_HUMAN:sp|Q9UKL4|CXD2_HUMAN:sp|Q9Y2F5|ICE1_HUMAN:sp|Q9Y2M2|SSUH2_HUMAN:sp|O43593|HAIR_HUMAN:sp|Q8IYE0|CC146_HUMAN:sp|Q8WXW3|PIBF1_HUMAN:sp|Q6UXX9|RSPO2_HUMAN:sp|Q3B7T1|EDRF1_HUMAN:sp|Q86XH1|DRC11_HUMAN:sp|Q9BRT9|SLD5_HUMAN:sp|O94983|CMTA2_HUMAN:sp|Q86UV5|UBP48_HUMAN:sp|Q32MZ4|LRRF1_HUMAN:sp|Q8TF40|FNIP1_HUMAN:sp|P23378|GCSP_HUMAN:sp|Q8IYU2|HACE1_HUMAN:sp|Q5HYA8|MKS3_HUMAN:sp|P12271|RLBP1_HUMAN:sp|Q9NYP7|ELOV5_HUMAN:sp|P06756|ITAV_HUMAN:sp|Q86TD4|SRCA_HUMAN:sp|P17014|ZNF12_HUMAN:sp|O15327|INP4B_HUMAN:sp|Q9HCE1|MOV10_HUMAN:sp|Q14439|GP176_HUMAN:sp|O95613|PCNT_HUMAN:sp|P61254|RL26_HUMAN:sp|P28340|DPOD1_HUMAN:sp|Q92974|ARHG2_HUMAN:sp|P28329|CLAT_HUMAN:sp|Q9BYT3|STK33_HUMAN:sp|P02549|SPTA1_HUMAN:sp|Q5HYK7|SH319_HUMAN:sp|Q01167|FOXK2_HUMAN:sp|Q8N9K5|ZN565_HUMAN:sp|Q9NYK5|RM39_HUMAN:sp|Q8WUH2|TGFA1_HUMAN:sp|Q8TF39|ZN483_HUMAN:sp|Q9UPU5|UBP24_HUMAN:sp|Q6P280|ZN529_HUMAN:sp|A6NHR8|FA47D_HUMAN:sp|Q15075|EEA1_HUMAN:sp|O75643|U520_HUMAN:sp|Q9NTI5|PDS5B_HUMAN:sp|O43292|GPAA1_HUMAN:sp|Q6ZR08|DYH12_HUMAN:sp|Q9Y6Y1|CMTA1_HUMAN:sp|Q6DN12|MCTP2_HUMAN:sp|P42892|ECE1_HUMAN:sp|Q16401|PSMD5_HUMAN:sp|Q9BWT3|PAPOG_HUMAN:sp|Q9UKB1|FBW1B_HUMAN:sp|Q15772|SPEG_HUMAN:sp|P24278|ZBT25_HUMAN:sp|Q9BZC7|ABCA2_HUMAN:sp|O43314|VIP2_HUMAN:sp|Q504Y2|PKDCC_HUMAN:sp|Q96DV4|RM38_HUMAN:sp|P55197|AF10_HUMAN:sp|A6NFE3|EFC10_HUMAN:sp|Q14554|PDIA5_HUMAN:sp|Q7Z3H0|PANKY_HUMAN:sp|Q96PC5|MIA2_HUMAN:sp|Q6PFW1|VIP1_HUMAN:sp|Q9Y600|CSAD_HUMAN:sp|Q99704|DOK1_HUMAN:sp|Q15695|U2AFL_HUMAN:sp|Q9C0B9|ZCHC2_HUMAN:sp|Q9ULH7|MRTFB_HUMAN,DeepNovo
W(+42.01)TKLKAL,22.90,900.5433,7,42.9,7,-2.5,451.27780,2,56.1675,6.9675,0.41,21827,HFX193_IPP292_GEL_CRC_324_Even.raw,4.34E5,3.23E6,1,1,1,1,"Acetylation (N-term)",,0 0 3 1 1 8 5,W(+42.01)TKLKAL,sp|Q6ZW13|CP086_HUMAN:sp|Q8WVV4|POF1B_HUMAN:sp|Q9P215|POGK_HUMAN:sp|O14986|PI51B_HUMAN:sp|Q14CN4|K2C72_HUMAN:sp|Q86WS5|TMPSC_HUMAN:sp|P61201|CSN2_HUMAN:sp|Q9BTT6|LRRC1_HUMAN:sp|Q96IC2|REXO5_HUMAN:sp|Q8NGJ5|O51L1_HUMAN:sp|O94804|STK10_HUMAN:sp|Q9UHI6|DDX20_HUMAN:sp|O43609|SPY1_HUMAN:sp|P42338|PK3CB_HUMAN:sp|A6NP61|ZAR1L_HUMAN:sp|Q8N1G2|CMTR1_HUMAN:sp|Q9Y2K7|KDM2A_HUMAN:sp|Q96GC6|ZN274_HUMAN:sp|Q96MN2|NALP4_HUMAN:sp|Q9C0G6|DYH6_HUMAN:sp|Q5SW79|CE170_HUMAN:sp|Q17R89|RHG44_HUMAN:sp|Q7Z3Z3|PIWL3_HUMAN:sp|Q96H20|SNF8_HUMAN:sp|O95996|APCL_HUMAN:RBM27_DEL_A-p.K816Nfs*5_::chr5:146267257-146268257_frame=3:sp|Q8NBJ4|GOLM1_HUMAN:sp|Q14296|FASTK_HUMAN:sp|Q3SY84|K2C71_HUMAN:sp|Q9HAS0|NJMU_HUMAN:sp|Q9P291|ARMX1_HUMAN:sp|P26639|SYTC_HUMAN:sp|P21359|NF1_HUMAN:sp|P0DJJ0|SRG2C_HUMAN:sp|Q9P246|STIM2_HUMAN:sp|Q8N9N5|BANP_HUMAN:sp|Q6W5P4|NPSR1_HUMAN:sp|Q8NDA2|HMCN2_HUMAN:sp|Q8IY31|IFT20_HUMAN:sp|O60333|KIF1B_HUMAN:sp|Q14980|NUMA1_HUMAN:sp|O00329|PK3CD_HUMAN:sp|Q8TER0|SNED1_HUMAN:sp|Q9NZ94|NLGN3_HUMAN:sp|Q8TD16|BICD2_HUMAN:sp|Q8N465|D2HDH_HUMAN:sp|Q9BVG3|TRI62_HUMAN:sp|Q8TDY2|RBCC1_HUMAN:sp|A2CJ06|DYTN_HUMAN:sp|Q86XN8|MEX3D_HUMAN:sp|A1L4K1|FSD2_HUMAN:sp|P42226|STAT6_HUMAN:sp|Q9UKK3|PARP4_HUMAN:sp|Q9BYX2|TBD2A_HUMAN:sp|P10589|COT1_HUMAN:sp|O95073|FSBP_HUMAN:sp|Q08117|TLE5_HUMAN:sp|Q8IWV8|UBR2_HUMAN:sp|O75116|ROCK2_HUMAN:sp|Q6P9F0|CCD62_HUMAN:sp|Q5JUQ0|FA78A_HUMAN:sp|O94818|NOL4_HUMAN:sp|Q6ZSI9|CAN12_HUMAN:sp|Q92783|STAM1_HUMAN:sp|P24821|TENA_HUMAN:sp|O95475|SIX6_HUMAN:sp|Q96H35|RBM18_HUMAN:sp|Q6PH85|DCNL2_HUMAN:sp|Q8NE09|RGS22_HUMAN:sp|P56179|DLX6_HUMAN:sp|Q5T5S1|CC183_HUMAN:sp|Q3YBR2|TBRG1_HUMAN:sp|Q8WZ42|TITIN_HUMAN:sp|P56177|DLX1_HUMAN:sp|P02549|SPTA1_HUMAN:sp|P54821|PRRX1_HUMAN:sp|Q99766|ATP5S_HUMAN:sp|O43390|HNRPR_HUMAN:sp|Q7RTU9|STRC_HUMAN:sp|Q13042|CDC16_HUMAN:sp|Q7Z739|YTHD3_HUMAN:sp|Q9ULE3|DEN2A_HUMAN:sp|Q9P2D1|CHD7_HUMAN:sp|Q8TE69|EOLA1_HUMAN:sp|P10645|CMGA_HUMAN:sp|Q9NTI5|PDS5B_HUMAN:sp|Q8NGJ6|O51A4_HUMAN:sp|P28069|PIT1_HUMAN:sp|O75420|GGYF1_HUMAN:sp|Q9P2K9|DISP3_HUMAN:sp|Q3L8U1|CHD9_HUMAN:sp|Q8TED9|AF1L1_HUMAN:ZBTB20_DEL_G-p.P692Lfs*43_::chr3:114338656-114339656_frame=2:sp|Q6NUM6|TYW1B_HUMAN:sp|Q9BQS8|FYCO1_HUMAN:sp|P07814|SYEP_HUMAN:sp|Q9HCE3|ZN532_HUMAN:sp|Q53EQ6|TIGD5_HUMAN:sp|Q147U7|SMCO1_HUMAN:sp|Q8NFZ3|NLGNY_HUMAN:sp|P32856|STX2_HUMAN:sp|Q8TCY9|URGCP_HUMAN:sp|Q9BY44|EIF2A_HUMAN:sp|Q7Z3H0|PANKY_HUMAN:sp|Q96L50|LLR1_HUMAN:sp|Q86XN7|PRSR1_HUMAN:sp|Q9H720|PG2IP_HUMAN:sp|Q7Z7B0|FLIP1_HUMAN:sp|Q8WYB5|KAT6B_HUMAN:sp|P53804|TTC3_HUMAN:sp|Q969H4|CNKR1_HUMAN:sp|O94910|AGRL1_HUMAN:sp|Q96D42|HAVR1_HUMAN:sp|O75077|ADA23_HUMAN:sp|Q9BYK8|HELZ2_HUMAN:sp|Q8NCM8|DYHC2_HUMAN:sp|Q13464|ROCK1_HUMAN:sp|Q8N4P6|LRC71_HUMAN:sp|Q96Q91|B3A4_HUMAN:sp|Q5T686|AVPI1_HUMAN,DeepNovo
W(+42.01)TSGAKVVAGVAGGALAHKYH,92.68,2121.1118,21,57.1,21,-2.2,708.04303,3,67.3361,12.3361,0.54,26310,HFX193_IPP292_GEL_CRC_324_Even.raw,2.27E6,9.55E6,2,2,2,2,"Acetylation (N-term)",,0 0 0 0 0 0 0 6 2 2 5 6 0 0 3 7 6 5 5 5 5,W(+42.01)TSGAKVVAGVAGGALAHKYH,sp|Q8IWB1|IPRI_HUMAN:sp|A1L4H1|SRCRL_HUMAN:sp|P09871|C1S_HUMAN:sp|Q9UIU6|SIX4_HUMAN:sp|Q9NYQ7|CELR3_HUMAN:sp|Q9H0J9|PAR12_HUMAN:sp|Q562E7|WDR81_HUMAN:sp|Q4VNC0|AT135_HUMAN:sp|Q9H254|SPTN4_HUMAN:sp|Q96RK0|CIC_HUMAN:sp|H7C350|CC188_HUMAN:sp|P18089|ADA2B_HUMAN:sp|Q9H2A9|CHST8_HUMAN:sp|Q6STE5|SMRD3_HUMAN:sp|Q5XKE5|K2C79_HUMAN:sp|P04114|APOB_HUMAN:sp|O60831|PRAF2_HUMAN:sp|Q9H330|TM245_HUMAN:sp|P25787|PSA2_HUMAN:sp|P62424|RL7A_HUMAN:sp|Q96QE2|MYCT_HUMAN:sp|Q8TBB1|LNX1_HUMAN:sp|Q75VX8|GARE2_HUMAN:sp|Q96ES6|MFSD3_HUMAN:sp|P43304|GPDM_HUMAN:sp|Q5JTD7|LRC73_HUMAN:sp|Q96Q07|BTBD9_HUMAN:sp|Q9UIW2|PLXA1_HUMAN:sp|Q5XKP0|MIC13_HUMAN:sp|Q8NCG7|DGLB_HUMAN:sp|Q9C0E4|GRIP2_HUMAN:sp|Q15572|TAF1C_HUMAN:sp|Q7Z4F1|LRP10_HUMAN:sp|Q86V15|CASZ1_HUMAN:sp|Q8TES7|FBF1_HUMAN:sp|Q9H3R1|NDST4_HUMAN:sp|O60308|CE104_HUMAN:sp|Q8N2K1|UB2J2_HUMAN:sp|Q7L1I2|SV2B_HUMAN:sp|Q2KJY2|KI26B_HUMAN:sp|Q9BYE2|TMPSD_HUMAN:sp|Q9UJX0|OSGI1_HUMAN:sp|A6NMB9|FIGL2_HUMAN:sp|Q8N6F1|CLD19_HUMAN:sp|Q9H3U1|UN45A_HUMAN:sp|P10745|RET3_HUMAN:sp|Q6ZRI0|OTOG_HUMAN:sp|Q9Y566|SHAN1_HUMAN:sp|I3L273|GFY_HUMAN:sp|Q5T1C6|THEM4_HUMAN:sp|Q3MIP1|IPIL2_HUMAN:sp|Q9H8K7|PAAT_HUMAN:sp|P02100|HBE_HUMAN:sp|Q9Y4C4|MFHA1_HUMAN:sp|P19404|NDUV2_HUMAN:sp|P36269|GGT5_HUMAN:sp|O15172|PSPHL_HUMAN:sp|Q9UJH8|METRN_HUMAN:sp|Q15758|AAAT_HUMAN:sp|Q8IWB9|TEX2_HUMAN:sp|Q96MI9|CBPC4_HUMAN:sp|Q5VUY0|ADCL3_HUMAN:sp|Q15291|RBBP5_HUMAN:sp|Q13671|RIN1_HUMAN:sp|Q9UQ10|DHDH_HUMAN:sp|P10075|GLI4_HUMAN:sp|Q86Z20|CC125_HUMAN:sp|Q07617|SPAG1_HUMAN:sp|Q99685|MGLL_HUMAN:sp|Q7Z3Y7|K1C28_HUMAN:sp|Q05940|VMAT2_HUMAN:sp|P14859|PO2F1_HUMAN:sp|P02042|HBD_HUMAN:sp|Q5JV73|FRPD3_HUMAN:sp|O14841|OPLA_HUMAN:sp|Q6YI46|TMM64_HUMAN:sp|Q8WZ42|TITIN_HUMAN:sp|Q9HBL0|TENS1_HUMAN:sp|Q9UPG8|PLAL2_HUMAN:sp|Q9H2X8|I27L2_HUMAN:sp|Q99952|PTN18_HUMAN:sp|Q9UKB5|AJAP1_HUMAN:sp|P18065|IBP2_HUMAN:sp|O95158|NXPH4_HUMAN:sp|Q5GH72|XKR7_HUMAN:sp|Q9ULL1|PKHG1_HUMAN:sp|Q06945|SOX4_HUMAN:sp|P29144|TPP2_HUMAN:sp|Q9H2W2|MIXL1_HUMAN:sp|P25063|CD24_HUMAN:sp|P61513|RL37A_HUMAN:sp|Q6WRX3|ZY11A_HUMAN:sp|P42345|MTOR_HUMAN:sp|Q8N2R0|OSR2_HUMAN:sp|P51787|KCNQ1_HUMAN:sp|Q8N187|CARTF_HUMAN:sp|Q14978|NOLC1_HUMAN:sp|Q9NS15|LTBP3_HUMAN:sp|Q6ZSJ9|SHSA6_HUMAN:sp|Q15652|JHD2C_HUMAN:sp|O15061|SYNEM_HUMAN:sp|Q16363|LAMA4_HUMAN:sp|Q9H239|MMP28_HUMAN:sp|O75444|MAF_HUMAN:sp|P08908|5HT1A_HUMAN:sp|P53621|COPA_HUMAN:sp|Q9BWD1|THIC_HUMAN:sp|Q9H6A9|PCX3_HUMAN:sp|Q2VPB7|AP5B1_HUMAN:sp|Q8TF44|C2C4C_HUMAN:sp|Q86VI3|IQGA3_HUMAN:sp|Q9Y2V3|RX_HUMAN:sp|Q9HCK8|CHD8_HUMAN:sp|P11279|LAMP1_HUMAN:sp|Q6T423|S22AP_HUMAN:sp|Q9C0B9|ZCHC2_HUMAN:sp|Q9UPR0|PLCL2_HUMAN:sp|Q9Y2G9|SBNO2_HUMAN:sp|Q8N1G0|ZN687_HUMAN:sp|Q8TCC7|S22A8_HUMAN,DeepNovo
W(+42.01)TVRHLL,26.78,965.5447,7,71.4,7,-1.0,483.77911,2,58.6228,-14.9772,0.52,22845,HFX193_IPP292_GEL_CRC_324_Even.raw,2.13E5,1.73E6,2,2,1,1,"Acetylation (N-term)",,0 0 3 2 13 6 5,W(+42.01)TVRHLL,sp|P60660|MYL6_HUMAN:sp|Q5TAA0|TTC22_HUMAN:sp|Q5JRS4|O10J3_HUMAN:sp|Q6ZS11|RINL_HUMAN:sp|P15735|PHKG2_HUMAN:sp|Q9Y237|PIN4_HUMAN:sp|Q8NI38|IKBD_HUMAN:sp|O75694|NU155_HUMAN:sp|Q969H4|CNKR1_HUMAN:sp|Q96MU5|CQ077_HUMAN:sp|O15211|RGL2_HUMAN:sp|Q09MP3|R51A2_HUMAN:sp|Q6W2J9|BCOR_HUMAN:sp|Q9NYL5|CP39A_HUMAN:sp|Q8WYA6|CTBL1_HUMAN:sp|P48960|AGRE5_HUMAN:sp|P52790|HXK3_HUMAN:sp|A6NGE4|DC8L1_HUMAN:sp|Q9Y5Y2|NUBP2_HUMAN:sp|Q5U623|MCAF2_HUMAN:sp|Q6ZVZ8|ASB18_HUMAN:sp|Q53F19|NCBP3_HUMAN:sp|P51170|SCNNG_HUMAN,DeepNovo
W(+42.01)VAVRLK,19.79,912.5545,7,100.0,7,0.3,457.28467,2,42.2134,-12.4866,0.52,16291,HFX193_IPP292_GEL_CRC_324_Even.raw,2.37E4,4.79E5,1,1,1,1,"Acetylation (N-term)",,5 8 7 7 8 8 5,W(+42.01)VAVRLK,,DeepNovo
W(+42.01)VGPHAVLGVTKGKGYK,96.54,1838.0203,17,70.6,17,4.6,460.51447,4,39.2924,-6.9076,0.25,15099,HFX193_IPP292_GEL_CRC_324_Odd.raw,9.68E4,8.38E5,1,1,1,1,"Acetylation (N-term)",,5 11 11 0 0 0 44 76 8 8 9 9 0 0 2 2 5,W(+42.01)VGPHAVLGVTKGKGYK,sp|Q12837|PO4F2_HUMAN:sp|Q6UXZ4|UNC5D_HUMAN:sp|P12270|TPR_HUMAN:sp|Q86VP1|TAXB1_HUMAN:sp|Q8N5H7|SH2D3_HUMAN:sp|Q93088|BHMT1_HUMAN:sp|Q3YBM2|T176B_HUMAN:sp|Q9BXT4|TDRD1_HUMAN:sp|O14662|STX16_HUMAN:sp|P00352|AL1A1_HUMAN:sp|P11055|MYH3_HUMAN:sp|Q15319|PO4F3_HUMAN:sp|Q0VD83|APOBR_HUMAN:sp|Q9P225|DYH2_HUMAN:sp|Q6XZF7|DNMBP_HUMAN:sp|Q9UQ74|PSG8_HUMAN:sp|Q5VYP0|S31A3_HUMAN:sp|O60729|CC14B_HUMAN:sp|Q6UW60|PCSK4_HUMAN:sp|B7ZAQ6|GPHRA_HUMAN:sp|Q15437|SC23B_HUMAN:sp|Q9P2D7|DYH1_HUMAN:sp|Q9Y450|HBS1L_HUMAN:sp|Q2PPJ7|RGPA2_HUMAN:sp|O43405|COCH_HUMAN:sp|Q9UKU6|TRHDE_HUMAN:sp|Q93008|USP9X_HUMAN:sp|Q01362|FCERB_HUMAN:sp|Q92900|RENT1_HUMAN:sp|Q6V0I7|FAT4_HUMAN:sp|Q1KMD3|HNRL2_HUMAN:sp|P39023|RL3_HUMAN:sp|Q5VVP1|S31A6_HUMAN:sp|Q8WWX0|ASB5_HUMAN:sp|P11766|ADHX_HUMAN:sp|Q9UKX2|MYH2_HUMAN:sp|Q01082|SPTB2_HUMAN:sp|Q9BVV7|TIM21_HUMAN:sp|P11464|PSG1_HUMAN:sp|Q8TBM8|DJB14_HUMAN:sp|Q9UKX3|MYH13_HUMAN:sp|Q6PIS1|S23A3_HUMAN:sp|Q9Y2E4|DIP2C_HUMAN:sp|Q8IX18|DHX40_HUMAN:sp|P43088|PF2R_HUMAN:sp|Q6NUK1|SCMC1_HUMAN:sp|P12882|MYH1_HUMAN:sp|Q7Z401|MYCPP_HUMAN:sp|A6NHX0|CAST2_HUMAN:sp|Q99678|GPR20_HUMAN:sp|Q96J65|MRP9_HUMAN:sp|P25090|FPR2_HUMAN:sp|Q96CT2|KLH29_HUMAN:sp|Q969S0|S35B4_HUMAN:sp|P24043|LAMA2_HUMAN:sp|Q8IVL5|P3H2_HUMAN:sp|Q9BWV1|BOC_HUMAN:sp|P13473|LAMP2_HUMAN:sp|Q96KS9|F167A_HUMAN:sp|Q9BV73|CP250_HUMAN:sp|Q16760|DGKD_HUMAN:sp|Q5VU36|S31A5_HUMAN:sp|O00507|USP9Y_HUMAN:sp|Q5TZJ5|S31A1_HUMAN:sp|P54578|UBP14_HUMAN:sp|O95714|HERC2_HUMAN:sp|Q9UKJ1|PILRA_HUMAN:sp|Q13510|ASAH1_HUMAN:sp|P0CG08|GPHRB_HUMAN:sp|Q9H5U6|ZCHC4_HUMAN:sp|P13533|MYH6_HUMAN:sp|Q9H7D7|WDR26_HUMAN:sp|Q9Y336|SIGL9_HUMAN:sp|Q8WXE0|CSKI2_HUMAN:sp|Q8NEG7|DEN6B_HUMAN:sp|A4D256|CC14C_HUMAN:sp|O95859|TSN12_HUMAN:sp|P26006|ITA3_HUMAN:sp|O43520|AT8B1_HUMAN:sp|A7E2Y1|MYH7B_HUMAN:sp|Q9NZU5|LMCD1_HUMAN:sp|Q96PM9|Z385A_HUMAN:sp|Q8N7R0|NANG2_HUMAN:sp|Q9NR19|ACSA_HUMAN:sp|P41002|CCNF_HUMAN:sp|O94915|FRYL_HUMAN:sp|P22105|TENX_HUMAN:sp|O60266|ADCY3_HUMAN:sp|Q5SZJ8|BEND6_HUMAN:sp|Q5TGY1|TMCO4_HUMAN:sp|Q8WXD9|CSKI1_HUMAN:sp|Q8TDF5|NETO1_HUMAN:sp|Q9H6K1|ILRUN_HUMAN:sp|Q9UH99|SUN2_HUMAN:sp|Q8IWB4|S31A7_HUMAN:sp|Q9Y623|MYH4_HUMAN:sp|Q9BXD5|NPL_HUMAN:sp|Q9Y421|FA32A_HUMAN:sp|Q9BX10|GTPB2_HUMAN:sp|P12883|MYH7_HUMAN:sp|O95153|RIMB1_HUMAN:sp|P13535|MYH8_HUMAN:sp|Q01851|PO4F1_HUMAN:sp|Q9NR09|BIRC6_HUMAN:sp|P04233|HG2A_HUMAN,DeepNovo
W(+42.01)VTRKLGLK,26.64,1141.6971,9,66.7,9,-2.9,381.57187,3,32.6720,1.6720,0.12,12450,HFX193_IPP292_GEL_CRC_324_Odd.raw,1.76E5,1.62E6,1,1,1,1,"Acetylation (N-term)",,5 0 0 0 3 17 6 6 5,W(+42.01)VTRKLGLK,sp|O94769|ECM2_HUMAN:sp|Q96GR2|ACBG1_HUMAN:sp|Q92834|RPGR_HUMAN:sp|C9JQI7|TM232_HUMAN:sp|Q9BZD4|NUF2_HUMAN:sp|Q8TBZ2|MYBPP_HUMAN:sp|Q9Y233|PDE10_HUMAN:sp|P16401|H15_HUMAN:sp|Q96NH3|BROMI_HUMAN:sp|O43290|SNUT1_HUMAN:sp|P11712|CP2C9_HUMAN:sp|P42898|MTHR_HUMAN:sp|O15020|SPTN2_HUMAN:sp|Q09666|AHNK_HUMAN:sp|Q96R06|SPAG5_HUMAN:sp|Q6P3S1|DEN1B_HUMAN:sp|Q96BJ3|AIDA_HUMAN:sp|P10412|H14_HUMAN:sp|Q96BN8|OTUL_HUMAN:sp|Q8IW92|GLBL2_HUMAN:sp|F8W0I5|NPB12_HUMAN:sp|Q8NBF2|NHLC2_HUMAN:sp|Q9UBT7|CTNL1_HUMAN:sp|Q0VDD8|DYH14_HUMAN:sp|Q92831|KAT2B_HUMAN:sp|Q9UM22|EPDR1_HUMAN:sp|Q9Y5W7|SNX14_HUMAN:sp|P13521|SCG2_HUMAN:sp|P84085|ARF5_HUMAN:sp|Q9P2H5|UBP35_HUMAN:sp|Q8TBB1|LNX1_HUMAN:sp|Q92617|NPIB3_HUMAN:sp|Q9NX05|F120C_HUMAN:PHF2_DEL_A-p.K492Rfs*6_::chr9:93659830-93660830_frame=-1:sp|Q96N23|CFA54_HUMAN:sp|P41440|S19A1_HUMAN:sp|Q9NPP4|NLRC4_HUMAN:sp|P11511|CP19A_HUMAN:sp|P56703|WNT3_HUMAN:sp|P53582|MAP11_HUMAN:sp|O60673|REV3L_HUMAN:sp|P50336|PPOX_HUMAN:sp|Q9Y2F5|ICE1_HUMAN:sp|Q9NQI0|DDX4_HUMAN:sp|Q9Y4D7|PLXD1_HUMAN:sp|Q9Y330|ZBT12_HUMAN:sp|Q8N448|LNX2_HUMAN:sp|Q15417|CNN3_HUMAN:sp|O00584|RNT2_HUMAN:sp|F8W1W9|NPIB9_HUMAN:sp|Q96DN6|MBD6_HUMAN:sp|Q96DT5|DYH11_HUMAN:sp|A6NJ64|NPIB2_HUMAN:WDR55_DEL_A-p.K341Rfs*8_::chr5:140669017-140670017_frame=2:sp|Q86WG5|MTMRD_HUMAN:sp|Q96CN5|LRC45_HUMAN:sp|O94760|DDAH1_HUMAN:sp|P19404|NDUV2_HUMAN:sp|Q5T7V8|GORAB_HUMAN:sp|Q6ZMZ3|SYNE3_HUMAN:sp|Q6ZUB1|S31E1_HUMAN:sp|P16402|H13_HUMAN:sp|Q9UBT2|SAE2_HUMAN:sp|Q8WWI1|LMO7_HUMAN:sp|Q6JQN1|ACD10_HUMAN:sp|P16403|H12_HUMAN:sp|Q8TEQ8|PIGO_HUMAN:sp|Q9BX26|SYCP2_HUMAN:sp|Q8WXH0|SYNE2_HUMAN:sp|Q9C091|GRB1L_HUMAN:sp|O94973|AP2A2_HUMAN:sp|A6NJU9|NPB13_HUMAN:sp|Q7Z333|SETX_HUMAN:sp|O94851|MICA2_HUMAN:sp|Q14236|EPAG_HUMAN:sp|E9PQR5|NPIB8_HUMAN:sp|Q9P2K8|E2AK4_HUMAN:sp|P41217|OX2G_HUMAN:sp|Q14746|COG2_HUMAN:sp|Q2M3T9|HYAL4_HUMAN:sp|P17655|CAN2_HUMAN:sp|P18085|ARF4_HUMAN:sp|P57768|SNX16_HUMAN:sp|Q86YS7|C2CD5_HUMAN:sp|P78344|IF4G2_HUMAN:sp|Q9NYZ3|GTSE1_HUMAN:sp|P56704|WNT3A_HUMAN:sp|Q15047|SETB1_HUMAN:sp|E5RHQ5|NPB11_HUMAN:sp|Q6NXP6|NXRD1_HUMAN:sp|Q96QF7|GCNA_HUMAN:sp|Q9NZU5|LMCD1_HUMAN:sp|Q9UBZ9|REV1_HUMAN:sp|Q02539|H11_HUMAN:sp|Q8IY33|MILK2_HUMAN:sp|E9PJ23|NPIB6_HUMAN:sp|Q9NZJ4|SACS_HUMAN:sp|Q9BPW5|RSLBB_HUMAN:sp|A6NHN6|NPB15_HUMAN:sp|Q8N6K0|TEX29_HUMAN:sp|P49915|GUAA_HUMAN:sp|P08697|A2AP_HUMAN:sp|Q86UT6|NLRX1_HUMAN:sp|P00390|GSHR_HUMAN:sp|Q7L273|KCTD9_HUMAN:sp|Q8TCY9|URGCP_HUMAN:sp|A6NMT0|DBX1_HUMAN:sp|Q8IZK6|MCLN2_HUMAN:sp|Q7Z7B0|FLIP1_HUMAN:sp|Q9UJ83|HACL1_HUMAN:sp|A8MRT5|NPIB5_HUMAN:sp|A6NFE2|SMCO2_HUMAN:sp|Q9NR48|ASH1L_HUMAN:sp|Q99259|DCE1_HUMAN:sp|Q9NQC7|CYLD_HUMAN:sp|Q9BYK8|HELZ2_HUMAN:sp|Q8IZC6|CORA1_HUMAN:sp|Q9NR09|BIRC6_HUMAN:CCDC178_DEL_TT-p.K291Nfs*11_::chr18:33332679-33333680_frame=3:sp|Q96T75|DSCR8_HUMAN,DeepNovo
W(+42.01)YGKPVHHFGPPLK,67.90,1703.8936,14,57.1,14,-2.0,568.97064,3,28.0515,-10.4485,0.28,10529,HFX193_IPP292_GEL_CRC_324_Even.raw,4.53E5,2.8E6,2,2,1,1,"Acetylation (N-term)",,5 18 4 4 0 0 7 16 0 0 0 0 2 5,W(+42.01)YGKPVHHFGPPLK,sp|O00212|RHOD_HUMAN:sp|P40394|ADH7_HUMAN:sp|P0C0L4|CO4A_HUMAN:sp|O75064|DEN4B_HUMAN:sp|Q96KQ4|ASPP1_HUMAN:sp|Q5JTH9|RRP12_HUMAN:sp|Q9BRN9|TM2D3_HUMAN:sp|Q8WXI2|CNKR2_HUMAN:sp|P61313|RL15_HUMAN:sp|Q9BYT9|ANO3_HUMAN:sp|Q99698|LYST_HUMAN:sp|P0C0L5|CO4B_HUMAN:sp|Q13625|ASPP2_HUMAN:sp|Q7Z3D6|GLUCM_HUMAN:sp|P20742|PZP_HUMAN:sp|Q53GD3|CTL4_HUMAN:sp|A8MZ36|EVPLL_HUMAN:sp|Q13555|KCC2G_HUMAN:sp|Q8N3R9|PALS1_HUMAN:sp|O75382|TRIM3_HUMAN:sp|Q6YHK3|CD109_HUMAN:sp|O60307|MAST3_HUMAN:sp|P01023|A2MG_HUMAN:sp|O14936|CSKP_HUMAN:sp|Q6P0Q8|MAST2_HUMAN:sp|Q9BYZ2|LDH6B_HUMAN:sp|Q8N157|AHI1_HUMAN:sp|Q9Y2H9|MAST1_HUMAN:sp|P04180|LCAT_HUMAN:sp|Q9UQM7|KCC2A_HUMAN:sp|Q9NRL3|STRN4_HUMAN:sp|Q13557|KCC2D_HUMAN:sp|Q13554|KCC2B_HUMAN:sp|Q8IVW4|CDKL3_HUMAN:sp|O00470|MEIS1_HUMAN:sp|O15021|MAST4_HUMAN:sp|Q9BVV6|TALD3_HUMAN,DeepNovo
Y(+42.01)GFLSSKRPR,43.21,1251.6724,10,70.0,10,-1.1,418.23096,3,31.4210,-7.9790,0.01,11932,HFX193_IPP292_GEL_CRC_324_Even.raw,1.05E5,1.42E6,1,1,1,1,"Acetylation (N-term)",,5 24 24 28 9 3 0 0 0 4,Y(+42.01)GFLSSKRPR,sp|P22413|ENPP1_HUMAN:sp|Q96NL1|TMM74_HUMAN:sp|P35568|IRS1_HUMAN:sp|P78543|BTG2_HUMAN:sp|Q9ULS5|TMCC3_HUMAN:sp|P42694|HELZ_HUMAN:sp|Q9H7T0|CTSRB_HUMAN:sp|Q8NGP8|OR5M1_HUMAN:sp|Q96K83|ZN521_HUMAN:sp|Q6ZVL8|YP033_HUMAN:sp|P32745|SSR3_HUMAN:sp|Q14246|AGRE1_HUMAN:sp|Q7LBC6|KDM3B_HUMAN:sp|C9JN71|ZN878_HUMAN:sp|Q86WB7|UN93A_HUMAN:sp|P05165|PCCA_HUMAN:sp|A4D1P6|WDR91_HUMAN:sp|Q8NAT2|TDRD5_HUMAN:sp|P11498|PYC_HUMAN:sp|P01266|THYG_HUMAN:sp|Q8NGJ0|OR5A1_HUMAN:sp|Q5TEA6|SE1L2_HUMAN:sp|Q6P2S7|TTC41_HUMAN:sp|P30872|SSR1_HUMAN:sp|P31391|SSR4_HUMAN:sp|Q13018|PLA2R_HUMAN:sp|Q9Y6Y8|S23IP_HUMAN:sp|Q3KP22|MAJIN_HUMAN:sp|Q13607|OR2F1_HUMAN:sp|Q14916|NPT1_HUMAN:sp|O43572|AKA10_HUMAN:sp|Q9P2P1|NYNRI_HUMAN:sp|Q4G0P3|HYDIN_HUMAN:sp|O95500|CLD14_HUMAN:sp|Q8NGI9|OR5A2_HUMAN:sp|P17735|ATTY_HUMAN:sp|Q6NUT3|MFS12_HUMAN:sp|Q9NQV6|PRD10_HUMAN:sp|Q14966|ZN638_HUMAN:sp|Q93075|TATD2_HUMAN:sp|P35346|SSR5_HUMAN:sp|Q9NRA2|S17A5_HUMAN:sp|Q9C0K1|S39A8_HUMAN,DeepNovo
Y(+42.01)GHGM(+15.99)YSLL,30.78,1097.4852,9,77.8,9,1.0,549.75043,2,60.6688,-12.1312,0.83,23597,HFX193_IPP292_GEL_CRC_324_Even.raw,3.99E7,1.94E8,5,5,4,4,"Acetylation (N-term);Oxidation (M)",,0 0 2 2 7 8 8 8 5,Y(+42.01)GHGM(+15.99)YSLL,sp|P01024|CO3_HUMAN:sp|O75155|CAND2_HUMAN:sp|Q9UNY4|TTF2_HUMAN:sp|O60806|TBX19_HUMAN:sp|O94923|GLCE_HUMAN:sp|P31350|RIR2_HUMAN:sp|P41225|SOX3_HUMAN:sp|Q7LG56|RIR2B_HUMAN:sp|Q8NGC0|O5AU1_HUMAN:sp|Q9UHW5|GPN3_HUMAN:sp|P32248|CCR7_HUMAN:sp|Q9BVV6|TALD3_HUMAN,DeepNovo
Y(+42.01)GHRKLLTL,29.70,1141.6608,9,55.6,9,1.3,381.56134,3,44.0346,-5.3654,0.25,17043,HFX193_IPP292_GEL_CRC_324_Even.raw,2.7E5,2.26E6,1,1,1,1,"Acetylation (N-term)",,0 0 2 2 1 1 6 6 5,Y(+42.01)GHRKLLTL,,DeepNovo
Y(+42.01)KHFSPHF,28.85,1103.5188,8,62.5,8,4.0,552.76892,2,46.6568,10.8568,0.54,18058,HFX193_IPP292_GEL_CRC_324_Odd.raw,1.46E8,8.1E8,4,4,4,4,"Acetylation (N-term)",,0 0 26 2 2 1 3 5,Y(+42.01)KHFSPHF,,DeepNovo
Y(+42.01)M(+15.99)PKYLRLKKRAGK,70.90,1809.0447,14,35.7,14,-2.1,453.26749,4,21.0465,13.4465,0.05,7733,HFX193_IPP292_GEL_CRC_324_Odd.raw,1.32E6,9.7E6,1,1,1,1,"Acetylation (N-term);Oxidation (M)",,0 0 0 66 2 0 0 3 5 2 0 0 1 1,Y(+42.01)M(+15.99)PKYLRLKKRAGK,sp|P54284|CACB3_HUMAN:sp|P0C7W6|CC172_HUMAN:sp|Q8N371|KDM8_HUMAN:sp|O75324|SNN_HUMAN:sp|O95819|M4K4_HUMAN:sp|Q86TI2|DPP9_HUMAN:sp|P41252|SYIC_HUMAN:sp|Q5VT06|CE350_HUMAN:sp|P46937|YAP1_HUMAN:sp|Q6P2P2|ANM9_HUMAN:sp|P51817|PRKX_HUMAN:sp|Q5SR53|CA200_HUMAN:sp|Q7Z5P4|DHB13_HUMAN:sp|Q6DKI1|RL7L_HUMAN:sp|Q7L945|ZN627_HUMAN:sp|Q9UN66|PCDB8_HUMAN:sp|P11055|MYH3_HUMAN:sp|Q4VCS5|AMOT_HUMAN:sp|Q96NS5|ASB16_HUMAN:sp|Q96G27|WBP1_HUMAN:sp|Q9P225|DYH2_HUMAN:sp|Q86WI3|NLRC5_HUMAN:sp|Q14241|ELOA1_HUMAN:sp|Q7Z553|MDGA2_HUMAN:sp|O95835|LATS1_HUMAN:sp|Q92750|TAF4B_HUMAN:sp|Q13769|THOC5_HUMAN:sp|Q9Y4B5|MTCL1_HUMAN:sp|O95139|NDUB6_HUMAN:sp|P62424|RL7A_HUMAN:sp|P49768|PSN1_HUMAN:sp|Q53GS7|GLE1_HUMAN:sp|Q9UL12|SARDH_HUMAN:sp|Q9UPT8|ZC3H4_HUMAN:sp|Q9HCE9|ANO8_HUMAN:sp|Q12788|TBL3_HUMAN:sp|P51587|BRCA2_HUMAN:sp|Q2WGJ9|FR1L6_HUMAN:sp|Q8TDF6|GRP4_HUMAN:sp|Q8IZQ8|MYCD_HUMAN:sp|P61966|AP1S1_HUMAN:sp|Q96N23|CFA54_HUMAN:sp|Q9H0U9|TSYL1_HUMAN:sp|Q5VYM1|CI131_HUMAN:sp|Q8IZ52|CHSS2_HUMAN:sp|Q9Y6N9|USH1C_HUMAN:sp|Q13009|TIAM1_HUMAN:sp|Q8IY17|PLPL6_HUMAN:sp|Q8N2K1|UB2J2_HUMAN:sp|Q13813|SPTN1_HUMAN:sp|Q9Y228|T3JAM_HUMAN:sp|Q08493|PDE4C_HUMAN:sp|Q14847|LASP1_HUMAN:sp|Q9Y4Z0|LSM4_HUMAN:sp|Q9NZ56|FMN2_HUMAN:sp|P56182|RRP1_HUMAN:sp|Q96DT5|DYH11_HUMAN:DNAH12_DEL_T-p.G93Dfs*7_::chr3:57523086-57524086_frame=-1:sp|Q86XH1|DRC11_HUMAN:sp|Q8NER5|ACV1C_HUMAN:sp|Q96KN7|RPGR1_HUMAN:sp|P84098|RL19_HUMAN:sp|Q6P9F0|CCD62_HUMAN:sp|Q02040|AK17A_HUMAN:sp|Q9HCK4|ROBO2_HUMAN:sp|Q9H816|DCR1B_HUMAN:sp|Q8N8L2|ZN491_HUMAN:sp|Q9H1B5|XYLT2_HUMAN:sp|Q9Y4I1|MYO5A_HUMAN:sp|Q8WX94|NALP7_HUMAN:sp|Q8TF61|FBX41_HUMAN:sp|Q3YBR2|TBRG1_HUMAN:sp|Q5JV73|FRPD3_HUMAN:sp|Q9UBC5|MYO1A_HUMAN:sp|Q8N9H8|MUT7_HUMAN:sp|Q0VF96|CGNL1_HUMAN:sp|Q13952|NFYC_HUMAN:sp|O95714|HERC2_HUMAN:sp|P17540|KCRS_HUMAN:sp|P06737|PYGL_HUMAN:sp|O15371|EIF3D_HUMAN:sp|Q9P217|ZSWM5_HUMAN:sp|O94779|CNTN5_HUMAN:sp|Q9Y3P4|RHBD3_HUMAN:sp|Q8N3U4|STAG2_HUMAN:sp|A8MUV8|ZN727_HUMAN:sp|Q8NEE6|DRC6_HUMAN:sp|Q7Z3G6|PRIC2_HUMAN:sp|Q12864|CAD17_HUMAN:sp|Q6P3X3|TTC27_HUMAN:sp|O43520|AT8B1_HUMAN:sp|P98196|AT11A_HUMAN:sp|Q5T848|GP158_HUMAN:sp|P36897|TGFR1_HUMAN:sp|Q96PF2|TSSK2_HUMAN:sp|Q8TBP0|TBC16_HUMAN:sp|P83436|COG7_HUMAN:sp|C9J1S8|TR49D_HUMAN:sp|O00268|TAF4_HUMAN:sp|P37023|ACVL1_HUMAN:sp|O75182|SIN3B_HUMAN:sp|O14994|SYN3_HUMAN:sp|Q8N4E4|PDCL2_HUMAN:sp|Q9Y623|MYH4_HUMAN:sp|Q7Z3U7|MON2_HUMAN:sp|P27930|IL1R2_HUMAN:sp|Q96N16|JKIP1_HUMAN:sp|Q13133|NR1H3_HUMAN:sp|Q9NQS7|INCE_HUMAN:sp|P13725|ONCM_HUMAN:sp|Q96AY4|TTC28_HUMAN:sp|Q08AM6|VAC14_HUMAN:sp|Q8NCY6|MSD4_HUMAN:sp|Q9H867|MT21D_HUMAN:sp|Q9NWV4|CZIB_HUMAN:sp|Q7Z2W7|TRPM8_HUMAN:sp|Q9ULH7|MRTFB_HUMAN:sp|Q9Y3C0|WASC3_HUMAN:sp|Q2KHM9|MOONR_HUMAN:sp|Q8IWU2|LMTK2_HUMAN,DeepNovo
Y(+42.01)TDVKGHERL,43.59,1258.6306,10,70.0,10,1.8,420.55154,3,28.0869,10.9869,0.45,10549,HFX193_IPP292_GEL_CRC_324_Even.raw,1.43E6,1.18E7,1,1,1,1,"Acetylation (N-term)",,3 0 0 0 11 37 19 7 4 5,Y(+42.01)TDVKGHERL,sp|O43593|HAIR_HUMAN:sp|Q4V348|Z658B_HUMAN:sp|Q5FWF6|ZN789_HUMAN:sp|Q6P1M3|L2GL2_HUMAN:sp|Q9H7R0|ZN442_HUMAN:sp|Q86XU0|ZN677_HUMAN:sp|Q7Z5L2|R3HCL_HUMAN:sp|Q5TYW1|ZN658_HUMAN:sp|Q9BYK8|HELZ2_HUMAN:sp|Q15334|L2GL1_HUMAN:sp|Q9UKC9|FBXL2_HUMAN:sp|Q13347|EIF3I_HUMAN:sp|Q96JC1|VPS39_HUMAN:sp|Q96BU1|S1PBP_HUMAN:sp|Q96PF1|TGM7_HUMAN,DeepNovo
Y(+42.01)TLKKVEKV,25.59,1148.6805,9,66.7,9,2.7,383.90179,3,30.0820,8.1820,0.35,11365,HFX193_IPP292_GEL_CRC_324_Even.raw,1.76E6,1.29E7,1,1,1,1,"Acetylation (N-term)",,0 0 0 11 4 3 3 3 3,Y(+42.01)TLKKVEKV,sp|P07900|HS90A_HUMAN:sp|P43307|SSRA_HUMAN:sp|P98194|AT2C1_HUMAN:sp|Q9Y5Y6|ST14_HUMAN:sp|P50461|CSRP3_HUMAN:sp|Q00526|CDK3_HUMAN:sp|Q58FF7|H90B3_HUMAN:RNF43_DEL_C-p.G659Vfs*41_::chr17:58357300-58358300_frame=1:sp|Q7Z410|TMPS9_HUMAN:sp|Q6ZRG5|YQ015_HUMAN:sp|O00471|EXOC5_HUMAN:sp|Q8TBZ0|CC110_HUMAN:sp|Q8IWZ3|ANKH1_HUMAN:sp|Q9BXT4|TDRD1_HUMAN:sp|Q56NI9|ESCO2_HUMAN:sp|O94804|STK10_HUMAN:sp|Q4VCS5|AMOT_HUMAN:sp|O95696|BRD1_HUMAN:sp|Q96ST8|CEP89_HUMAN:sp|P05814|CASB_HUMAN:sp|Q8IYB1|M21D2_HUMAN:sp|Q5T5X7|BEND3_HUMAN:sp|Q9C0G6|DYH6_HUMAN:sp|Q9NYC9|DYH9_HUMAN:sp|Q9NZI8|IF2B1_HUMAN:sp|P51816|AFF2_HUMAN:sp|Q9UPA5|BSN_HUMAN:sp|O95292|VAPB_HUMAN:sp|Q96QA5|GSDMA_HUMAN:sp|Q99697|PITX2_HUMAN:sp|O00206|TLR4_HUMAN:sp|Q15025|TNIP1_HUMAN:sp|O60741|HCN1_HUMAN:sp|Q96C86|DCPS_HUMAN:sp|O75146|HIP1R_HUMAN:sp|Q9HC77|CENPJ_HUMAN:sp|Q9H9E3|COG4_HUMAN:sp|Q8TDW5|SYTL5_HUMAN:sp|Q52LW3|RHG29_HUMAN:sp|Q9NZN5|ARHGC_HUMAN:sp|Q8NDH2|CC168_HUMAN:sp|O14682|ENC1_HUMAN:sp|Q9UMS5|PHTF1_HUMAN:sp|Q719I0|AHSA2_HUMAN:sp|O95365|ZBT7A_HUMAN:sp|P46020|KPB1_HUMAN:sp|Q86UD5|SL9B2_HUMAN:sp|O14792|HS3S1_HUMAN:sp|P26572|MGAT1_HUMAN:sp|Q86V48|LUZP1_HUMAN:sp|Q8IYE0|CC146_HUMAN:sp|Q9GZS0|DNAI2_HUMAN:sp|P54253|ATX1_HUMAN:sp|Q8NCX0|CC150_HUMAN:sp|Q9BQ51|PD1L2_HUMAN:sp|O15393|TMPS2_HUMAN:sp|Q8N9B5|JMY_HUMAN:sp|P17676|CEBPB_HUMAN:sp|Q14008|CKAP5_HUMAN:sp|O60216|RAD21_HUMAN:sp|Q92771|DDX12_HUMAN:sp|Q00975|CAC1B_HUMAN:sp|P07738|PMGE_HUMAN:sp|Q9H816|DCR1B_HUMAN:sp|Q9UDT6|CLIP2_HUMAN:sp|Q92817|EVPL_HUMAN:sp|O43424|GRID2_HUMAN:sp|O94851|MICA2_HUMAN:sp|Q9NYI0|PSD3_HUMAN:sp|Q9H8W3|F204A_HUMAN:sp|O00401|WASL_HUMAN:sp|Q9P2E3|ZNFX1_HUMAN:sp|Q8WX94|NALP7_HUMAN:sp|Q96JM4|LRIQ1_HUMAN:sp|Q9HCE1|MOV10_HUMAN:sp|Q9BY66|KDM5D_HUMAN:sp|Q8NE28|STKL1_HUMAN:sp|Q674X7|KAZRN_HUMAN:sp|Q8IYM0|F186B_HUMAN:sp|Q9H4B8|DPEP3_HUMAN:sp|O15381|NVL_HUMAN:sp|Q96FC9|DDX11_HUMAN:sp|A8MWX3|WASH4_HUMAN:sp|Q96JA4|M4A14_HUMAN:sp|Q8IXJ9|ASXL1_HUMAN:sp|Q9BRX2|PELO_HUMAN:sp|Q2UY09|COSA1_HUMAN:sp|C4AMC7|WASH3_HUMAN:sp|O14625|CXL11_HUMAN:sp|Q14872|MTF1_HUMAN:sp|P20908|CO5A1_HUMAN:sp|Q9BPX7|CG025_HUMAN:sp|Q6NW34|NEPRO_HUMAN:sp|P16452|EPB42_HUMAN:sp|Q9BY42|RTF2_HUMAN:sp|P14625|ENPL_HUMAN:sp|Q9UBZ9|REV1_HUMAN:sp|Q96C92|ENTR1_HUMAN:sp|P09327|VILI_HUMAN:sp|P24941|CDK2_HUMAN:sp|O75940|SPF30_HUMAN:sp|O15078|CE290_HUMAN:sp|Q9NVP1|DDX18_HUMAN:sp|P29218|IMPA1_HUMAN:sp|Q92540|SMG7_HUMAN:sp|P35998|PRS7_HUMAN:sp|P08908|5HT1A_HUMAN:sp|O75475|PSIP1_HUMAN:sp|Q05D60|DEUP1_HUMAN:sp|O43586|PPIP1_HUMAN:sp|Q9ULD2|MTUS1_HUMAN:sp|O15169|AXIN1_HUMAN:sp|P30307|MPIP3_HUMAN:sp|Q9ULV0|MYO5B_HUMAN:sp|Q9BX97|PLVAP_HUMAN:sp|P52789|HXK2_HUMAN:sp|Q14676|MDC1_HUMAN:sp|P25054|APC_HUMAN:sp|P26374|RAE2_HUMAN:sp|Q01780|EXOSX_HUMAN,DeepNovo
Y(+42.01)WSLPM(+15.99)HK,35.48,1118.5219,8,75.0,8,-1.1,560.26758,2,31.8875,-14.3125,0.48,12067,HFX193_IPP292_GEL_CRC_324_Even.raw,5.48E6,1.66E7,2,2,2,2,"Acetylation (N-term);Oxidation (M)",,4 0 0 8 2 2 8 5,Y(+42.01)WSLPM(+15.99)HK,sp|P36578|RL4_HUMAN,DeepNovo
Y(+42.01)YLAKR,21.13,854.4650,6,66.7,6,-3.6,428.23825,2,30.3553,7.1553,0.49,11472,HFX193_IPP292_GEL_CRC_324_Odd.raw,4.42E4,5.55E5,1,1,1,1,"Acetylation (N-term)",,0 0 6 3 3 5,Y(+42.01)YLAKR,sp|Q96EK5|KBP_HUMAN:sp|Q9P2D8|UNC79_HUMAN:sp|Q96M91|CFA53_HUMAN:sp|Q9NU02|ANKE1_HUMAN:sp|Q9H469|FXL15_HUMAN:sp|P49788|TIG1_HUMAN:sp|P09884|DPOLA_HUMAN:sp|O75916|RGS9_HUMAN:sp|Q86UP3|ZFHX4_HUMAN:sp|Q5TEA6|SE1L2_HUMAN:sp|P45844|ABCG1_HUMAN:sp|Q32MK0|MYLK3_HUMAN:sp|Q5TDP6|LGSN_HUMAN:sp|Q15911|ZFHX3_HUMAN:sp|O14579|COPE_HUMAN:sp|O60231|DHX16_HUMAN:ADD3_DEL_A-p.K701Rfs*8_::chr10:110133092-110134092_frame=2:sp|Q9H172|ABCG4_HUMAN:sp|Q6IWH7|ANO7_HUMAN:sp|Q01432|AMPD3_HUMAN:sp|Q9H6J7|CSTP1_HUMAN:sp|Q9BXJ9|NAA15_HUMAN:sp|A6NHR8|FA47D_HUMAN:sp|Q01433|AMPD2_HUMAN:sp|Q9H1X1|RSPH9_HUMAN:sp|P52179|MYOM1_HUMAN:sp|Q8NB49|AT11C_HUMAN:sp|Q96IP4|TET5A_HUMAN,DeepNovo
